0                         0
0.019153469918087904      3.5094782902175614E-4
0.035184978985276304      6.450495680813103E-4
0.03673454655024136       6.734940048584746E-4
0.04132768492130566       7.578252329082011E-4
0.043509022094748176      7.978845201122881E-4
0.08395237955060197       0.001542073960615788
0.08754763355928599       0.001608278831231642
0.10847392120090042       0.0019938557242151467
0.14294592392238176       0.0026298725917354975
0.14296778520055622       0.0026302762747460835
0.14297522017911252       0.002630413566657009
0.14297940826332484       0.0026304910513802633
0.15063414657472868       0.0027721771367694523
0.15251257117853603       0.0028069655544766784
0.1606471093959438        0.002957163132543618
0.16313691758576862       0.0030031842326205095
0.16949577426442478       0.0031208238992252372
0.17443417330444924       0.003212287909911274
0.19486176185878082       0.003591644861156003
0.20292085456403677       0.0037416733660293766
0.23109458968356167       0.004267778298569966
0.2353831760840756        0.004348082717930603
0.2491276615263143        0.004605843875698413
0.25775771537289005       0.0047679967231594325
0.2815908191379079        0.005217033260079514
0.29415373775747217       0.005454455788591714
0.30414759682058434       0.005643610447440513
0.3145418585093194        0.0058406797101232906
0.3182367560417322        0.00591081543086432
0.3190540195212798        0.0059263343932553746
0.34108820247070937       0.0063472596737172956
0.34575756550554054       0.006436767629049257
0.3480709713388566        0.0064810797996839
0.35923113809927343       0.006695253274387298
0.36538613640771755       0.006813660806626852
0.3685760516540722        0.006875107653371451
0.391669996042752         0.007321601172362623
0.39839429011501615       0.007452148486984124
0.4168689400055797        0.007812077075106966
0.43894833473014033       0.008244933310012317
0.44758039551870143       0.008415087853114402
0.4556918378365389        0.008575454920268958
0.4786213162739168        0.009031270467492126
0.4824331524237009        0.009107402475358073
0.4853753287490514        0.009166213114105202
0.48690147938993833       0.009196741625068717
0.5138996323881632        0.009739349354430084
0.5191480425303974        0.00984571806284496
0.5245100444239582        0.009954581771362464
0.5440861711150254        0.010353279770039357
0.5494308894796919        0.01046266857142367
0.5533942491474225        0.010543933787995544
0.577492114347469         0.011040757421126207
0.5940084941149413        0.011383970474638778
0.6108572012054782        0.011736744832343488
0.6162269831626583        0.01184980021802944
0.6275482759390778        0.012089027999022804
0.6290668002063143        0.012121213070855981
0.6292966584079012        0.012126086916798498
0.6312691843950067        0.012167933495963111
0.6356779242105691        0.012261604294071502
0.6462542197900987        0.012487107021215884
0.6629360547146749        0.012845062190699898
0.6847700795386541        0.013317775722671947
0.7239467587406722        0.014178819595991628
0.7240012089203247        0.014180029686619976
0.7242387194015113        0.014185309965073955
0.7385039043777896        0.01450361194218135
0.743994159836836         0.014626726152035602
0.7493510091305335        0.014747043272239246
0.7659503146995656        0.015122217095838697
0.7829708944282829        0.015510596427680204
0.7922327969182303        0.015723503708376725
0.8048853438242012        0.01601613823193743
0.8212306059847114        0.016397231165727055
0.825704674638256         0.016502144610119982
0.83031426633672          0.016610505532759723
0.8459624517431388        0.016980399261971847
0.8624868079447296        0.01737563861154172
0.8938731012968977        0.01813760384832825
0.8972937425766818        0.018221537465024244
0.9067022789187222        0.01845330138037429
0.9107302903008234        0.018552929741081078
0.9116840857100417        0.018576574733011785
0.9131747560363964        0.018613559408291826
0.9604077385957049        0.019804018930266683
0.966328217108475         0.019955972234459052
0.9834034609333964        0.02039763142519264
1.0036875940415648        0.02092887280638807
1.0136201205718312        0.021191612748673462
1.0243051696400856        0.021475816161361364
1.028080008141617         0.021576820467651376
1.0336137872113895        0.02172545568426182
1.0511296787448643        0.022200365939249074
1.0583190906217732        0.022397246550424348
1.0679382533699997        0.022662443505127375
1.0885147904111676        0.023236564345391314
1.0886392369178979        0.02324006494836262
1.0987895498018716        0.023526733883901533
1.1111815402083365        0.023879123304944662
1.1113535917977195        0.0238840383801504
1.1214856043274708        0.02417516547692639
1.1215230059883448        0.024176244039747212
1.1292319028341762        0.024398063090870666
1.1305974722323213        0.02443768725027585
1.1413495711257615        0.0247512564559888
1.1703829369926817        0.025612187272933257
1.1735104035710648        0.025706192855030813
1.1855223883516446        0.02606953940627058
1.2018521255111476        0.02656885133801294
1.2074258338774073        0.02674081824843745
1.2185463774669716        0.02708626548903069
1.2304720712239712        0.027460191811989793
1.252708399655367         0.02816698999712359
1.2564248624183407        0.028286337571511746
1.264772436560789         0.028555675742783726
1.2726516041201017        0.028811312161124016
1.2788551813657358        0.029014024369218332
1.3057179629717877        0.029906447806508665
1.3233323073659327        0.030504533821843132
1.3288632039419452        0.030694442088041993
1.3554006422732348        0.03161965233393303
1.3586337835718012        0.031733959792346667
1.3644468071019191        0.03194034533214767
1.3818921781710771        0.03256641193288669
1.4116571411448262        0.033657751173021215
1.415283183912202         0.033792696073834165
1.4270886977246433        0.034235776675016066
1.431633097857124         0.03440836899928829
1.4523139376605347        0.03520099097811711
1.4531869296483062        0.03523491118465391
1.4555282731220278        0.03532604810753603
1.459777345490016         0.03549160681293169
1.4803511613764253        0.036305075375287155
1.483571065722388         0.03643396686949807
1.4952674586435037        0.03690576601580331
1.519026145194039         0.037881491689166644
1.5331821686317177        0.0384739197820355
1.5398331567911634        0.038755116218336785
1.5524530500814322        0.03929368562275001
1.5580016003094734        0.03953255528043717
1.579186575065072         0.04045626293549466
1.5960952478599388        0.04120679558159407
1.6077661941167602        0.041733406531699796
1.6124253639576462        0.041945801445559004
1.6368212717593091        0.04307810315673354
1.6488682464142723        0.04364974508154333
1.6554313122393092        0.04396464677376308
1.6887111997566011        0.04559919390683194
1.6969683473633639        0.046014621608460836
1.7030571788236701        0.04632382518670124
1.71319421921106          0.046843367925831346
1.7144218876768613        0.046906692275463395
1.7204208888726478        0.04721738196972091
1.7221809610989052        0.0473088338613224
1.7371593569803316        0.04809396398234362
1.7534103293307723        0.04895969599359311
1.7568456848121081        0.049144558246214484
1.758380382677677         0.04922735177545795
1.7602791180294095        0.04933099120574312
1.7664327900567567        0.049668494075974005
1.7686841712583092        0.04979258936854626
1.7780263943707744        0.05031105825220893
1.8020244426630323        0.051667509328087224
1.8247434463986671        0.05299293185651993
1.8274677438562728        0.05315456194391775
1.8465150649140414        0.05429500125135203
1.8519688480276262        0.05462669020384207
1.882447339517909         0.056522537055614296
1.8858460222648628        0.05673838135691282
1.8969044768886616        0.05744684482791968
1.9010287512595916        0.05771348075060722
1.9400047148295416        0.06029802507120592
1.943596746479927         0.06054236904815674
1.9455135408426205        0.0606733663964978
1.9504299850801672        0.061011304765792466
1.966324048097154         0.06213170593748569
1.9980666123797768        0.06444238039845054
2.0033382225541323        0.06483225103439533
2.039064586096089         0.06755767811265784
2.0496928191590493        0.06839645860591723
2.080511368749318         0.07090123751066535
2.0818513461689037        0.07101259270550998
2.0887465774766487        0.07158882868428457
2.131363012518652         0.07527018441257464
2.141477622416932         0.07618648161722844
2.147106815355359         0.07670172134486317
2.151776678615554         0.07713202064929045
2.1639266997289677        0.0782635873074995
2.1956282440063988        0.08132441333841635
2.200984616651958         0.08185705185667663
2.2097562731895484        0.08273896733423743
2.211314092513404         0.08289602514091068
2.223196607603156         0.08410787285332919
2.2288985426569594        0.08469809343028692
2.3001693605899436        0.09253329357830731
2.308011444515115         0.09345718866360136
2.3266983317586636        0.09570809509705609
2.335400196497943         0.0967780882799898
2.3591932373638844        0.09976482526534566
2.3835569550815627        0.10291593840118952
2.3890481434711663        0.10363933804619913
2.4132348338539154        0.10693058966100968
2.415383108934395         0.10723119127770413
2.432505455717421         0.10967530700570081
2.4747242116909796        0.1160680486850105
2.4785532766765357        0.11667362048615458
2.4788742295207795        0.11672457433569386
2.47937584669456          0.1168042704244972
2.4815220937059266        0.11714489725914286
2.4820734706049885        0.11723260309541653
2.4837368724214666        0.11749768535920724
2.484649147944716         0.11764337952804303
2.507509243449853         0.12132151619740057
2.530059904574522         0.12506203646227346
2.531440838979397         0.12530168618569854
2.582850711501756         0.13458755928811222
2.583832388474389         0.1347707913240958
2.604450218034154         0.1386514516047551
2.608997591823881         0.1395312909958005
2.6262094939294967        0.14293984649268868
2.6479373478138415        0.14741970851222125
2.669510496854261         0.15206308595515994
2.6859645578127287        0.15573552794879347
2.697354572807282         0.15834405047296524
2.7105400192686924        0.1614315453709252
2.7345707756743676        0.16724565609193395
2.7477259589550553        0.17041131437788323
2.7532466163067237        0.1718222566917032
2.7752124009725962        0.17755685470313512
2.7870262919226603        0.18072087579282045
2.794805379939624         0.1827791419842242
2.7962594948765576        0.18316748561078436
2.801754683187691         0.1846452986905268
2.8280105342303328        0.19192976809890314
2.8317439771534856        0.19299560103953678
2.8393263724251288        0.19518324814559407
2.8430188752080414        0.19625975926342662
2.874125411679359         0.20559319699699416
2.8769005611269223        0.20643683690994374
2.884375233558001         0.20871805550795666
2.907380069677589         0.21582072892426507
2.9166265750791065        0.21849200176897654
2.9224407976237083        0.22021806710857064
2.9244093437491623        0.22081058018233213
2.92959366951123          0.2225472394883675
2.942165992486757         0.2267686296953531
2.9772123992888457        0.23860996715127047
2.980453267336795         0.23971732044781946
2.984671892406613         0.24116552790194387
2.9910171895374384        0.24335821922981205
3.0274895173559173        0.2562976254655477
3.031343205498044         0.257698243860226
3.0426930931605685        0.2618604706827108
3.06213965830883          0.2691207498544405
3.0818702825405526        0.2766533789529539
3.095521951524927         0.28199314703223305
3.0986917447593156        0.28324456797985753
3.1030473163525745        0.2849712448565614
3.1132441961041195        0.2885951705807192
3.1735445245462746        0.30893281155706925
3.175048321386677         0.30941610805725495
3.192058545166168         0.314801964653272
3.196377872185826         0.31614588601873567
3.230329967035029         0.32587318790676173
3.2329249161305835        0.32660923412650417
3.240165624717352         0.3286574666754897
3.2521187311083315        0.3320208071136296
3.258343611358918         0.3337635113390562
3.2662307677822304        0.3359628877897135
3.27751661975106          0.33909310503955364
3.2849597883656534        0.34124631943414285
3.2882299910461956        0.3421771878195862
3.311484626486865         0.3479903996285853
3.323792263664079         0.3504853995979293
3.327270774000687         0.3511283834751997
3.330378639083461         0.35167273688458256
3.3311856745401593        0.3518094431603008
3.3318022320703466        0.351912592302934
3.347400525026355         0.3541500135951797
3.3484973279725683        0.35428039622078056
3.362999811905404         0.35567151136069636
3.3656463606437548        0.3558585949583696
3.3658635613142835        0.35587303358116207
3.374692792882858         0.35634244090569867
3.3803771600000876        0.3565232605771111
3.389585391520012         0.35649865048139096
3.4007471465501635        0.3562146081095796
3.411050254735726         0.35615810528083786
3.4298936152243193        0.3556136394700686
3.438132957416487         0.3555597126326831
3.4410376737541317        0.3551209339602464
3.4439317701477186        0.35467422728678855
3.4458026269049458        0.3544722701133328
3.474479759131316         0.35037281964832784
3.474656602373812         0.35034169281328037
3.4749246954281623        0.35029436808057346
3.4766510809571396        0.34998567503660216
3.5246991400590857        0.338962077505791
3.5267146886265284        0.3383795840204789
3.5296415483227968        0.3375165086558686
3.5366933686890616        0.33535332896880105
3.5414637355199337        0.33382288947531313
3.5558222850626837        0.3288895222611067
3.567125479900829         0.32466077970605134
3.5713921130630455        0.3229855032959634
3.5845151447337407        0.3175612529641996
3.5990400182523405        0.3109907358470561
3.606647776492033         0.30738193129265745
3.638696032295011         0.2909165467612726
3.675685801898152         0.26937450739390223
3.678365398357231         0.2677083299939802
3.6962845223696728        0.2561993682623352
3.7000346165743987        0.25372313120380446
3.7011544616669845        0.25297435691762526
3.7019568085177177        0.2524370231976196
3.7326118219168305        0.23053815897999905
3.737473180085148         0.22696124404355558
3.7663938310213734        0.20509262351581248
3.7809677692189694        0.19369010056392902
3.790244278056525         0.18629880319867326
3.8578667264397213        0.1292826499552251
3.859978729920221         0.1274130797262571
3.861173293890312         0.12635325547738593
3.8683890184725453        0.11981874476597168
3.8823397465009015        0.10694368465908664
3.9297144987357506        0.06447079052540741
3.94014158568097          0.0547160490133053
3.954438028049476         0.04139356681613386
3.964053964226292         0.0324585498389776
3.965060252161778         0.031524719128209956
3.966372947489716         0.03030688559561854
3.990085727635269         0.008546749798565186
4.011742591789236         -0.011226913248021716
4.018449839724229         -0.017331590068991053
4.039417161732908         -0.03635626426298439
4.069718916780706         -0.06369264707277893
4.0715517762532345        -0.06534015484958944
4.072500853840543         -0.06618346021970062
4.084158041284708         -0.07656075582092396
4.0859542144440315        -0.0781628884419572
4.088414745761789         -0.0803732086367897
4.0972508358042425        -0.08826479182425413
4.098901214348032         -0.08973078852249528
4.129324640699389         -0.11630592947894457
4.133542052405816         -0.12000024000700885
4.135490637563079         -0.12170531069735914
4.1360040043379405        -0.12215433018806225
4.162584132192163         -0.14529346623928574
4.1776350998777305        -0.15830084088944307
4.195486334188625         -0.17363909012133066
4.196341665539422         -0.17432510685741565
4.19986685080042          -0.17715241191976064
4.224572554079304         -0.19696431088066732
4.235799740532611         -0.2060369533171152
4.239150554298155         -0.20878303790763392
4.272247380149594         -0.2340312034858477
4.279531070307498         -0.23907442423773032
4.291137224454836         -0.24689737336751916
4.302433021410677         -0.2542596289500322
4.314291472281802         -0.2617216669063134
4.3513790479818555        -0.28367240783649916
4.376893868694748         -0.29756011770789437
4.383990635168178         -0.30124704981255024
4.422958540722416         -0.3201279673312674
4.438216080782654         -0.3268920409528413
4.459439530527978         -0.33497336918634324
4.4614612652728525        -0.335703669320981
4.499092660760452         -0.34767754749759766
4.501175483953679         -0.34819849829363914
4.510078896946296         -0.3502577421371912
4.540559301375131         -0.3552498970260646
4.551873118006568         -0.35629242424947133
4.5773376846301534        -0.35680067832092055
4.5862344887108435        -0.356444196563012
4.5940677717669605        -0.35609433205932617
4.597911858820938         -0.35587489138135564
4.619497401004732         -0.3546982544160907
4.629243844960481         -0.35396975495314426
4.633727693515264         -0.3535934016793971
4.68455871073344          -0.34751103264770017
4.692439235605456         -0.3462692547158066
4.703043466331538         -0.3444716964760941
4.7068193169958805        -0.343557627392222
4.740068892116823         -0.3350548124577616
4.75732676430148          -0.3303202999805493
4.7616203831494515        -0.32910829237428124
4.7685408507667955        -0.3271261764136635
4.787865079095337         -0.3214045641778182
4.796113615786874         -0.3188784859844818
4.820197299967365         -0.3112160158598062
4.823774052021486         -0.31004157774932445
4.8562769262793335        -0.29809937713171963
4.863679095095311         -0.29527738970109385
4.870283714634704         -0.2929899799406138
4.88488677213716          -0.28790971735190196
4.893549820923344         -0.28488114299689693
4.8954431595394095        -0.2842177718627616
4.92106805324204          -0.2747898599773649
4.962917807149082         -0.25970305334905414
4.969188981845514         -0.2574754879904633
4.969923056311298         -0.25721530512696333
4.97265234707783          -0.256248984139383
4.975844422227923         -0.2551208904459355
4.9795414616576315        -0.25382390561676565
4.985380804800637         -0.25178243294623415
5.028696798592299         -0.2369091683587946
5.03056171615537          -0.23627951414029524
5.042839436502591         -0.23203215592436466
5.056283347794088         -0.22741884027238715
5.060815890593321         -0.22587231562713525
5.063120798126783         -0.22508757838728102
5.079888855895063         -0.21953825303357744
5.0799365750715255        -0.21952265406460697
5.08000662503868          -0.21949975735076824
5.131584580936189         -0.20328326855621698
5.162952752529907         -0.19404834122707326
5.17364860667055          -0.19100793358067195
5.185246907560874         -0.18777335286220465
5.193074421825738         -0.18575336103927628
5.195160052959074         -0.18518453720659045
5.204761171847473         -0.18258741557281177
5.211970301878673         -0.1806604834307075
5.235938261740417         -0.1744278404142884
5.2390868058838915        -0.17362206261999633
5.2466420233520825        -0.17170081227316417
5.261899097028215         -0.16787390184057768
5.281396199688781         -0.16308642074585838
5.286084744840806         -0.1619616323904277
5.298922907451042         -0.15892742973247198
5.310052331673484         -0.15635123900270656
5.317600090506506         -0.15463274172819147
5.327482206607102         -0.1524217909824336
5.331656754390826         -0.15150204267462142
5.334720957122915         -0.15083262425983313
5.342858872247422         -0.14907090354027228
5.358033896573281         -0.1459176448693737
5.376563852811504         -0.14215766964133986
5.3931462189692425        -0.13887717556311358
5.430013100677618         -0.13186905197275975
5.432439504190871         -0.13142161263371313
5.435735402234926         -0.1308205469100843
5.447271010723241         -0.12874566525876888
5.451178828997            -0.12805294924559252
5.466603030012569         -0.12536905834685674
5.480926831019934         -0.12294847452231647
5.484675722718295         -0.12232636966782272
5.486327790955625         -0.12205372357674807
5.487664013137099         -0.12183387570246462
5.501254811623947         -0.11963198877887268
5.503075665687404         -0.11933883415301684
5.509802335672384         -0.11826348861365202
5.5102114115261855        -0.11819848028862916
5.510987575557849         -0.11807525831670207
5.519232960069832         -0.11677612180412075
5.519793833485398         -0.11668840712753531
5.530418736651512         -0.11504257200988528
5.540349733957201         -0.11353134296495687
5.540659895079957         -0.1134845667827957
5.542110656020566         -0.11326870731294746
5.544199448663358         -0.1129586511909511
5.581555602278694         -0.10756034810686449
5.5921463483447225        -0.10608046767872141
5.610815942833815         -0.10352611445071103
5.611939191826137         -0.10337465378912161
5.614685315424708         -0.10300555145949512
5.654013807114152         -0.09790467519736647
5.665731374384151         -0.09645186215367664
5.684375931761445         -0.09422957543087856
5.703603402728357         -0.09194823425854498
5.709088190032018         -0.09130822310947674
5.72419746249811          -0.08957762245620214
5.73801422352102          -0.08805195078511699
5.738746966033572         -0.08797188496758707
5.739614546743588         -0.08787719559358752
5.750549634510419         -0.08669911185368599
5.776996891036933         -0.08392720914506156
5.790863737384111         -0.08251759297929721
5.793085770532377         -0.08229451292212159
5.81256353736907          -0.08037212889890402
5.827269198760597         -0.07896007501973075
5.844022153839234         -0.07739268306921056
5.864939733394776         -0.0754795159750997
5.869727397022789         -0.07504929002018618
5.874152510118046         -0.07465418216873258
5.894181781752769         -0.07290328218171084
5.894555662124822         -0.07287107863458508
5.900450514678301         -0.07236566067815636
5.93391299238031          -0.06957949109016152
5.94940293368894          -0.06833747016550872
5.965544803406964         -0.06706580980110867
5.9762576083455565        -0.06623840388185383
5.98633674496079          -0.06547038279953513
5.992654889382782         -0.06499410867244497
6.0023700915739155        -0.06426925606357659
6.039981052866675         -0.06155488881246083
6.046625534752729         -0.06109052344159684
6.051129645760408         -0.06078009509346861
6.05890582282801          -0.060247705018565766
6.0630058810262035        -0.05996880920390665
6.07188608281482          -0.059370468439254795
6.078143051885125         -0.058952537223033855
6.086583773735011         -0.05839353505822851
6.095177061080733         -0.057830082793341335
6.099468200220142         -0.05755085310892872
6.106031960869145         -0.05712784912898828
6.11181944697176          -0.05675775834687251
6.138912647559338         -0.055061202010184565
6.1579667466840124        -0.05390354720873937
6.181191559379016         -0.05253213772870776
6.184342850102848         -0.05234941181354784
6.184605751874708         -0.052334203832042854
6.209925318532331         -0.05087961810322452
6.22116950154298          -0.05024804057432635
6.222401966760112         -0.050179352134086704
6.225693163122311         -0.04999777487969848
6.253536962437554         -0.048485437661704725
6.2602456258179835        -0.04812742588111079
6.262116221351354         -0.04802804143274374
6.265938623695584         -0.04782555575445206
6.26658171626253          -0.04779156786079554
6.271902400277133         -0.04751170131752337
6.290068773845375         -0.046571589939468735
6.295719451812623         -0.04628310196619355
6.324248776625703         -0.04485424040874315
6.337961877112643         -0.044183868829567936
6.38317983988383          -0.04204896905883143
6.384339628445136         -0.04199573739181026
6.403216775329593         -0.04114005030195128
6.403337460649961         -0.041134624211728234
6.403681647575638         -0.04111915336726077
6.404038717064888         -0.04110310976043213
6.40979787576675          -0.040845228712538394
6.4149775060136065        -0.04061472204742431
6.417744437202023         -0.04049213941241643
6.441849722964112         -0.039440495204743506
6.446544714329302         -0.03923906108810426
6.453917183152754         -0.038924360180676645
6.463282211391881         -0.038527437712341614
6.4700480460090555        -0.038242650476279234
6.483609073530318         -0.037677544738420804
6.4923605981777115        -0.037316950372346155
6.517253322850471         -0.03630883545691279
6.52559727566163          -0.035976732038228175
6.527116770245372         -0.035916648636796875
6.530413930083391         -0.03578659288585481
6.534103645368647         -0.035641571601802
6.538583493661659         -0.03546623120190542
6.559012100609893         -0.034676898323754646
6.573845441843009         -0.03411428345355915
6.596098074513167         -0.03328991177124017
6.598639042771626         -0.03319670003400822
6.599970733719368         -0.03314792427928856
6.628546529579883         -0.032113775099188335
6.632438115796478         -0.03197478701555839
6.63921915761293          -0.031733660025876215
6.6635632269175495        -0.030879848961105648
6.666858883105675         -0.030765960755544986
6.671540598608526         -0.03060484657537059
6.684462044596121         -0.03016426817875456
6.68648599730032          -0.030095802515949018
6.70455130495254          -0.02949122636199018
6.7153305846076385        -0.02913608131456838
6.729148250431474         -0.028681513278859597
6.747594691816489         -0.028082936441812548
6.753077515159424         -0.027906844231922197
6.757043614300287         -0.02777998529280775
6.773226788974743         -0.027269496094239877
6.773524883651893         -0.027260156494721643
6.788233387425921         -0.02680218331480547
6.8054105304908905        -0.0262744386282936
6.813764760391938         -0.026020528606725934
6.838248666644233         -0.025285199710408577
6.843041699614019         -0.02514289800373291
6.8473943315779415        -0.02501433388005206
6.859470269085179         -0.024659943412630336
6.865446095899883         -0.02448582121631127
6.880874398062457         -0.02404009970245471
6.903427902810357         -0.023398453235044133
6.92001767294203          -0.022935389275395214
6.9203772485198165        -0.022925407090068232
6.933207296971479         -0.022570745416999726
6.9559666176357435        -0.021948853124597007
6.991723041291943         -0.02099053267605514
7.001925515509666         -0.020721286495668973
7.006615526040104         -0.020598140510374074
7.0085053324611275        -0.020548630928519912
7.017467422876788         -0.020314709908235102
7.019109776218148         -0.020272049355322532
7.020265832736053         -0.02024200171990267
7.022008985044911         -0.02019687611536285
7.050373776351424         -0.01947073423019038
7.065340168532417         -0.019094234396456067
7.070443837067639         -0.018966265853966546
7.0784627991741225        -0.01876634636899548
7.0953201073885355        -0.018349228447237458
7.100561400091512         -0.01822027410415461
7.106834440913429         -0.018066491704275107
7.1154792141297625        -0.017855560499751955
7.115593437617131         -0.017852781172968197
7.157313558169155         -0.01685323269639478
7.175564369251475         -0.016423665286909736
7.183604533194176         -0.016235910606257568
7.206223730219795         -0.015712579457408414
7.212666144520748         -0.015564839951925445
7.214140396483639         -0.015531113970437806
7.2201600365381715        -0.015393311128587056
7.244600977818567         -0.014838421962960417
7.246402919712834         -0.014797805318310592
7.25875914625701          -0.014520375106248807
7.296662240689853         -0.013681489726897913
7.299927872739347         -0.013610032830794478
7.309388044018781         -0.013403763828516008
7.315471667591537         -0.01327174710194154
7.329343430135506         -0.012972049982158068
7.348362447016914         -0.012564141311810079
7.359212044400833         -0.012333089219590272
7.366915197631044         -0.012169728476300873
7.387725327164143         -0.011731251944809848
7.390219008026077         -0.011678987751755077
7.3969199487605914        -0.011538840346797998
7.4138113920272755        -0.011187217806236757
7.444422927479234         -0.010556747323408201
7.448445509655119         -0.01047454629469164
7.453036702915778         -0.01038090954971792
7.45603692267305          -0.010319706729180462
7.46068887333651          -0.01022494325422794
7.463766218981542         -0.01016238580507105
7.4647616551610705        -0.010142164216191248
7.504496769850665         -0.009340568064302054
7.5111137088718625        -0.009208141558787693
7.515580845582339         -0.009119013189789752
7.552345186494486         -0.008390742088810339
7.557031997791905         -0.008298573285754864
7.566077603434955         -0.008121116659758574
7.582964747758955         -0.007791341948774055
7.58588415404235          -0.0077345316640416726
7.609861697772996         -0.007270174114748747
7.63219609644629          -0.006840197539221253
7.67405123125944          -0.0060401742754865855
7.6790925479202885        -0.0059443210762310725
7.681623150783798         -0.005896246490527438
7.687031050269423         -0.005793603149420416
7.704783962425798         -0.005457722267298674
7.708459455747968         -0.0053883908380945415
7.746866000822251         -0.004666775568603509
7.764358247392231         -0.004339842582906351
7.764888101339554         -0.004329956384950399
7.765269405807618         -0.004322842487914494
7.770243852424999         -0.004230082587060564
7.8051007575330775        -0.003582565967164458
7.810160328388884         -0.0034889382972779167
7.82120913725351          -0.0032843902541988593
7.82722648893801          -0.003173095799195326
7.833126383845427         -0.0030640460520498466
7.842250353665229         -0.0028955455498085045
7.843534581046974         -0.0028718423154882756
7.84464381335412          -0.0028513717283728903
7.847961202646255         -0.0027901652868660125
7.85400173742654          -0.0026787744179868384
7.8576883390747545        -0.0026108282663447244
7.867285610187607         -0.0024340761887759006
7.87389420271791          -0.0023124764268889434
7.884078778285913         -0.0021253057367406434
7.8956402643251735        -0.001912960128041671
7.9310981390646065        -0.001261980469376562
7.944406300478754         -0.0010179209036330294
7.950076941369882         -9.139709832041724E-4
7.962243321937603         -6.910357259809323E-4
7.971002029336946         -5.30617985122995E-4
7.994052719795304         -1.0874227090333015E-4
8                         -6.242658951951911E-19
