0                         0
0.028062422325876232      4.2650640974762407E-4
0.04065759172534948       6.18137800853237E-4
0.047953801177498506      7.292481106974398E-4
0.0596046733215833        9.067541596211281E-4
0.07168895329779446       0.0010909683054102781
0.09842844204079312       0.0014989679581474272
0.10837926776065035       0.0016509344145074268
0.11077814301568971       0.0016875802609900372
0.11505964853658775       0.0017529972384958392
0.1366052186438763        0.0020824172147898825
0.15496106550044844       0.0023628296889891967
0.15963094034514372       0.002434284422823462
0.18943364287684183       0.0028915700921041594
0.18977627896674887       0.0028968365482012677
0.1905561794482716        0.0029088247096050145
0.23780209428564583       0.003636961100246157
0.2502838456429764        0.003829975181384876
0.2581265124034715        0.003951390817259964
0.2597317735773149        0.00397625576662931
0.2820239464615275        0.00432201841238326
0.3109083274837147        0.004771318288356608
0.32976717288907403       0.0050660521782485615
0.3412838444401257        0.005246535291275905
0.35676086975993304       0.005489675032337491
0.361806868765114         0.005569183665804946
0.36580038663280423       0.005632165149947072
0.38942328597652554       0.006005742183032532
0.40116618100307166       0.006192097143097968
0.4121270992088185        0.006366432290749375
0.42139925515371934       0.006514160021547145
0.42594556644484793       0.0065866970712710055
0.4453229271820565        0.006896628521293013
0.46379611307861396       0.007193077216948259
0.4638544026285848        0.00719401508242593
0.464556563162335         0.0072053139018011655
0.49726274611915383       0.007734097173666934
0.4974442393163088        0.007737045109363831
0.5075414298913634        0.007901317966073204
0.5145564763513999        0.008015699802501658
0.5309012027557095        0.008283008412328789
0.54974976426043          0.008592663244278476
0.5643817645679337        0.008834078049757532
0.5891857184986786        0.009246312373431891
0.6081218632718861        0.009563200368624243
0.617170858050115         0.009715296251935636
0.6215316357050087        0.00978874593747725
0.6234165246880213        0.009820524513868854
0.6261950484724643        0.009867281392068532
0.6527874587100717        0.01031736589244386
0.6712014466054549        0.010631774817802806
0.6736327201050699        0.010673455470926931
0.6840622272167627        0.010852698768007171
0.6872555467695021        0.010907723881601515
0.7104399444123962        0.011309248505254924
0.7174903081989995        0.011432045497949912
0.7256980472517172        0.011575375435327717
0.7257929948039195        0.01157703584281432
0.7263884064842292        0.011587461627638573
0.7357140283012903        0.011751013683297734
0.7811605213434889        0.012555004055927075
0.7907531348751881        0.012726181033123273
0.801390638591194         0.01291660484728033
0.8044560319053407        0.012971565566500613
0.8054491709578263        0.01298945856644088
0.8154946670509207        0.013171105562063893
0.8244438782057034        0.013333549987981298
0.8265260966043537        0.013371429935110533
0.839179122727376         0.01360229622847243
0.845608682263172         0.013720057723723754
0.8486641690775496        0.013776126781857153
0.8643992120967443        0.014065949344814609
0.8715664962151614        0.014198802827131702
0.8768730124102501        0.01429743890395508
0.8851671775976867        0.014452075493047055
0.8892249814263475        0.014527948997652182
0.8950225837031681        0.014636600635936461
0.9023152931735052        0.014773199096976853
0.9318609305943127        0.015331342070374473
0.9434300866060127        0.015552292780139226
0.959574826456083         0.015863111979475205
0.9821561431114753        0.016301531794029253
0.9833919696891731        0.01632564935653744
0.9839029616920179        0.016335625328331067
0.9957982473153338        0.016568481448983683
0.9960556564456085        0.01657353365904309
1.0291528142186919        0.017227829892759002
1.0293584876731035        0.017231915074446977
1.0397537922142854        0.017439087420644376
1.0496681107951438        0.017637945676804143
1.0537239700217307        0.017719654661394368
1.0724139106065826        0.018098865428607426
1.079848927760757         0.018250945427526494
1.0878693204205336        0.018415781893181504
1.090101219745558         0.018461755845243476
1.0914902322569817        0.01849039282597606
1.1305450413028224        0.01930352267812619
1.155488394971046         0.019830878409251174
1.1672592798617913        0.0200827284248577
1.1690725247597966        0.020121654501406086
1.1819409421134723        0.020398905059041187
1.1822661302868478        0.020405945696699512
1.1865782202042197        0.0204994325979423
1.2135975068363223        0.02109054971488938
1.239509863527168         0.021666092049758886
1.2440334443987244        0.021767433326673986
1.2654987560610895        0.02225183331414038
1.2900151671691196        0.022811364554713977
1.3003994645257664        0.02305053346785974
1.308692549694521         0.023242465876805677
1.3121887655799804        0.023323628041536586
1.3125608655685788        0.02333229375208803
1.3374013176489368        0.0239145557572852
1.3690052206623238        0.024670675736954945
1.3709698927743594        0.024718361138457042
1.3786078298015685        0.02490428488762632
1.4157336548750885        0.025814863394565648
1.4189419203016655        0.025894801522143594
1.4214274316833837        0.025956835171448544
1.4467270238912737        0.026593425084846873
1.4677744502645338        0.027130182378477308
1.4810320576190779        0.02747162007233398
1.484427502307101         0.027559481751404536
1.507398623864007         0.028158336262488738
1.5213151069939894        0.028524905647594353
1.5376460852310194        0.028958700470661
1.5499130843125364        0.02928712021104518
1.5548507952262454        0.02942003147592612
1.5733572984923163        0.029922595809147492
1.5921939571939658        0.030441282014712717
1.5957329911872098        0.03053954154795338
1.5969240142698506        0.030572666006743965
1.6016820253428417        0.03070527753739298
1.617232800152643         0.03114185207448247
1.6319609026573572        0.03155978668437942
1.645344032082912         0.031943314537156334
1.6487147177929626        0.032040474429945995
1.6518976304768742        0.032132104587906295
1.6682350300155524        0.032605443327672665
1.6702358006560813        0.03266375798106303
1.6797092105814762        0.03294089864424198
1.6951610339438898        0.033396576777010835
1.6957474102430838        0.03341395807873378
1.6976202822188842        0.03346951709175313
1.705681436834464         0.03370940953569093
1.733484523432166         0.0345462313192109
1.734239479149244         0.034569196417172494
1.7358475165110008        0.03461815580683812
1.7440146364305482        0.03486774795756878
1.744228415437091         0.03487430205659963
1.7463999195499151        0.034941537257088755
1.748467613637057         0.035005634610940535
1.7569421559145861        0.035269119068894045
1.760346261997717         0.035374973942995526
1.7684695892410445        0.03562848363198628
1.8222802313781616        0.037339988178061743
1.8355738697264066        0.03777069323270716
1.8404386072512948        0.03792898860729628
1.8430634226219307        0.038014549958849425
1.851858333873929         0.03830294293734934
1.8835918071385556        0.03935562266152709
1.9008404616690289        0.03993380735993229
1.9021238801589284        0.03997713853817477
1.902708031155647         0.039996875058699574
1.903054094013825         0.04000857157166657
1.9111544768250066        0.04028324738918454
1.9717318620501672        0.04239163575968677
1.9718925469282829        0.04239735568952718
1.9722355188452965        0.042409566778740165
1.9877061942089405        0.0429636494545705
1.9895778573363243        0.04303091552276212
2.004290674372941         0.04356215789304925
2.008054686306785         0.04369877237333268
2.0242635701853167        0.04429035687647717
2.0311575650448965        0.04454364281723731
2.037183770357745         0.04476582894626517
2.050163485359159         0.04524687128770881
2.0629102472574616        0.04572450961638071
2.0854885969650736        0.04657846132049454
2.102089096001757         0.04721277116373867
2.102122848850474         0.04721406643837546
2.1241357852555263        0.048063632186882393
2.124169758154614         0.048064950763273516
2.130234242126841         0.04830069593952991
2.139570903803524         0.0486650669276147
2.146173686111759         0.0489237898317545
2.168514473966846         0.04980560280604238
2.173347898009638         0.04999929657729817
2.1792728977314884        0.050234531870057
2.2133649740446537        0.05161902582662266
2.2172348715525936        0.051777168344503036
2.2176765677352184        0.05179523092250019
2.234956870263321         0.05250393776808284
2.2384156871081236        0.052646272799589396
2.266665344526603         0.053814786392880724
2.2826717380588066        0.05448366778986209
2.2967329082316255        0.055075044659746775
2.3132513586964896        0.055774288510824686
2.326175728425577         0.05632479615113202
2.3291620712164813        0.05645242324046982
2.3520940092561284        0.057437782114556996
2.3582038221995854        0.05770190150495253
2.3585477231918937        0.057716539967004654
2.3603622359032217        0.05779382967186005
2.3936928285009333        0.0592294987184662
2.3955748546016626        0.05931146631797277
2.4214978425956994        0.060460874652545016
2.4251792139825614        0.06062428095092626
2.44836824121989          0.06165459052134316
2.4581653444599767        0.06208968087795433
2.4986184791151973        0.06388285893154493
2.4997340492948266        0.06393223272336288
2.5111931744645024        0.06443916234200729
2.5136082220426808        0.06454594417825074
2.5235925303210145        0.06498719846035533
2.5417247486145707        0.06578770769418117
2.5629552021638093        0.06672362207640507
2.5740181077091155        0.06721072582839248
2.586548888257872         0.06776197345671876
2.5873184095678954        0.0677958089749799
2.588541807854717         0.06785017943128964
2.5907492096655664        0.06794992487853913
2.6067167248984777        0.06866451896307771
2.6241443776540243        0.06944049563896545
2.649548512699477         0.07056415811664385
2.6617898601634526        0.07108091262707628
2.669836167504447         0.07141900081797939
2.673433016149717         0.07157356106955075
2.67564575573341          0.0716684316863516
2.687088504683918         0.0721564467207121
2.6896082490780375        0.07226332671154986
2.6912440541868192        0.07233259998901483
2.6926450344702832        0.07239129351994027
2.72651473067903          0.07379146425449373
2.7325236149257086        0.0740361025713168
2.7399674845338753        0.07433758823943847
2.776092874296557         0.07577595687534625
2.7783007556603248        0.07586253485601227
2.7816710301851684        0.07599439827287253
2.79883911458643          0.07665136027275181
2.8015648231852457        0.0767539067249166
2.8185914019058846        0.0773835836385607
2.822739574922842         0.07753414559956026
2.825791266568549         0.07764419785480615
2.836090109333366         0.07801114735404503
2.8394045903359046        0.07812778101513851
2.8521601985997638        0.0785762713093591
2.8610103383501855        0.07887192300012678
2.8743044635484356        0.07931686144353058
2.883977202849432         0.07963009894146593
2.891467676969028         0.07986659202969255
2.9040637174494592        0.08025232502452992
2.9153573837056683        0.08058542582863118
2.9273282548667137        0.0809253404719693
2.935102873939151         0.08113884785294416
2.9675053762240857        0.08196717212038626
2.975571588461955         0.08215510936766263
2.9826915060141785        0.08231527068720518
2.9913278138241006        0.08250233429106536
3.006395758910991         0.08280978659607456
3.0137452057501912        0.08295101963628085
3.0213963138156616        0.08309196962068052
3.025105795024734         0.08315855538659446
3.0428099009039893        0.08344218486064477
3.047725774289526         0.08351091973297185
3.0499986027002612        0.083540944784026
3.0563941591049373        0.08362090228970083
3.0748833906047297        0.08381445526848832
3.089245452976734         0.08392624607691554
3.109820715858376         0.0840276538170973
3.1157329422510225        0.08404399535910478
3.1186037018303776        0.08404986969589547
3.1237433606624236        0.08405702225949535
3.12543092633591          0.08405842920021933
3.1507126080680097        0.08402378674758747
3.1622460783021284        0.0839860971182777
3.1768666159789754        0.0838701846753588
3.193829834844138         0.08367902872958502
3.202400998349231         0.08356309861191714
3.2087962484314194        0.08346813974645488
3.2480637555190723        0.0827266099676113
3.251186569034224         0.0826559389886137
3.2550855748683047        0.08256528265199642
3.2552394571894387        0.082561356844014
3.256442790863485         0.08253048482042066
3.258172700982575         0.08248556615732727
3.2923269313917625        0.08146899331003044
3.2949774377346954        0.0813797774768564
3.302813495995923         0.08110731843359471
3.3183500085538213        0.08053683275048314
3.3538956720792474        0.07894152909569951
3.3546317925419733        0.07890514671599129
3.3549077042691815        0.07889147494693041
3.3889759544192537        0.07705680916196725
3.4156160281684222        0.07541961587944038
3.4392496734180105        0.07381837648598552
3.4435083247408915        0.07351496508435647
3.445391036129166         0.07337333864241663
3.4545858552885833        0.0726645171445642
3.463389618644776         0.0720044287072738
3.4667020633890115        0.07175042667211594
3.472655773646152         0.07128613452204141
3.481396720059971         0.07058642816609537
3.498922959703219         0.06911875283839083
3.500292365467056         0.06899906433627401
3.516310375111111         0.06756072987882403
3.5328672186364303        0.06599978139678382
3.5522951282191304        0.06407193503563996
3.5638089313725994        0.06291604733800575
3.5781405651153086        0.061428824588034316
3.5892951875519734        0.060234101987887374
3.5996709796639816        0.05906368780178034
3.619795117870152         0.056751788172053966
3.6339967657575265        0.05506864940547683
3.676981705158081         0.0497138687988847
3.681791135006894         0.04909039830986009
3.686544758760921         0.048469347954239635
3.6881169451088693        0.04826289206065797
3.6896446775083263        0.04806177221395144
3.692660124731052         0.047663349824027874
3.7130963050343517        0.04491242039774183
3.7397156046320674        0.041185187949509906
3.749957308437347         0.03972190141402888
3.7785260587862837        0.03555008706820616
3.7789100476688917        0.03549318047992787
3.791502307250426         0.03361477173637326
3.7916622213975555        0.03359076413563108
3.793503898495729         0.03331400026823929
3.8049482671721844        0.03158275828904241
3.8234102741893237        0.02874851838266046
3.839587118902948         0.026223066899646576
3.8425172602609514        0.025761428530507058
3.843780239882525         0.025562051253519135
3.850287639337159         0.024530983929551158
3.87367781119248          0.020814183254007322
3.8994914873865643        0.01664186202636866
3.9059659992920692        0.015583782856690417
3.927210360398764         0.01206298930444246
3.938938666410266         0.010120995571364097
3.9520781960290865        0.007946781745950437
3.9526909443729332        0.007845427005023085
3.9640677369586155        0.005964197528682856
3.9662288630372275        0.00560697082296009
3.9822373216653055        0.0029621209531204926
4.017681495204099         -0.002906311360673876
4.0393646531561           -0.006498534082106841
4.053354552431582         -0.008822410468651619
4.05674096065345          -0.009385527252397967
4.068583586336132         -0.011356635862967604
4.080017410256463         -0.013262403213363907
4.093574143641253         -0.015464777690545764
4.095237564842041         -0.015733317449781112
4.096123497167764         -0.015876189737935947
4.096946004213106         -0.016008739596714783
4.117274333283597         -0.019310115580340043
4.128669502104824         -0.02114063449114872
4.14983730664029          -0.024502726465495606
4.15758193013489          -0.025720365965806503
4.16634686895164          -0.027088886308128248
4.175056131211406         -0.02844039472542355
4.17717713073575          -0.028768277040504338
4.180857285235024         -0.029336019936128232
4.185222435388001         -0.03000751846510704
4.2163869851918765        -0.03474108945592598
4.225760978947014         -0.03614412972324299
4.232701498115773         -0.0371730932232624
4.270773436846823         -0.042592833279567345
4.27474542831097          -0.0431363804278899
4.278485544147333         -0.04364441625996367
4.278789633740923         -0.04368556086521697
4.280250987432341         -0.04388295006174915
4.280674839823908         -0.04394009628612679
4.280684325617353         -0.043941384075861394
4.284429026160846         -0.04444871316138941
4.320729693287258         -0.04925803928773172
4.328959319582963         -0.05032095577907213
4.359124707925365         -0.05413046295577564
4.362468563003213         -0.05454437401899558
4.388314869761188         -0.057691998301933
4.392720539120101         -0.05820907157538822
4.405476931452807         -0.05966928401435858
4.419101949410493         -0.06116826516681032
4.451077803662606         -0.06444006638814824
4.452067303166488         -0.06453580798656568
4.457971167896367         -0.06509731337181807
4.480752565549889         -0.06719362523015124
4.501853237522546         -0.06903555129149448
4.526521536716461         -0.071067301011709
4.5403525478692695        -0.07215665271985222
4.544324723583905         -0.07246267529286185
4.555780908632833         -0.07332820149072194
4.577279013111836         -0.07484922591628983
4.590309806889801         -0.0757017628167558
4.597089488428917         -0.07612460222758635
4.618216325005937         -0.07735129999818256
4.621690984284084         -0.07753986354669884
4.651687627261708         -0.07901283653940169
4.679199810701897         -0.08021712417839738
4.68202161266373          -0.08033237941489552
4.684167768091108         -0.08041900889979818
4.722931797525469         -0.0818306259251838
4.723727848169694         -0.08185657451368404
4.743495663981315         -0.08246169689253438
4.752521564597162         -0.08270803946093565
4.76378823950602          -0.08296902450349918
4.781789543795098         -0.0833054598902022
4.7943993435126036        -0.08349825006676742
4.802492436845618         -0.08360337153670785
4.8089525877182755        -0.08367683841701327
4.822181144197909         -0.0837983440352381
4.8292689394462           -0.08384547217999212
4.837887141640315         -0.08389212589620812
4.861891396713617         -0.08396045502615981
4.862134884617696         -0.0839606835746085
4.869792256750516         -0.08396311077972361
4.895218138817303         -0.08390498386796225
4.895336338464276         -0.08390447607866713
4.901601649229322         -0.0838744131891233
4.906199500759978         -0.08384842125874115
4.910927477861517         -0.08381465142029228
4.918145553190808         -0.08375370505311687
4.974264880951772         -0.08298238641489317
4.975627147299366         -0.08295840217724405
4.975922821774746         -0.08295316355961588
4.988119735863869         -0.08275895442669907
4.9953890969346855        -0.08263290536575661
4.997076817440837         -0.08260254029778043
5.00308209857519          -0.08249113187212812
5.030213412129753         -0.08191145577658483
5.04354347589993          -0.08159055253338397
5.072966641353023         -0.08079803627838958
5.084791406949956         -0.08044689007259304
5.085887157060752         -0.08041340329649406
5.086106882044208         -0.08040677637124467
5.0863714324265885        -0.08039879413736221
5.093720368571046         -0.08017558392091031
5.095412340916995         -0.08012379097285213
5.101707671145842         -0.0799240652306097
5.144533728635042         -0.07851093366181582
5.158793981938846         -0.07801932455205639
5.161118137554664         -0.07793820410228405
5.178903412453495         -0.07730818719880125
5.180786087177628         -0.07724085033582083
5.208188713688222         -0.07623671352904102
5.225624253352699         -0.07556564495325004
5.236809674343699         -0.07512816898613868
5.24405715825298          -0.07484180409640377
5.252987629114838         -0.07448579704606978
5.269518573125863         -0.07381764465081252
5.270669797002543         -0.0737706712594144
5.2977865445414505        -0.07264754867444738
5.313057680592866         -0.07200096428680532
5.326631958310944         -0.07141656746871937
5.327779281790322         -0.07136686426235216
5.330959049343            -0.07122861160930376
5.3769154895478355        -0.06922945586648874
5.384491301927868         -0.06889994608809832
5.384605412607615         -0.06889498191531981
5.386979992968544         -0.06879167394229385
5.396804253840498         -0.06836413458282116
5.407756373719147         -0.06788727068632237
5.424431494687119         -0.06715868218130845
5.466328442513632         -0.06532242248409532
5.473696540245266         -0.06499776085228069
5.491764984274464         -0.06419941447881276
5.510475608779632         -0.06336940896433482
5.53263960655006          -0.06238188720912397
5.536684322666539         -0.06220116801589472
5.54215655818537          -0.06195481814162197
5.564032635318293         -0.060975192118787665
5.571807851331478         -0.060629014145853435
5.605679546176346         -0.059136741116816945
5.610391795024804         -0.058930954563925185
5.611576987812905         -0.05887926646861747
5.612438168437449         -0.05884172668003482
5.633147105462696         -0.05794347156542252
5.650441640223559         -0.057199893546893664
5.658414180842942         -0.05685913006563017
5.678219957853053         -0.05602055718599414
5.695353583397074         -0.05529778452569658
5.7087204782172405        -0.05473562401155298
5.718511079429455         -0.05432461026221292
5.723844622363393         -0.054101000829564816
5.7418445473991415        -0.053347888023942885
5.7560890294290825        -0.052753582098088565
5.768858736579709         -0.052222068251974875
5.782112360228129         -0.05167752242773415
5.818976323619067         -0.05018958729007715
5.829791259449813         -0.04976061976635381
5.835769861383909         -0.04952510084804989
5.840311928643689         -0.049346942584432
5.845360208130907         -0.049147132416746515
5.847095239838174         -0.049078589054927624
5.852568278140594         -0.0488628059335651
5.876387793590174         -0.04793132835281051
5.879290957877732         -0.04781887702941981
5.881825996501721         -0.04772086148704878
5.907661926497321         -0.04673133213801541
5.917042684161574         -0.04637628058313173
5.922688879428007         -0.04616260465193133
5.940376413647447         -0.045496381857412484
5.944073470359656         -0.045357730760254095
5.944110444671226         -0.045356345162060295
5.947722897109867         -0.04522156472943562
5.996117962957746         -0.04343693728103621
6.00601801101309          -0.04308005613035386
6.016567314360085         -0.04270264442674576
6.021938053971191         -0.042511640065368644
6.022408353225321         -0.042494950995371594
6.041803998236668         -0.04181180931482739
6.043446938037853         -0.041754403186667795
6.0468592843537685        -0.041635401867281825
6.050242895129183         -0.04151770901996866
6.053968162399989         -0.041387502078182335
6.057244372728408         -0.041273275387274065
6.07143366869889          -0.04078163384016622
6.078470278197303         -0.040539677431963544
6.086110170881853         -0.040278368303371226
6.087898989723961         -0.04021739418762603
6.111664985193603         -0.039413745577500416
6.114253819337064         -0.0393273037880794
6.131053517464861         -0.0387693003215779
6.155485736088204         -0.03796688241149243
6.1682373848472105        -0.037552368306567135
6.209148864828809         -0.03624230369153921
6.20949801925284          -0.036231253234494554
6.211361428780576         -0.03617231506485072
6.2148777185535105        -0.036061719433985444
6.230964462745933         -0.035558729630520126
6.242619672763862         -0.03519735389995602
6.260857815980311         -0.03463701671374707
6.267337070779439         -0.034439493034358344
6.267964917581317         -0.03442039347434254
6.271491510793235         -0.03431324555139491
6.274158820022062         -0.03423235580173423
6.306922879302041         -0.033249329553247255
6.331367027228124         -0.03253291655400167
6.33452992152936          -0.03244100153501921
6.353088666692747         -0.03190529436758949
6.353350298792049         -0.03189778641845218
6.354115815634105         -0.03187582575159964
6.356300121283328         -0.03181322158396114
6.3660996131492           -0.031533349726432666
6.367746497580824         -0.031486496302718645
6.378406580283277         -0.031184481702700547
6.418041596730307         -0.03008074240257671
6.433043808273078         -0.029670851402592107
6.435227821762039         -0.029611540741420514
6.454454335610018         -0.02909077330455558
6.456035852088545         -0.02904845574868716
6.465957842937307         -0.028784208005815406
6.473609530208751         -0.028579747277168405
6.474570674594727         -0.02855415983155522
6.478407818718372         -0.028452135689996442
6.494407246863253         -0.028029439783480346
6.515795516321641         -0.027471892911773894
6.53720615640189          -0.02692397231763189
6.5443428887585755        -0.026742804788414645
6.577208547697742         -0.025917981537234767
6.585171043785836         -0.025720492138190568
6.58630119322393          -0.02569253575329955
6.595938398177865         -0.025454889394174413
6.625973077209357         -0.02472280159863399
6.656581156871964         -0.023990261198231257
6.663081587342239         -0.023836444512311355
6.697582923567645         -0.023030362148411407
6.707613194970818         -0.02279927125642483
6.720309720426155         -0.022508273435338733
6.733984720858906         -0.022197468637485097
6.751611610068279         -0.021800515131117703
6.782784028311714         -0.021108221802377404
6.786774762078462         -0.021020420847745948
6.790187676149739         -0.020945481599065716
6.819150046166365         -0.02031506707903609
6.826690660301237         -0.020152555832082853
6.836187536038769         -0.01994884868795505
6.856028141501508         -0.01952673590445516
6.858415260697901         -0.019476265466014234
6.861930273773736         -0.0194020717170326
6.904985329213522         -0.01850522058115391
6.9067060602979335        -0.018469836021900575
6.920242100448418         -0.018192715131910158
6.927571898574451         -0.01804402055457644
6.943888885709801         -0.017714522655980777
6.955534633176066         -0.01748027307111724
6.985298808734647         -0.01688731220000023
7.014102892077137         -0.01632132614345929
7.036956754504992         -0.015877751033718027
7.046177851710179         -0.0157001528398866
7.048643258817121         -0.01565280316841066
7.0515936859915955        -0.015596212719824004
7.055727323629129         -0.015517124124225491
7.0606950433849365        -0.015422306062864818
7.078933309991494         -0.015076338587949593
7.122703513471949         -0.01425979258750011
7.147869918225037         -0.01379695716225099
7.165799862914915         -0.01346989070294645
7.175591867727901         -0.013292213887620686
7.182261093625458         -0.01317158139612791
7.1843825937721615        -0.013133272609249581
7.193734694774366         -0.012964770536705292
7.194545310299574         -0.012950193826259504
7.195145171772383         -0.012939409890920689
7.241933422900933         -0.012106167569714953
7.277405276489215         -0.011484949551971994
7.287845626812523         -0.01130383157740342
7.296737391852322         -0.011149831998243941
7.305462092070525         -0.010999265995696937
7.31728371132175          -0.010796260362653357
7.319390042692608         -0.010760168330906837
7.328686887538268         -0.010601151254050999
7.329649939213923         -0.010584705341359921
7.344281459865393         -0.010335457138595747
7.350841889139501         -0.010224073282288016
7.351914596852839         -0.010205882683378588
7.38218716524503          -0.009695078111164459
7.387874897672209         -0.009599721208790655
7.39596189925692          -0.009464442258191846
7.403918317259061         -0.009331694417618774
7.422616046842182         -0.009021088199885431
7.432462794986776         -0.00885827770077751
7.441718665203961         -0.008705882103346108
7.4552676108466125        -0.008483236946976632
7.462688864063753         -0.008361610359036672
7.463780775219517         -0.008343726870088856
7.465088270849886         -0.008322319738851428
7.4834301844556395        -0.0080228455125682
7.510366938892644         -0.007585852747902738
7.534055346577386         -0.007204322686926026
7.539133209577946         -0.007122874439959604
7.545725300560298         -0.007017315552227367
7.548179901020818         -0.00697806133375933
7.551486656286877         -0.006925223296002247
7.556953102565769         -0.0068379865268135675
7.585137321237318         -0.006389458304060116
7.596726554802121         -0.006205779869183476
7.6109957393405185        -0.0059802307064520475
7.617911838002079         -0.005871149628429422
7.618575416411831         -0.005860691867247213
7.621865799194358         -0.005808857893424748
7.623125967200299         -0.0057890156336244955
7.6274296584246875        -0.0057212972385425305
7.631723791804689         -0.005653779414470822
7.694751452510125         -0.00466854530817772
7.696569925339889         -0.004640278413919676
7.706678600805432         -0.004483326914774912
7.729668526486429         -0.0041275169964057334
7.742314671791958         -0.003932472943189313
7.746968936092931         -0.003860743207713844
7.755841994876514         -0.0037240754110222725
7.775583867265539         -0.003420378398512736
7.79477370196379          -0.0031256739108514895
7.804786379968011         -0.0029720666389441244
7.807749301397437         -0.0029266387411987223
7.822766302117984         -0.0026966036532756863
7.823550434068133         -0.002684603534078737
7.825640409859842         -0.002652624728880904
7.840193617584438         -0.002430160591318582
7.857127464745267         -0.0021717934875797327
7.872957424262348         -0.0019307436732692058
7.9109749785019           -0.0013515163371786224
7.914080982112351         -0.0013042247945008998
7.914376669631256         -0.001299725386050103
7.91980276259713          -0.00121727583742219
7.939115687584155         -9.239077020714631E-4
7.941804538312559         -8.83074781432141E-4
7.9501927320497225        -7.557094575066936E-4
7.959901381298565         -6.083283254503884E-4
7.965741258299605         -5.196941682837303E-4
7.979611541866437         -3.092319466104984E-4
7.9861072846130465        -2.10693576031362E-4
8                         1.24269723554075E-17
