0                         0
0.02126607030642928       3.8925891460532276E-4
0.02566015105885474       4.697560721704483E-4
0.036894760541444         6.756721856966651E-4
0.03909644627154466       7.16043844281928E-4
0.047513990660635275      8.70324911450452E-4
0.05523691056686777       0.001011955176959773
0.0780481244793166        0.0014307395076818582
0.10722035473011497       0.001966980410966994
0.11332570733492686       0.0020793046482421125
0.1279475363354859        0.0023484476512852836
0.1366213416579038        0.002508196116685834
0.1634821331011567        0.003003327257368867
0.1651092595366782        0.0030333411738347714
0.16875329395475325       0.0031005674898718413
0.17708931661857905       0.0032549310217070467
0.18685305323537432       0.0034359253317683518
0.1908740861645359        0.003510525330742452
0.1943051872929482        0.0035741615747104955
0.2314139851666899        0.004265191455107525
0.23154916346608684       0.0042677132814353275
0.23989876344282102       0.004423627904537581
0.2471688239552785        0.004559621496302401
0.2604510381037661        0.004808509393179412
0.29389711599391843       0.005438455249902634
0.3089573336164163        0.005723613972151337
0.3155462539101623        0.005848666108941918
0.3367619306448588        0.006252536593898341
0.3496474982103472        0.006498706150114671
0.3680840308366829        0.006851916990949735
0.37281626522043604       0.0069427668352183705
0.41401227888121533       0.007741224839921093
0.4200295578804374        0.007858657613025498
0.42177916723124786       0.007892859258585662
0.42282196009239614       0.007913252868908488
0.42403001560385495       0.007936886811459333
0.4260926980315309        0.007977261036456858
0.4305888300295419        0.008065357162432516
0.43856867813221534       0.00822179540288627
0.4743670030511293        0.00892904284128707
0.48203546292600313       0.009081703726687805
0.48995491085224624       0.009239790586823596
0.4978537055344101        0.009397899775233755
0.5276159894905608        0.009997546538835602
0.5355934872190564        0.01015944919315547
0.5482542119383684        0.010417447400084622
0.5550373231350633        0.010556202462404785
0.5748799815342318        0.010964225868023427
0.5809938482668539        0.011090582561638862
0.5862177828930035        0.011198784793499271
0.5996568726113203        0.011478153500964367
0.6339503954177926        0.012199122264841497
0.6380860864741107        0.012286881382392412
0.6390266093217652        0.012306861477779985
0.6391242602595077        0.012308936454034972
0.6485115058449653        0.012508860468670486
0.6534781702583651        0.012615002071097392
0.6717153265343776        0.013006908434148218
0.6752069236132194        0.01308232883518424
0.67594296032727          0.013098243539898564
0.6817095884818609        0.013223122237322514
0.688892335176627         0.013379317950728862
0.6963394188822094        0.013541312143916176
0.7032819571689581        0.013692955841586892
0.7127322708372057        0.013900344876097932
0.7426304602100245        0.014563823613987364
0.7498625902397521        0.014725993019053639
0.7603165103029318        0.014961562321822223
0.773503701179644         0.015260672922926573
0.7963685852434218        0.01578444698408004
0.8028834132787451        0.015934881424433944
0.8173510634369043        0.01627085351311343
0.8417877769093078        0.016843360137340294
0.85009815445784          0.017040567813969856
0.8752831078260763        0.01764598185020738
0.8890696012592927        0.017979842534252482
0.8932612884904009        0.018081977735073043
0.9063540153829874        0.01840288025574078
0.9237879291176814        0.01883461450702889
0.9357823962903038        0.019134583766050095
0.9421717933024261        0.0192953535938494
0.9594337018817005        0.01973309511853672
0.9722927504092871        0.02006240892685903
0.9819940218089163        0.020312675170588938
0.9910822981144501        0.020548549035632486
1.012566964596513         0.021114276403220753
1.035679383664955         0.0217310084006497
1.0379617772765426        0.021792605288510028
1.0391025173429378        0.0218234018629089
1.0543179832147298        0.022236684747760145
1.056723114807601         0.022302440554372693
1.0583429316741788        0.022346791792018306
1.0816011109446415        0.022989447609561082
1.0957007750282368        0.02338435499145159
1.1036389344374338        0.023608454126682978
1.1099783028911783        0.02378833154344264
1.1168505860869746        0.023984246232462956
1.1320821892069062        0.02442186462526435
1.1529598856601384        0.02502930631211469
1.1822305178895995        0.02590196200887311
1.1857068037539082        0.02600706492255965
1.1946799468300031        0.02627979705443714
1.197569235462267         0.026367941464528092
1.1988204471463073        0.026406181354694656
1.2284319575845064        0.027323312343987258
1.2290605238624108        0.027343032773289384
1.2424825853171535        0.027766636319085537
1.24765456131933          0.02793114215643926
1.255950827451898         0.028195379541302735
1.2565533392862762        0.02821465851523071
1.2728929471292894        0.028742076707356106
1.3202696801483473        0.030324119336975704
1.3228919598745896        0.030413664220647355
1.362159241253351         0.031778314814738015
1.3704085873594083        0.032071236050760225
1.3728897825117514        0.032159787681999716
1.3810503722935032        0.03245238737437471
1.3840370786281158        0.03255999605825324
1.3885621614147103        0.03272356181860718
1.3943386548308205        0.03293329051208156
1.4132883119673376        0.03362861453004182
1.4438547369108514        0.03477382025915619
1.4552177100601817        0.03520922399685723
1.4725911206392832        0.03588582079939093
1.4808881172831116        0.036213586599474865
1.4927495041356802        0.03668737451618053
1.514198305228514         0.037559698889504306
1.522557904015429         0.03790511811971353
1.5268023567689077        0.03808150351574867
1.5303176899643351        0.03822882333949044
1.5422879095284134        0.03873359995488311
1.5514642705771258        0.039124524577478156
1.5578113432841612        0.03939693027575104
1.5704313876295608        0.03994345019990977
1.580235340464166         0.04037250739602813
1.5929146774938616        0.04093322437781829
1.5993534359703057        0.04121985057362414
1.6143564357091251        0.041896809603035726
1.6512218965637575        0.043614264104921946
1.6534763117653772        0.043721782567876545
1.6556429619808286        0.043825385954150975
1.6714572453088878        0.04458961673819634
1.6888388718704355        0.04544589267155479
1.718363764326468         0.04694008321683914
1.7282792065351347        0.04745277693569073
1.7342576455858782        0.04776454881897537
1.7598835341484989        0.04913119720828534
1.7650657938435705        0.04941272252142046
1.7785116513541284        0.05014940366241695
1.7795455885002522        0.050206114461321116
1.7797694827781707        0.05021840616504205
1.8211292104315144        0.05255770697590442
1.8344703907371278        0.05334141961975017
1.8425921883369116        0.05382548536832354
1.847166026804887         0.054100408297947045
1.8707353736876127        0.05554359142005502
1.8904291301201266        0.056783484625956684
1.8988342640380247        0.05732209048716255
1.9145625708316028        0.058345124679810255
1.9213494811099396        0.05879341539613201
1.9404771817618118        0.06007169794070376
1.9563107149392251        0.061167257713365536
1.9688303683754742        0.062050851546712915
2.011221369533424         0.06512827188541506
2.0117963042460434        0.06517134783955282
2.012071248919956         0.06519196023315485
2.013580557205842         0.06530525778864614
2.0471708030037323        0.06788950315070712
2.0561064815622654        0.06859781040527227
2.0640514860065924        0.06923494707250057
2.0844937594624007        0.07090611636989189
2.0944604449673476        0.07173752584991548
2.115957799597151         0.0735679166096214
2.132127714557309         0.07497811604130279
2.15681329327872          0.07718630492832944
2.1613036331537625        0.07760471712785932
2.171568518204406         0.07857206606861425
2.1914968098135175        0.08049323072921179
2.2046941699453013        0.08179918960100672
2.225091727860928         0.08381820494255902
2.232185083938697         0.08454741328440311
2.247799297208726         0.0861859343714772
2.254232415653253         0.08687435445346091
2.2620605109302954        0.08772505286716041
2.275635829550722         0.08922608167976018
2.2946779039966088        0.09138664880362239
2.3009339510862663        0.09210823525855383
2.316226918359976         0.09389972824215645
2.321442931306574         0.09451970637817496
2.3242869656190317        0.09485966744257389
2.3444088317040475        0.09730358841999642
2.3529753634102573        0.09836460367893847
2.3762154626720022        0.10130486239983412
2.395941879251022         0.10387148473193075
2.405716939000536         0.105167450767295
2.4089242538741167        0.10559615605899517
2.412325457901297         0.10605763060978246
2.413533057086628         0.10622227598456101
2.440724696108583         0.11004041939038252
2.4455875380631564        0.1107456072159387
2.4494822380349306        0.11131529352750177
2.4494976749942428        0.1113175821990553
2.456756603440669         0.11240083206379212
2.470344520591907         0.11446635908854566
2.4996778956299295        0.11909340440893543
2.5188629501238786        0.12224387467576069
2.537190687241834         0.1253208300716747
2.5390428197006494        0.1256353979577381
2.547866479394234         0.12714314587607842
2.5602330963841817        0.1292816956055492
2.5732733130503425        0.13159026892134337
2.5786024534219107        0.13255366314324551
2.5886148584147155        0.13439499577158193
2.614656601245584         0.13937555508598637
2.6202186617359784        0.14047513958974395
2.6413311386836766        0.144635845166597
2.650907863674494         0.14659879704532755
2.654624909244932         0.1473734004426969
2.6726151577571486        0.1512177924799646
2.6765290828925474        0.15207294086458886
2.6923597111133573        0.15560018632705233
2.7004130851583077        0.1574366818293412
2.7065360430605594        0.1588519680447739
2.7106452478125505        0.1597966510436071
2.713729465103892         0.16050722082827826
2.717629059518419         0.16140751729019198
2.7180276960478507        0.16149966803315044
2.720640142365078         0.1621041146494888
2.738414058733502         0.16624141573974993
2.746346511389951         0.1681019046157022
2.765900930015605         0.17301339278336048
2.776741991676921         0.17580221554452552
2.778669467700116         0.17630297130504166
2.7939676092627272        0.1803300859673741
2.810426492010485         0.18476724086734686
2.8222685214375907        0.18802673120660174
2.828515316883278         0.1897501845363401
2.8457577419832076        0.19458868113943173
2.876634477595219         0.2035518476484986
2.8801111001810025        0.20458508028468764
2.8828714345121322        0.20540889685742883
2.904130662638038         0.21174602130904063
2.908659814408489         0.2131616825041823
2.90917039391791          0.21332137898630965
2.9133104599223283        0.21461708425294915
2.916426650252401         0.21553817142971962
2.9644780859627993        0.23034487910800147
2.98117622655414          0.2357557274158551
2.9902622342225174        0.23875746276755838
3.0114956432927005        0.24593037292629183
3.025887022269151         0.2509178259964243
3.0499177308236964        0.25947254321112084
3.056640080913504         0.2619163928326465
3.063108320407015         0.2642273495038889
3.0954701364172204        0.27587427796225505
3.1025288799667896        0.27843347339737934
3.125629243369273         0.28646823100010943
3.1473115832149823        0.29375816633450114
3.1703622122172272        0.3012409546733438
3.176664380289521         0.303351673192063
3.187456648696445         0.30686711012334966
3.209643284625841         0.31370105881875043
3.2204366405491056        0.3168344208471173
3.234093260867834         0.3206196349079915
3.24124599243615          0.32252220592750935
3.2515391812209558        0.32516365023953064
3.25198453840951          0.3252753690050028
3.252032051620035         0.32528727521181067
3.252368573860354         0.3253715339856006
3.2732997658896843        0.33052445289984
3.2974770747151494        0.33600460237216134
3.320815897010663         0.3406562505629067
3.3225660727086934        0.340937415655896
3.324226085366814         0.341198589213631
3.340962363463668         0.34353224042982516
3.3549370831496805        0.3450633328866236
3.3588214201099675        0.3454214245461478
3.3640053633858376        0.34585359517351166
3.3841689443337373        0.34703738986594146
3.401797938323729         0.34742426894194023
3.409985353076143         0.3473983302056698
3.419177343003424         0.34721380566278
3.4257850985561533        0.34691474133665184
3.433446937492783         0.3463468909930294
3.435800333652133         0.3461242448513867
3.501324415700783         0.3357430644505599
3.5013558813339394        0.33573578948296556
3.5061353909288675        0.33460522485200656
3.5123814625894663        0.333051307691606
3.512440807567015         0.33303612828484724
3.5164761926167905        0.3319856049944075
3.516492838033125         0.3319811968572491
3.5231733774735847        0.3301623521203116
3.5801850171305625        0.3106095116402488
3.5802143660900696        0.31059758771170926
3.5895229569485143        0.3067038424583158
3.590013507544752         0.30649331321616535
3.6440780240230617        0.2800176482501618
3.6493525794042947        0.27720313453475853
3.652392261904494         0.2755548279768559
3.661321499692459         0.2706004632111405
3.6658757752750355        0.2677670526660726
3.6780597820130856        0.2603647254340439
3.6816677808323557        0.25815235460577124
3.6891416839903757        0.2535073688329383
3.702447484286394         0.24516110160079646
3.7124037502697513        0.2386916860957052
3.715212769874787         0.23683172107823536
3.7355349824645443        0.2229205241801137
3.7409937087411986        0.21897874399685963
3.7499462204370975        0.2124086176093719
3.7560258018607873        0.20787219174875177
3.7588375500648725        0.20575370235117557
3.760874484774384         0.20421091674441594
3.7678927280439747        0.19884331172353012
3.800871423158044         0.17254273178823332
3.8029113890351867        0.17085746007631067
3.835273212081325         0.14406199930415353
3.85909696807729          0.1240359191222358
3.8768124230795187        0.10897944680642985
3.878539408002707         0.10750414391690699
3.899840030492553         0.08919779497686815
3.9177338815712845        0.07362225106551383
3.9398081427941465        0.05415029888009637
3.942755975565486         0.05152844570656772
3.9621344540873573        0.034166566889905284
3.9624029144383903        0.03392450351992504
3.9630782785776013        0.03330666651063424
3.968081624790114         0.028732693334121703
4.008335821205541         -0.007862403483416899
4.012914182469087         -0.012001540773267733
4.026134793992135         -0.023927409251754496
4.0366167872369           -0.03335496012389464
4.043029415497356         -0.03911033919429384
4.069524657646202         -0.06215309773879669
4.073566790187282         -0.06562116768928959
4.079932777035849         -0.0710576426545089
4.094591545413613         -0.08383606114789156
4.113507042031508         -0.10018686744249222
4.144590911492299         -0.1264544608087034
4.146694136105318         -0.12826017153280733
4.148825795815143         -0.13008597119544676
4.183899781441765         -0.1595023499521637
4.187783149477207         -0.1626868499055265
4.189146089535623         -0.1638010844002688
4.1934314239500035        -0.16729284934427827
4.20301927231475          -0.17504148479768336
4.228928534062879         -0.19554012521973801
4.231598042965927         -0.1976156201851878
4.236539414965742         -0.20134415595387783
4.246428957857448         -0.2086947150570277
4.253353820760006         -0.21375309937349266
4.277918326964815         -0.23049891477163303
4.285054952274952         -0.23523731820258134
4.317949751686937         -0.25634061163611127
4.324105015375836         -0.2603302109262345
4.324517726416609         -0.26059413998956754
4.3474990749587645        -0.27458188290805824
4.369933173670925         -0.28668208892673747
4.37062584617437          -0.2870435153734232
4.403473260698152         -0.3033452898234339
4.409142556274189         -0.30596330733325205
4.425607298783893         -0.313072732911566
4.459253310632947         -0.325316389894344
4.4602479077752415        -0.32563163518030863
4.464503998949679         -0.3269503552959443
4.47038607406723          -0.3286920710787245
4.482400627862044         -0.33195829368318774
4.4901186154280905        -0.33385010873107485
4.496159684858005         -0.335476116989181
4.504273772125254         -0.33753912738678493
4.510391244073427         -0.3390028025156384
4.511644118765924         -0.33922933324939075
4.516907272081539         -0.3401620707770644
4.519878862834123         -0.3406752207331762
4.520495791174375         -0.34078053596147784
4.524905691047285         -0.3413704699616883
4.527451009906485         -0.3416940342608228
4.5625148150510775        -0.34488986041484443
4.579693004839655         -0.34593391726305633
4.586715750140445         -0.34617995994229483
4.605650549156713         -0.3463205251609468
4.608288838739521         -0.34627956833674745
4.638105756112937         -0.34478731670599927
4.669008658727125         -0.3412447370417024
4.676163381215961         -0.3401349083117601
4.689419806204057         -0.3377907743820719
4.696325148797666         -0.3361840242064835
4.702612657469252         -0.33518833125573816
4.733895008383222         -0.32811308989095506
4.739179710739219         -0.32678341362731644
4.763193587508124         -0.320265196960906
4.767076030532051         -0.3191862558421544
4.805381569233446         -0.30816640058350886
4.811395481656745         -0.3063745092731045
4.8290469983978745        -0.30101826192972136
4.830035517665765         -0.30071402994919894
4.830855875869291         -0.3004612080986044
4.872915176658054         -0.2866359140615986
4.883409731170925         -0.28299527336806785
4.88429369998671          -0.2826851349542759
4.887081711851703         -0.2817034224512816
4.903083380960501         -0.27604740870922106
4.915278864244528         -0.2716780320336123
4.9180257427799425        -0.27069839918229005
4.94159020066118          -0.2623626781592653
4.9617383031617575        -0.25533232365269587
4.9706055206422946        -0.25237458462500456
4.981860137082368         -0.24863022901809492
5.002465407214285         -0.24180313797961095
5.007242428711075         -0.24022558479706002
5.013755675755501         -0.23807782099916688
5.050126153899118         -0.22615149499378265
5.073071078213422         -0.21868599660998247
5.081911085548247         -0.2158218204607823
5.094900187709023         -0.2118312365984798
5.095539946609376         -0.21163563124448903
5.1041299432187195        -0.2090178443933647
5.12442142796582          -0.20289756021761957
5.125798788164378         -0.2024853575582608
5.127584394167705         -0.20195159122061565
5.129323306933689         -0.20142935091299308
5.133807489126427         -0.20005658034528828
5.141519608560911         -0.19773609961469693
5.167640306328581         -0.19025702196825944
5.175863367927999         -0.1880240673708928
5.18845765491301          -0.18461369538347044
5.191039756155329         -0.18392198169224466
5.220175721728016         -0.17629335720325048
5.2300306198540625        -0.1737864723992453
5.235229608589894         -0.1724789076987472
5.2549518096466885        -0.1676566468363117
5.257050129361565         -0.16715410503140588
5.258725073367369         -0.16675441220375162
5.271628368925384         -0.16365534778084756
5.289168901785725         -0.15951854040600538
5.302034918936209         -0.15653986963200306
5.318028920349087         -0.15291535338359225
5.353029558368868         -0.1456479180053025
5.355015177530398         -0.14524442135550772
5.359565322490202         -0.14432334884449535
5.362282001780576         -0.14377619201391212
5.364809188436203         -0.14326911309156629
5.36901711720443          -0.14242888478286855
5.388430242659166         -0.13855272320700282
5.398418861746938         -0.13661666823998028
5.406100408365038         -0.1351586238838604
5.408026348571975         -0.1347965218951167
5.425372563100474         -0.131597775929104
5.443043895166695         -0.12845489629724205
5.456799277563221         -0.12608938527499283
5.478059095059629         -0.12251163436141559
5.488424499934914         -0.12080866935303533
5.492829083165105         -0.12009324217901422
5.494175567476476         -0.1198755134998978
5.496548162376457         -0.11949297542695728
5.51699374753832          -0.1162554108736613
5.529540811697638         -0.11432085733070436
5.53155185738973          -0.11401448404669548
5.541687135634785         -0.11248596914315101
5.551416995840337         -0.1110430052434469
5.551450117190553         -0.11103818567200296
5.576928830740515         -0.10738868489056758
5.581214729294336         -0.10678989937882212
5.5815224356038655        -0.10674706723341994
5.609320275813432         -0.10296236934126998
5.612097609053306         -0.10259344041632495
5.616435534672862         -0.10202055574837907
5.6366796122502905        -0.09940809444559909
5.6503636356714           -0.09768948404215394
5.65092886248486          -0.09761931614116762
5.655437815215599         -0.09706189994152213
5.674759171836364         -0.09472020728692787
5.677500545097576         -0.09439412108791131
5.691358784038159         -0.0927691148709206
5.700349638681617         -0.09173577839378894
5.7180096435505865        -0.08973257940176119
5.719564323013124         -0.0895588899348628
5.737054894861521         -0.08763449740729949
5.744924886580292         -0.08679919887514095
5.754099279923292         -0.08583524451484673
5.7729684166986575        -0.0838857904052323
5.7762091384209775        -0.08355480370666621
5.788194062530168         -0.08234470516666069
5.801905266947604         -0.08098862265624776
5.802512462624021         -0.08092925807955233
5.804835374496229         -0.08070269003382063
5.807585745188356         -0.08043553513638918
5.83637246372909          -0.07770788806876684
5.848391299212175         -0.07660744117490355
5.854691608071802         -0.07603961624010014
5.869392476040914         -0.07472367133281681
5.884302636167863         -0.07341648662826379
5.8924245837828           -0.07271607910433052
5.8926725759544425        -0.07269482241612642
5.897721399822534         -0.07226372709372085
5.897778706810235         -0.07225885214245147
5.9011714636189625        -0.07197096839692514
5.904842189772664         -0.07166111295539619
5.930379848686825         -0.06956479872885021
5.937301250269314         -0.0690076713719885
5.949135861289309         -0.06806596168426923
5.971460149480775         -0.0663270044730537
5.989176529318007         -0.06498181208886877
6.004764038807226         -0.06382414715791652
6.008147292097025         -0.06357624688712776
6.019505348446835         -0.06275280144366614
6.0481572278611315        -0.060735760965952734
6.051048273126109         -0.060537024387421534
6.055231013671222         -0.06025104736175883
6.0606059361988045        -0.05988674937392352
6.079978505564287         -0.05859198082129857
6.093442859263589         -0.057710222188307854
6.117235989981141         -0.0561884065358475
6.122320424615257         -0.055869226527638025
6.123183123916241         -0.05581528022052109
6.124427712623181         -0.05573756117530726
6.13826207379334          -0.05488643946010556
6.172550828715709         -0.05283369196669114
6.192452017673882         -0.05167938440512522
6.198624637311501         -0.05132689820062777
6.199078852529514         -0.05130106389942634
6.20583225409106          -0.05091862696048716
6.234375012192752         -0.04933694924838554
6.268245529418044         -0.04753277425877437
6.272821561999821         -0.047295076965336
6.284141078162067         -0.04671328735157145
6.287950817836464         -0.04651811464100371
6.300204185977895         -0.04589834107735429
6.31507458271322          -0.045157091408788264
6.339218683456295         -0.043980035964508474
6.351787962755598         -0.04338023196324287
6.353235091411718         -0.043311745059980124
6.3813861080424426        -0.04199799108144103
6.38599670600436          -0.04178681794671047
6.390567039747882         -0.04157859863856328
6.4192417989716875        -0.04029741910259029
6.4205138748477975        -0.04024159057663623
6.420685723602671         -0.040234009021910586
6.422269101543766         -0.04016422406056735
6.428735115136359         -0.03988055297521519
6.4319720965344604        -0.03974065735783935
6.438439022805618         -0.03946230433198788
6.464600006512459         -0.03835169471984319
6.486606974947162         -0.037437545635201686
6.490746006284077         -0.03726791566016579
6.492779996471477         -0.037184827309987
6.495182859378806         -0.037086900383500904
6.505642386715201         -0.03666353044488421
6.518560747547765         -0.03614714538987153
6.5320941224736195        -0.03561389424162009
6.545127525857068         -0.03510780834730416
6.54530629448216          -0.035100917698950504
6.555730225170614         -0.034701509384794806
6.569661360391963         -0.034175032290664674
6.571210164008855         -0.03411701772804136
6.5714082484757625        -0.034109605407208435
6.571693957517482         -0.034098896935017574
6.574187723863589         -0.034005540493097695
6.611180283433931         -0.032644033369126996
6.611248416924538         -0.03264156413706115
6.611614814369615         -0.0326282883591401
6.630877610537649         -0.03193713934349816
6.631486437682381         -0.031915512369921094
6.652168361468921         -0.031188766657649768
6.65540480036873          -0.03107643406257472
6.660700358611529         -0.030893964364688924
6.665091979380633         -0.03074323266924281
6.688336178284509         -0.029954354726483595
6.705150288741223         -0.029393061244698745
6.711550212076363         -0.02918148078394795
6.737690565374183         -0.028329099924901877
6.7398316151746025        -0.028260125954503966
6.750751850774769         -0.02791031148109608
6.7676956237839985        -0.0273740992253866
6.770394288049739         -0.02728943205576855
6.787775849390443         -0.026748955608492955
6.7925180684708435        -0.026602981672128406
6.796443429880119         -0.02648277972400502
6.821866534156671         -0.025711669762823026
6.821946102703736         -0.02570928019763222
6.832362809814196         -0.025397734756064265
6.848489157695148         -0.02492045152574864
6.848563704233352         -0.024918259395395093
6.856505164580531         -0.0246855655064996
6.862726081125423         -0.02450434018052687
6.874669692742579         -0.024159000576319947
6.874805225613404         -0.02415510135354805
6.894257221708011         -0.023600036789429606
6.9022171231173015        -0.02337551221133258
6.9192801486986495        -0.022899327332210492
6.922568761212322         -0.022808299674109456
6.935034785642738         -0.022465134283854382
6.967343817127906         -0.021589649971974195
6.975170702286139         -0.02138056916349872
6.981423682700022         -0.021214321000516834
6.989734016894578         -0.020994458079518878
6.999439995863818         -0.020739237655445462
6.999512598871408         -0.02073733490643851
6.999740744496139         -0.02073135637676809
7.035691212028652         -0.01980092979209022
7.054288606112209         -0.01932870203069404
7.06402177254823          -0.019084026201644046
7.085300430632854         -0.01855502702662235
7.091568216389663         -0.018400722124211143
7.1166537225009305        -0.01778897436081864
7.120513626907942         -0.01769564662441416
7.124671701833825         -0.017595348760109323
7.13381726248383          -0.01737561981546501
7.136512292938926         -0.017311098705614883
7.144949378790371         -0.017109782415209693
7.170608164356266         -0.016503819859326474
7.175006765705789         -0.016400684962647877
7.181577399669117         -0.016247094293353054
7.1952455911797735        -0.015929408728664024
7.208718971207183         -0.01561943527385814
7.215611579942556         -0.015461707671557365
7.218584810732949         -0.015393846326257996
7.220800478854605         -0.015343344983085976
7.240117467138735         -0.014906205095098374
7.2594222102036           -0.014473723724052204
7.271337135484984         -0.014208981311066462
7.275856743804781         -0.014108994847495275
7.282040272922734         -0.013972586694945268
7.283906879929559         -0.013931497797996961
7.293602068689105         -0.013718740081818814
7.318716964802395         -0.013173049470899145
7.320967170884376         -0.01312453115982364
7.332848003435085         -0.012869378714451088
7.350233169949951         -0.012498481628800547
7.352036659448786         -0.01246015892140248
7.356702903626174         -0.012361138562380908
7.372725594214551         -0.012022594846496646
7.384776748241613         -0.011769462924466066
7.389440553265963         -0.01167184565786483
7.405061819835657         -0.011346281963845867
7.413234072630491         -0.011176831197055176
7.417743521189892         -0.011083594042662586
7.432622898475332         -0.010777289429173624
7.451935411779256         -0.010382793708475281
7.460592898574047         -0.010206773798791964
7.491865276306399         -0.009575874853478628
7.49444916184869          -0.009524049138827883
7.503511256110682         -0.00934265301913122
7.533075678258886         -0.00875480915691477
7.543179985752886         -0.008555285910691471
7.544318227347916         -0.008532854025644505
7.545981194093006         -0.008500097228524562
7.5508667777143135        -0.008403972548402134
7.554090059801444         -0.008340644286184744
7.5643674949139506        -0.008139201782834898
7.570541284807656         -0.008018543744552995
7.573446061571865         -0.00796186513359834
7.606275629389495         -0.007325465509292405
7.628267627404442         -0.006902926667528724
7.641683813808147         -0.0066460937007266005
7.654123338220727         -0.006408647263692845
7.660433480593226         -0.006288452601632925
7.66276230750234          -0.006244136597116532
7.676198928164426         -0.005988901081597371
7.704912992711987         -0.0054460583616965244
7.711617043124036         -0.005319826744763905
7.733083049270045         -0.004916936807839673
7.746076964385702         -0.004673529256263959
7.78593100966265          -0.003930703392504142
7.802608377344028         -0.003621532485096544
7.808551082021017         -0.003511603047895587
7.80875264180604          -0.003507873235820044
7.808900462355908         -0.003505137966229097
7.812576022755769         -0.0034373741116998074
7.816570616543539         -0.0033637251570402867
7.816909238320191         -0.0033574827159997198
7.837908945153808         -0.002970595112824266
7.876329985448477         -0.002263962660422922
7.904496409911543         -0.001746930669950678
7.912288502540498         -0.001604045821350166
7.920448671949898         -0.0014544808627895624
7.944132182414541         -0.0010207958047621462
7.960707263073347         -7.176337133034162E-4
7.992422203279547         -1.383762454178561E-4
8                         -1.994889990514893E-17
