0                         0
0.0137224450592681        2.4704339153623655E-4
0.016966405533064752      3.054794304810529E-4
0.030149769142115507      5.431012945123219E-4
0.05376525523118598       9.693152174793873E-4
0.07783947230245626       0.0014045476420731342
0.09271227525431125       0.0016738470046163457
0.09336438265685572       0.0016856583031518752
0.10687673601920754       0.00193051970217382
0.10734141593838212       0.0019389448907275726
0.1175518759240618        0.002124124483024321
0.12862387865889688       0.002325041770511877
0.16531902204377955       0.0029917645598646066
0.1674434868003103        0.003030403849123063
0.19005249687244752       0.0034418816177135656
0.200046076513451         0.0036242604377620742
0.21492743672687864       0.003896526873415242
0.2389048740497104        0.0043369440017782925
0.2664784747324569        0.00484605567194696
0.28186892173445516       0.005131449032643016
0.294229369409534         0.005361292614457943
0.2971911863517595        0.005416452148523402
0.3125727405237838        0.005703435311098125
0.34418071236074527       0.006295923554006993
0.34748459397122733       0.006358068729230856
0.37844107716626724       0.006942322310924551
0.38273562609469103       0.007023572589072295
0.3858246167379231        0.0070820529497382535
0.38685519439404176       0.007101664428045431
0.38744455879506723       0.00711288212120076
0.39588153195255604       0.007273441630117461
0.39892151855586067       0.007331403974522487
0.4203510001448544        0.007741611977117571
0.422882814972128         0.007790260107992335
0.4316077494208846        0.00795820451056756
0.44236886615675447       0.008165977418435992
0.4451207153187632        0.008219221935956745
0.4490950292045472        0.008296200356879101
0.4635345331499486        0.008576683369355605
0.4754065976097771        0.008808384254769396
0.4799613313626395        0.008897530800586848
0.49294350558922717       0.00915223293866505
0.5031643761280176        0.00935354557460746
0.5140930691084797        0.009569565259843095
0.5334214586268875        0.009953552909645114
0.5390026617787522        0.010064694464148153
0.5579514412717471        0.010444173979661032
0.5662505274481064        0.010611418541837
0.5922020030886959        0.01113849326726663
0.5944202561241053        0.01118383398250529
0.5989498227535399        0.011276558412523462
0.61538840134014          0.011614659851817043
0.6166039075353398        0.011639758739789894
0.6247633359710575        0.011808594633349141
0.6490968105508784        0.012315884144420947
0.6826228410271109        0.013023477090018321
0.6921096909677071        0.013225526704174307
0.7029994338084412        0.013459044785891805
0.705300983273118         0.013508554126758486
0.7260608968721228        0.013958050739861443
0.7464004540227751        0.014402825958644724
0.7511791759565638        0.014507953605335062
0.7707980494136578        0.01494073244312223
0.8008727640441724        0.015614550826089667
0.8078596950844669        0.015772892086441795
0.8184000900569186        0.016013048158759056
0.8414713772351113        0.016544104034730278
0.8574439967366507        0.016916098384257065
0.8719633329604021        0.017257324591564996
0.8849647247819474        0.017565203741708415
0.888098465662116         0.01763975199579058
0.9022655126261409        0.017978417525701857
0.9315416934298579        0.018686815968128493
0.9502856625338352        0.019148321200917355
0.9510669264992996        0.019167665223648406
0.9923779840774443        0.020204876199129695
1.000540132090762         0.02041352784982822
1.0017489686222172        0.020444477839496673
1.0090137315208734        0.020631066987367146
1.0443832144911853        0.02155391837289477
1.0498299821278767        0.021698159489499155
1.0663503101454597        0.02213911981212174
1.0985847771631296        0.02301454687031587
1.1130881321309873        0.023414911176401435
1.1296377331291145        0.023876675284928
1.1309516516687028        0.02391356041046956
1.1342722489278265        0.02400727888051686
1.1371337962499557        0.024088236539400433
1.1434601122175052        0.024267859063798268
1.1482347654172909        0.024404009998833524
1.158718755180701         0.024704729203621524
1.1771844536123122        0.025240289476589906
1.1858301492466046        0.025493625837686457
1.193306573699849         0.025714029714970364
1.217139041295568         0.026424837635419012
1.2172371691339308        0.02642779436294989
1.2172829197781763        0.02642917238899018
1.2466454645601943        0.02732259289482405
1.263373010500644         0.027842503329479004
1.265970656236422         0.02792395318691049
1.2906342966668218        0.02870682682121696
1.2934028125105697        0.028795782538948073
1.2995720715286174        0.02899479045374173
1.3147395292654973        0.029488653435606433
1.3234627936118764        0.02977564562807127
1.366100543697936         0.03120972455461727
1.404427761847403         0.032548007039004095
1.4075197057569084        0.03265799913123309
1.4082248207114307        0.03268312516163976
1.421844871237693         0.03317252331372866
1.439985096062333         0.03383381608079001
1.446021685312083         0.034056277049980356
1.4484175557187633        0.03414449703977871
1.4730091804612073        0.035062996665469734
1.5239907541874955        0.037042601739080555
1.524347942072241         0.03705685838856412
1.5243711349926405        0.037057784281524224
1.5306198038981789        0.037308040730724454
1.5344900023581418        0.037463840972535606
1.5363635995970601        0.0375394852164494
1.572316376658503         0.039018833827413
1.5758697349422919        0.03916791325469339
1.5817054303726032        0.039413867000637856
1.5822597623139443        0.0394375090107378
1.5829808222826638        0.03946828179036042
1.5915475431728026        0.03983560613188963
1.5967461899754776        0.04006006201501253
1.6089078116600737        0.04058971724665858
1.6108093475602077        0.04067275049899225
1.6287314026571726        0.04146243004018717
1.639787579163603         0.04195597764051013
1.6523266352612869        0.042524714646841356
1.6699873344500735        0.04333987662543604
1.6718514382039686        0.04342688141102537
1.6733186370779678        0.043495490552112964
1.673935642251465         0.04352437699093275
1.674421549173604         0.04354713996930105
1.6762880520309724        0.043633753977307926
1.6795730374850515        0.04378671244936997
1.740199386787649         0.04672884779285825
1.740723937356165         0.046755290465533644
1.7696147337371504        0.048237822923953955
1.8063379508866662        0.05019652357495911
1.8067061435064138        0.050216558953599263
1.8067291008535082        0.050217808455268104
1.8069117155758478        0.05022774875820885
1.8072270736380043        0.050244919367283446
1.807445928450326         0.05025682759120925
1.8079313284221885        0.05028324846517209
1.8087712885062996        0.05032899945837329
1.8691845287641722        0.05372266367189295
1.8898872468335561        0.054960659143031214
1.9044934553549364        0.05585217357682036
1.9474436869887306        0.058527623686826465
1.9610766905547423        0.059414507641372925
1.9677398604310623        0.059854576822353844
1.9685765441845073        0.05991016100551431
1.9805167865208513        0.060710622747483366
1.9838561421183192        0.06093700795315264
1.9875710329732195        0.06119003302191046
1.99858253249201          0.061948029243119505
2.039661934218426         0.06486967499801088
2.053098092356641         0.06585682536687415
2.0795565894416264        0.06784618149532803
2.1008573175842913        0.06949154777202197
2.11167325047945          0.07034198015836829
2.1373568293782554        0.07245061142531811
2.1466233757053352        0.07322907153724358
2.1610649930973893        0.07444366228913125
2.163759405565331         0.07467346428852795
2.170895428201787         0.07528693430784529
2.213542809208707         0.07910004696328668
2.2437000798755653        0.08194822585644569
2.249473113862944         0.08250779750610458
2.2558886281134494        0.08313505052372432
2.280462242712079         0.08559029774637414
2.3234552829150408        0.09008675649295189
2.3351868221605576        0.09135809831888102
2.339956326096516         0.09188437554287686
2.3469197737977026        0.09266603600605929
2.3684466130888646        0.09506635276082674
2.393429792295695         0.09799229707531135
2.4046261016477097        0.09934479261604652
2.412903763376261         0.10036112460434088
2.4274695070050782        0.10218336781032779
2.4460744962882335        0.10457374234648623
2.4741644571992           0.10831622834278937
2.478820331975947         0.10895205553535338
2.498719200280773         0.11171925745183835
2.5159915328032234        0.11422495752679943
2.544216137534081         0.11842408141621971
2.571086308121714         0.12254225875351002
2.595906201380461         0.1264506852955542
2.5981763537828915        0.12682135835192987
2.60552751247704          0.12802777354878814
2.6079062783117024        0.1284207526677843
2.6159388108155768        0.12976329145405477
2.640803348137575         0.13398191936990694
2.6429873006232554        0.13436251918245554
2.653561681313113         0.1362283051198539
2.6832600933470054        0.14167211012292488
2.702396575433957         0.14533904333252526
2.7193831862881805        0.14870457160028105
2.7235909530968234        0.14954601123933203
2.7367151601231265        0.15218149333761266
2.7496955800623657        0.15481166281705847
2.755255441200041         0.15594540238782933
2.788239722858674         0.16275979661438336
2.792164253257845         0.16358065767063515
2.793703994804052         0.16390472173331241
2.7939314744071644        0.16395267435649255
2.799177429374659         0.1650639324903468
2.8142132200229417        0.16830647036648386
2.8189056242498554        0.16933585943822976
2.8399956972936655        0.17406496246249445
2.842559980393051         0.17465139491801318
2.854764002442053         0.1774763386052231
2.8671421072871905        0.18039893656334804
2.8721757924990623        0.18159708608360353
2.906662440117766         0.18987990253683412
2.90668480926096          0.18988526960750202
2.9067961205740267        0.18991197943537577
2.912136919846048         0.1911988102166563
2.918858571315374         0.1928330320365089
2.92280982591694          0.19380133008024938
2.9334746429242675        0.19644308964354446
2.9389226213199797        0.19780849455300478
2.986294986247811         0.20967260480615788
2.993333599721419         0.21147181400193288
2.9980349755817595        0.21267882954415446
2.999343989629966         0.21301120622082162
2.999374609398564         0.21301898404070913
3.000617828644333         0.21333489525856295
3.012338176389399         0.2163243803844436
3.0235476699453514        0.21920260801164376
3.061285864280146         0.2290293995159802
3.07328881665632          0.2321991321105672
3.083048409258597         0.23479217708988556
3.106066433761566         0.24095094108330203
3.1238512297994925        0.2456876633850614
3.1480879888781392        0.2516438996266225
3.154571750737456         0.25316068126681035
3.1629351458591803        0.2550694123484265
3.1790194387762           0.258588986215382
3.1881428510270373        0.2604969137170252
3.2091192285034493        0.26464072069497374
3.2196088580413367        0.26658594763596277
3.2232298919963345        0.26723778862278946
3.2325408074910738        0.2688675791029577
3.2555868536928774        0.27311182226271036
3.2938857790037837        0.2789198511988351
3.2960822524535374        0.2791881920802575
3.302288006926884         0.2799179039092088
3.3228786782926685        0.28203815281584516
3.325380393008318         0.2822642491912503
3.3478429126990483        0.283998091694111
3.3520132692836597        0.28421014280391854
3.376004673176046         0.2847618035069605
3.3802895565821705        0.2847376148626226
3.38190183149907          0.2847195928110432
3.4113139695559376        0.28353468988247055
3.4294913226913577        0.28218350443930384
3.4403173912975387        0.28118108120269963
3.4451135110297453        0.28068981990224906
3.4536408894140025        0.27974484027894
3.4634052646838946        0.278573948284052
3.498908745976876         0.2733347576168746
3.5110279967399376        0.2711937633522531
3.519126223632907         0.2690909176438163
3.5221179999118495        0.2682848335951844
3.5278450043369           0.26678196952005473
3.534695431829595         0.26492078568324945
3.5540414853677413        0.2592910895682359
3.5626860563249365        0.2565971534620757
3.5703392563484426        0.2541202154763425
3.578270906977714         0.2514620346670489
3.6073497030268613        0.24092334042111568
3.6110574314857935        0.23952226800985504
3.6209060765012424        0.23568692691670043
3.6338167638910237        0.23040880334792146
3.6442516701564505        0.22593528074623948
3.6502158321819214        0.22329507308980898
3.665241321295486         0.2163749201380213
3.677299135258919         0.20993015658521977
3.686214145866446         0.20496400983240362
3.7046615083822707        0.19617168091509668
3.7104430060677083        0.1928944415273122
3.723873724057907         0.18508777720622316
3.7393031635417935        0.17618969787895591
3.804838613726744         0.13606567192542246
3.807376080191426         0.13443625768956874
3.8078950107823024        0.1341023339823521
3.8090893864542834        0.1333328733355403
3.8098554709853873        0.13283867403920482
3.8101675890136835        0.13263717966712613
3.81081670688962          0.1322161905560512
3.8141984035165395        0.13001748086278667
3.8156998731834713        0.12903830258577037
3.829278890384965         0.12010030196442027
3.8760832214052           0.08815420091066581
3.882771127655089         0.08341911463507448
3.9016931234051393        0.07001036272832858
3.9201325580244326        0.0569267353185644
3.946059047651886         0.038502590701401405
3.9779754734992188        0.0157767053902663
4.003477524645593         -0.0024176465686422018
4.017933392002113         -0.012863957373817916
4.028398459655413         -0.020446996134413246
4.043718067331184         -0.0315788867340394
4.073168087979518         -0.052485952607228686
4.081947780984419         -0.05882867677694925
4.082573097342092         -0.05927875530823229
4.110961941508961         -0.07935312806448397
4.11124352566358          -0.07954880282162123
4.115538148895033         -0.08252479271894558
4.123193369092644         -0.0877905578590431
4.139792738352842         -0.0991365245590729
4.1509420592401085        -0.10666356094181181
4.166167860918367         -0.11682102007770061
4.17326804799047          -0.12150968502462337
4.190028006890362         -0.13245611130586893
4.211305136766185         -0.1461076574127308
4.220665892683275         -0.15202669741253755
4.234064632813563         -0.16040667349746962
4.2346398963139755        -0.16076136936817584
4.2414695877592274        -0.164948822143678
4.242157926765115         -0.1653684452250833
4.244100282892267         -0.16653715283482395
4.24808871131534          -0.16891921733785942
4.299304078982272         -0.1973849773826608
4.304219903420096         -0.19991008922376285
4.304421035259955         -0.20001263207019007
4.305049442912193         -0.20033262121367318
4.321981371128087         -0.20871386891033056
4.342622931732759         -0.21854497111056384
4.353491636083549         -0.22355086030331792
4.361844990114514         -0.22731823651092303
4.375414416282359         -0.23328986178951816
4.397877673186651         -0.24273192287208264
4.401120616381003         -0.24401042156443717
4.410538529945586         -0.24760230743127157
4.420487720009228         -0.2512012272711886
4.421452335564637         -0.25153947141600064
4.42767149417209          -0.25367488047192155
4.4586924563464425        -0.2631536096507046
4.466761395981589         -0.2652989812453461
4.467490254846915         -0.2654862614900768
4.499943811607278         -0.27273209562905537
4.500772829911848         -0.2729176319583456
4.5080321914904165        -0.27418081938901534
4.513116415277857         -0.2750327464989958
4.54133520108452          -0.2792379755704572
4.54804260816212          -0.28009009596645235
4.555793843500062         -0.280976010147824
4.558034141388518         -0.2812123248304541
4.582011891130373         -0.283187293828222
4.59836307512505          -0.28395266146182574
4.6127633801810175        -0.2842362613383695
4.623830836876267         -0.28420570072274465
4.654667168977658         -0.2829812353425208
4.658779101366083         -0.28269124970360815
4.669732916861974         -0.2817732469696367
4.682879710910053         -0.28055227580620185
4.6867473102488475        -0.28016699655276156
4.7056636864424215        -0.27811174392329535
4.70878326188136          -0.27774555233313614
4.719038193561078         -0.27648740435906816
4.737555460410707         -0.2740043639467305
4.760955584404167         -0.27022353031350504
4.774402393955299         -0.26774962199006364
4.778361819159331         -0.26697927268695626
4.782564259331853         -0.26613840177672043
4.786494917936074         -0.26533883978428313
4.796143288078794         -0.2633226258916959
4.818478338122822         -0.2583631802603669
4.852578995715868         -0.2503385795869036
4.858136561733416         -0.24903248069843073
4.862209970782917         -0.24807548254539605
4.864568908203792         -0.24751207883423892
4.871051302100694         -0.24595466785928974
4.893363666353157         -0.24061364563243273
4.921483363184956         -0.23365712133498062
4.923155538143497         -0.23323552539745646
4.951988836279505         -0.2258261673460187
4.9692787509437215        -0.22124739320931916
4.979461465950605         -0.2185042177756257
4.982236213223121         -0.2177507306777612
4.982573568398674         -0.21765894661842208
4.982880671755148         -0.2175743418409329
4.984508269065693         -0.21712626213454478
4.985125340411956         -0.2169565186831164
4.996912042579782         -0.21384506125823394
5.035816373160811         -0.20375992895495296
5.073932256251362         -0.19415434825773653
5.08343081898845          -0.1917837845255476
5.084068083155361         -0.19162588738086028
5.092218563240946         -0.1896191154894019
5.135688484657583         -0.17931406491888055
5.1362069058386455        -0.17919521093315455
5.1440043998601785        -0.177419044518881
5.145520238646322         -0.1770762597884284
5.159811332483962         -0.17388459555000194
5.164799845721562         -0.17276716655311591
5.183163521485855         -0.16866122445431017
5.190015566300356         -0.1671322062143724
5.2037273073059955        -0.16411520321614947
5.209592713972195         -0.16283965888126703
5.227377593284585         -0.15902703446033997
5.231613232371408         -0.15813122563329834
5.249018720214879         -0.15448244615108792
5.251375902950821         -0.15399708885946375
5.25230796306065          -0.1538057507485432
5.293148685637707         -0.14574359516816654
5.310019067546518         -0.1425969694226718
5.315939188922048         -0.1415182145094735
5.331843882154175         -0.1386855699357681
5.358710850559559         -0.13394535022468868
5.35872322533213          -0.13394319750169772
5.3587364987956105        -0.13394095586813257
5.36981849444408          -0.13208134235197896
5.387060516181126         -0.12923540238125186
5.4076053889000555        -0.12586273259596698
5.421467161523387         -0.12363326076779546
5.445664347316552         -0.11983048299618852
5.4480588854338645        -0.11946031625619791
5.460945835824756         -0.11748718107537581
5.477047493600363         -0.11506694801541507
5.500423516381009         -0.1116965610038532
5.5123067806719925        -0.11004087445896216
5.525052972888632         -0.10830815757156236
5.541094865057696         -0.10613616837136274
5.559244880743976         -0.10375074325546554
5.5604698700513335        -0.10359249840370793
5.564622105489677         -0.10306590291644821
5.583187245233736         -0.10074393085833365
5.592230887290019         -0.09963206797248556
5.595657010038464         -0.09921413835249834
5.607776376554925         -0.09774824692542977
5.6336865692811315        -0.0947021727457864
5.6626989338165705        -0.09143350971327423
5.663893087238627         -0.0913021880641461
5.664776927396598         -0.0912050239772797
5.665578900918549         -0.09111696746497588
5.680319706460095         -0.08951667283185652
5.691283124715833         -0.08834889780377678
5.7250791753961385        -0.08486953537150026
5.749726761541219         -0.08244717369539926
5.75054787726116          -0.08236743465871164
5.768924694987804         -0.08060542556548542
5.77358471232824          -0.08016548220633876
5.77533467308379          -0.080000989507499
5.801045174921111         -0.07762943206501804
5.805530766289523         -0.07722434444430723
5.818902180455226         -0.07603206885572443
5.837670058735451         -0.07439720855456342
5.8506661766851416        -0.0732903025494283
5.855358913180924         -0.07289593159497022
5.862848392943054         -0.07227237263043128
5.8675631064351785        -0.07188352208637211
5.872241112907083         -0.07150344743057091
5.8766433865455205        -0.07114736843372134
5.902021239601591         -0.06912479504052468
5.90431429757213          -0.06894457090207659
5.907708239881993         -0.06867859141329577
5.911933781753692         -0.06835504002063154
5.916712785302418         -0.06799090119300581
5.938637794172823         -0.06634468522593687
5.945599989807747         -0.06582578956599386
5.955421917111052         -0.06510158199819223
5.9615513261561865        -0.06465427871592573
5.970554532266296         -0.06400372270306309
5.990723357789863         -0.06257428699361249
6.015746505346433         -0.06085448735440703
6.026271122509967         -0.06014890682696622
6.036670823725149         -0.05945703426623321
6.043939026909765         -0.05897902091407772
6.046170042543696         -0.05883366452068916
6.048532343094665         -0.05868027291341747
6.058880790397835         -0.05801459908401613
6.063442640626316         -0.05772440288056729
6.068262662554532         -0.057419943587895275
6.077135197901115         -0.05686530848113762
6.079113117826737         -0.0567426910197396
6.082681713918746         -0.056522408064348405
6.086543814978797         -0.056285378470085023
6.10928075864432          -0.054905790732667346
6.110260400732505         -0.05484706972119034
6.1371666970082135        -0.05325751644520615
6.13722940569271          -0.05325386857945361
6.1583334599819555        -0.052041072102850756
6.172657729195889         -0.05123885749186444
6.1824010464896055        -0.050700420694133636
6.191088519577823         -0.05022526660527431
6.203771649571468         -0.049539926476318726
6.210117708518486         -0.049200735162036345
6.214219027471749         -0.048982843729331114
6.2363187985658275        -0.04782659038189714
6.24471238687438          -0.04739532818479518
6.261901957055018         -0.04652568142478835
6.263382606180979         -0.046451625043132806
6.272755271691382         -0.045985975255028136
6.303441180720644         -0.044498065493818836
6.306412504135945         -0.04435555546815708
6.331779108316786         -0.04315915240616704
6.349796033673599         -0.04233250923650939
6.360096214211008         -0.04186675256679529
6.367332741125857         -0.04154250117785842
6.390686996197876         -0.04051278468710883
6.4036407016293655        -0.039952655417015634
6.406165595420517         -0.03984439213874497
6.419485775050163         -0.03927818775530763
6.426398127786099         -0.038987637898367976
6.432914511028202         -0.03871578137371109
6.457485369585127         -0.03770860036068812
6.466522051668481         -0.03734291761231054
6.4898235052765845        -0.03641426774930203
6.50913694510325          -0.0356601503284358
6.519927570810897         -0.03524633335432674
6.51993725867057          -0.035245963913335385
6.521702951041543         -0.035178692718584016
6.530903237918166         -0.03483018125979555
6.530945204900902         -0.03482859925960135
6.557874561713951         -0.03382793722888301
6.569448767210201         -0.03340673543829718
6.575844378609637         -0.03317603572707278
6.590705887557136         -0.0326445723282861
6.6381035808171225        -0.030992684208791636
6.639244953204588         -0.030953690167958813
6.640344079695852         -0.030916179111674914
6.656608168410719         -0.030365668565827574
6.673827650346113         -0.029792111985344767
6.704590616289112         -0.02878876618965512
6.708871192632825         -0.028651122711000867
6.726118633440105         -0.028101399131756667
6.727950063373733         -0.028043485080843207
6.728238656668763         -0.028034367124730463
6.728730221437634         -0.02801884142392088
6.72929466824873          -0.02800102162355598
6.729628944499662         -0.027990472338907568
6.731801687785718         -0.027921975145033015
6.735676957423923         -0.027800146139929923
6.809444402631342         -0.025563106016666535
6.8178823032687905        -0.025315957845860052
6.829090341085448         -0.024989972192710243
6.870633706052712         -0.023804579800729808
6.873639475549066         -0.023720212605015695
6.875899933309782         -0.02365695677608081
6.882241248960948         -0.02348011785052685
6.8840515969282094        -0.023429799215767294
6.888713567375564         -0.023300658513130797
6.897690914361801         -0.023053084193429958
6.91027421433711          -0.02270884623165107
6.968513385384082         -0.021154190864711268
6.97314815280961          -0.021033194413880966
7.006168510589924         -0.02018278577323048
7.009147223089292         -0.020107074736401522
7.052839093910962         -0.019015614356151414
7.055752206130631         -0.018944112139045864
7.074427592837539         -0.018487061357722802
7.097393506203155         -0.017932555572668502
7.097690218113655         -0.017925446027672796
7.10001858536914          -0.017869704024254605
7.113656101211209         -0.017545238531487303
7.124597454313682         -0.01728733905810277
7.1286832299792975        -0.017191392676533947
7.132449155710809         -0.017103130594764093
7.136714702503864         -0.017003359617207024
7.167706050849053         -0.0162850476242812
7.190406279531504         -0.015766317308001637
7.205105878172531         -0.015433755090394232
7.21748578489869          -0.015156372022129157
7.228920215843701         -0.014902048340376232
7.241499530123407         -0.014624340422421287
7.249095736234613         -0.0144576977284557
7.264958705814642         -0.014112264492183073
7.27146685630408          -0.013970718017394513
7.295310292245915         -0.013455861854209144
7.310140501172768         -0.013138576203455
7.313324839666113         -0.013070743374598926
7.315654049098782         -0.013021192484478524
7.344738957816404         -0.012408552213057127
7.3494326065782785        -0.012310386967338416
7.360091691884572         -0.012088164050511312
7.37115586923044          -0.011858569246356589
7.378575830194389         -0.011705208862819023
7.390429196848375         -0.011461236506834383
7.398333952075201         -0.011299234206192913
7.409339367423316         -0.011074615669022276
7.42785218511186          -0.01069921327782165
7.453188950615269         -0.010190397542957193
7.471134921517888         -0.009833474037631974
7.471305115262857         -0.009830102863149118
7.471369472472831         -0.009828826352943089
7.479999012684841         -0.00965792660776498
7.4802104462191625        -0.009653745976732514
7.481015259578902         -0.009637835461325756
7.487042873438584         -0.009518731716839344
7.508437575551194         -0.009097855170452944
7.531836118129495         -0.008640910466159907
7.556956118401244         -0.008154244997752441
7.558110916818855         -0.008131969387849006
7.570597525713952         -0.007892149019633608
7.599527097810933         -0.0073395908485336565
7.599757818686056         -0.00733520128691142
7.5997616341222205        -0.007335128698926966
7.635477629262063         -0.006658906270678204
7.650994631183014         -0.006367154260797315
7.676397640923255         -0.005892187378383951
7.7015614707489           -0.005424404871790518
7.7024723448740495        -0.005407508015111709
7.708379330513218         -0.005297993250172613
7.715905761418791         -0.005158606656779171
7.716407279596986         -0.005149324805838701
7.72215595142615          -0.005042993460559166
7.728046742018802         -0.0049341393927431814
7.74207899662398          -0.004675273979614127
7.753561674488638         -0.004463895811990106
7.763552259231617         -0.004280316413728058
7.768573749255246         -0.004188161868892973
7.7945417873614105        -0.0037132176708292016
7.808551133125929         -0.003458039990414459
7.823219906477228         -0.0031916375357023603
7.8380922557223895        -0.0029218614617661782
7.849934407837913         -0.0027072441542695595
7.870420250363882         -0.0023363791766121394
7.883339510122011         -0.002102758520098313
7.89027903332954          -0.001977354157297283
7.896770960391776         -0.0018600914300671441
7.9248554978861305        -0.0013533960101725262
7.931099394395985         -0.0012406901559201184
7.942587669712607         -0.0010334351332052733
7.974945670778895         -4.504781142606424E-4
7.981146865622451         -3.3889307617888215E-4
7.984690697082044         -2.751444174736226E-4
7.985809517198579         -2.5502589013480016E-4
7.9868132216741365        -2.369787956078806E-4
7.99137159810925          -1.5503402789103366E-4
7.996646281210337         -6.024729177817195E-5
8                         -2.453481972957164E-17
