0                         0
0.013457802914326713      2.1261983233598919E-4
0.027172580866039856      4.294780682614524E-4
0.03350175265458702       5.296157586075867E-4
0.04672410977201127       7.389385354689461E-4
0.05505620023006539       8.709296337384935E-4
0.06692382712593947       0.0010590429994111082
0.0738051152392363        0.001168179853134734
0.0837901299350286        0.0013266222859685127
0.09788889584104268       0.0015504834148190529
0.15147126618584023       0.0024035361995291774
0.15581504416637998       0.0024728238441785954
0.15730842889722327       0.002496647834618799
0.15884566953052148       0.0025211730602288933
0.16366842047031993       0.002598126048896739
0.1644551328709212        0.0026106805403663907
0.16487807459097087       0.0026174273864152903
0.1672309446906741        0.0026549680013238457
0.17207479492697436       0.0027322911737660115
0.17289368546970307       0.0027453683604624136
0.17976246174608057       0.002855204922309436
0.21239332384574375       0.003377920119081102
0.22490701563673932       0.0035787828158365315
0.234756284139802         0.0037370357304233257
0.24725693472762295       0.003938090127685829
0.25923359767753384       0.004130927297178548
0.27449841242485          0.004376866514038364
0.28548121522962044       0.004554317886897009
0.29760783502067967       0.00475073799294217
0.3145872067742935        0.005026620544613219
0.33199568835900256       0.005310517450135367
0.3534909930560632        0.005662517894134926
0.36305951045567275       0.005819726585189344
0.38601498174237703       0.0061981120995216925
0.41023201262785236       0.006599177619114939
0.44031960037740553       0.007100163433181281
0.4513304879210874        0.0072842270928541114
0.4664976989869282        0.007538813331871864
0.4799948470200004        0.0077663575974402255
0.4812355767221335        0.007787321494371429
0.4865617675160225        0.007877404630364
0.488204941250386         0.007905225339944047
0.4995446676599204        0.008097560076045635
0.5438338492544185        0.008854884036957014
0.5799724610467494        0.009479540576044132
0.6077382065511661        0.009963564208771902
0.6176295023005506        0.010136852304110848
0.6190589309690826        0.01016193214544125
0.6241739147107477        0.010252143686680891
0.6698879439421553        0.01106251207164652
0.6944731368902297        0.011504208967747988
0.7049960121779753        0.011694518990013104
0.7098178555402912        0.011781975393854137
0.7144802042614791        0.01186668932926621
0.7306185000015282        0.012161060466687251
0.7741065679897176        0.012963124120805518
0.7810156474441812        0.013092304892010995
0.7840493596746841        0.013149151473432761
0.7999544593968609        0.013448429272056856
0.8136453421372822        0.01370625081885597
0.8156683458999373        0.013744501207050407
0.8327577164329029        0.014069203925599546
0.8450001213454095        0.014303636936069928
0.8695182812161636        0.014776502054312076
0.8907610114550946        0.015189820570226342
0.8942951236235793        0.015259130181746251
0.8964104015631766        0.01530066618380055
0.9048173335614832        0.015466131286002079
0.9052110752814141        0.015473895984895968
0.9056278285440373        0.015482115947979732
0.9401081403688915        0.01616743576971834
0.9628975402658633        0.016625086686810724
0.9697543027984901        0.01676385421111283
1.000007382124996         0.01738203695649862
1.0116598390233806        0.017622714472297657
1.0144634031570725        0.017680834815715175
1.054994890694322         0.01853034882520574
1.075840009675979         0.018973994759126603
1.08321153767787          0.019131979400330453
1.0867781151973768        0.019208623034743095
1.0919012249589706        0.019318939254571024
1.120324735843961         0.019935849586636276
1.14234638396087          0.020421350765963974
1.1478955154430834        0.020544942253152357
1.1572115040608977        0.020753310632988253
1.172216120445188         0.02108950934022946
1.178792825715481         0.021237776141911847
1.207090019131514         0.021882019765027367
1.2087251191494097        0.021919568738176794
1.209402234479614         0.021935127319900636
1.2099571905285675        0.02194788292392063
1.210020481648581         0.021949337890397574
1.2105131567109189        0.021960665329010642
1.2109401052139535        0.02197048387999403
1.2120034878621422        0.021994947725561036
1.2139308713643089        0.022039321944467637
1.249126944187029         0.022857222733805038
1.2835841236486654        0.023670779658506558
1.2859093237026116        0.02372635142679468
1.3253816439939474        0.024682699169461985
1.3283903490497972        0.024756599643945245
1.3303980053200073        0.024805991298643203
1.3330496430127237        0.02487132306821476
1.3367380326254563        0.024962382418267984
1.3663234200180359        0.025700527218546352
1.411669066452986         0.026858591945340383
1.4447936002413868        0.027724977198254015
1.467823408551373         0.028337495828801407
1.469228752860556         0.028374991356980035
1.470956057203171         0.02842085935702219
1.4883346703629639        0.02888372196451395
1.4983549797760414        0.029154918260354153
1.528941128119608         0.029992493514729088
1.533728498081103         0.030124960805351007
1.5349670599360608        0.030159294895346654
1.549533543523711         0.030565031229322328
1.551434246424582         0.030618237324703267
1.5784840609753608        0.03138203708088458
1.5913015343086117        0.0317482668659052
1.6019922415350853        0.032055846771046025
1.6119513059861141        0.03234410953436447
1.6232396238696194        0.03267286812819055
1.6470214820536513        0.03337152798005495
1.6792599431138493        0.03433859580066351
1.6817679486260608        0.034414551215848584
1.6998289254287133        0.03496472266258712
1.7039870328688742        0.03509218014909128
1.723824914835902         0.03570671222014793
1.7552079305980437        0.036691428962434554
1.7577897544442314        0.03677312407142042
1.7649866710431195        0.03700140094587997
1.772601917311396         0.03724382685036341
1.7895185972788639        0.03778823805339347
1.8149838466434938        0.03861429270868895
1.8272343416547598        0.03901447773175052
1.8278052301132897        0.03903317117080485
1.8292260961453164        0.03907971380708788
1.8416599400981337        0.039489075923485356
1.8695568447354765        0.04041855663667619
1.878106750759272         0.040705459890452086
1.8799542535647362        0.040767668112436616
1.8970800898016205        0.04134792154080732
1.9479273576668539        0.043109014436278764
1.954951224376823         0.04335678988077426
1.956735308964234         0.04341921382607604
1.9643076039353997        0.04368477277242046
1.9694581155059074        0.043865963808248046
1.9702373846701104        0.04389341763952509
1.9847171627949605        0.044414172257251354
1.9954605656049536        0.04480263393303619
1.9973215464264473        0.04487010388659052
1.9990357275263484        0.04493207927711787
1.999298859135317         0.044941595059555625
2.0355807177048013        0.04625975786929879
2.071605325449857         0.04758052021015215
2.0763233582442826        0.04775437796899619
2.0888062774681653        0.04821535361779627
2.0981986975326117        0.048563143984737725
2.105298855660185         0.048828663259375314
2.113165969596561         0.04912353714322239
2.1240727128733106        0.04953351283214956
2.1421462971729923        0.05021587948326815
2.1453282250035572        0.05033639965694695
2.1544517594121215        0.050682608878962365
2.185815812387286         0.051880036872128346
2.1957155109932183        0.05226032706091295
2.200516370033571         0.052445152374907225
2.21070482129163          0.05283826458674229
2.2215763332248164        0.05325904133226274
2.2323041001656945        0.05367615862402092
2.2700787847250012        0.055154992552154794
2.277595219790852         0.05545295316335344
2.2802848697328812        0.055553613413899694
2.303184486504681         0.05643787310719755
2.3233683506459357        0.05722279105282584
2.326280471729455         0.057336466153119714
2.330854948554939         0.057515249199221435
2.3326829279041656        0.057587391212663826
2.351871123921084         0.05834553412580981
2.355203647464477         0.05847736747125836
2.360070625424033         0.058669989561142735
2.3743946184101747        0.05923748984406616
2.377218392474644         0.059349469292682866
2.3872666457980927        0.059748222113758576
2.411010547170987         0.06069220574753769
2.422476712749598         0.06114893808182904
2.4329531792215184        0.0615647415241902
2.4560910564333116        0.062473708019091016
2.460231949467295         0.0626350228147678
2.466231783878182         0.0628680233504708
2.4776234836926436        0.06330803017825413
2.4824580251407884        0.06349385583070397
2.489404861485969         0.06375960001024866
2.5057247269473972        0.06437799888446148
2.5264009789616413        0.06514958382438048
2.5264327814271224        0.06515075075888821
2.5264655655791906        0.0651519536914333
2.526614012904715         0.06515740030043815
2.559260239346986         0.06634347987955205
2.5937546318321485        0.06761816620571871
2.6141980760127237        0.06835382869053008
2.625598661409085         0.0687545046993006
2.651835220707517         0.06965054497122433
2.65403460543434          0.06972400930548847
2.6740598261720585        0.07038115576470133
2.724113703281482         0.07193118771501063
2.728228490093726         0.07205273157846391
2.731209761314485         0.0721402352316299
2.7413853838559925        0.07243536945047252
2.754285924732041         0.0728014770771134
2.7595930436990477        0.07294960897650961
2.821791567027719         0.07457792314617447
2.829717266612226         0.07476094784820883
2.8382386909953503        0.07495439288640261
2.8450568953668345        0.07510241926078912
2.8638203099922523        0.07551419029844347
2.8988903247636975        0.07614099175182955
2.9085442565907753        0.07628922495430254
2.9211273793735817        0.07646668032869584
2.9604162192621906        0.07690600898815375
2.9712080181434346        0.07700380679699878
2.9941757021002386        0.07717158810272831
2.9954794290878404        0.07717946497684514
3.0037838451154935        0.07722548575051552
3.0327030861231363        0.0773297189984542
3.043639563332062         0.077329630614113
3.0493767755926067        0.07732245925616932
3.0913781481859695        0.07712624707469652
3.1016442797762247        0.07705355833368785
3.106355298093474         0.07699368015116519
3.1203446100116903        0.0768333670099314
3.123058768118255         0.07679880667138317
3.1256863454723414        0.07676427854126568
3.1528489998022486        0.07634564156630663
3.1643045568218673        0.076135352712809
3.178260726699772         0.07585211759988367
3.1838748591901362        0.07572980314290273
3.19303389726413          0.07551993877283238
3.1940563056631373        0.07549571820822792
3.2074148906308726        0.07516460843618204
3.2361768433878537        0.07435932977646206
3.2665729204055367        0.07330442653279677
3.2676461176144334        0.07326457409943492
3.2722387016902026        0.07309202319136628
3.278332649615677         0.07285803683094547
3.299173394897838         0.07202201729980309
3.2993947436655553        0.0720126544911349
3.299646510336679         0.07200199268599795
3.3576181267040495        0.06919697924329785
3.379618947316466         0.06794998439366425
3.3911322963471666        0.06725739847512782
3.396222580976074         0.06695536876052377
3.402456353708779         0.06654966493806372
3.425510015810655         0.06499927921722966
3.4592046720738066        0.06257056767986861
3.4644177357750627        0.062177550774089756
3.4720118581564123        0.06159674797856178
3.50567246105845          0.058904201573970354
3.5153410550899364        0.058095152769729624
3.535132948416091         0.056389390730121884
3.568322536123749         0.053379320564356854
3.577894979481585         0.05247633348132302
3.578463072411017         0.05242225397964047
3.581520172992909         0.05212178844551308
3.5962125846028066        0.05064862647034215
3.6048842870982902        0.04975651365137388
3.6061774854514854        0.04963175517004219
3.619928000432936         0.048280059351228755
3.625222920661308         0.047747302692811806
3.6258534089426395        0.0476815292821967
3.642379217405454         0.04593082937661334
3.6795841899272923        0.04180114504866737
3.70184900908724          0.03921836678676965
3.7184668333651505        0.03725122297189713
3.7384963390739396        0.03483542437060328
3.7481747754216412        0.033650542133678664
3.7867301692124995        0.02881690990260703
3.8023194036540975        0.026810999959430933
3.802814214213368         0.026746845632219476
3.8102633822629444        0.025771957343597968
3.8128901494292964        0.0254337226770887
3.8133207291728626        0.025378222929175267
3.8190346233579078        0.024640226420837467
3.868326856845247         0.01815774509320256
3.8822330998603993        0.016291323912357648
3.88447750882758          0.015989395673272695
3.9009385529366196        0.013765186232654849
3.9368024266002712        0.008879249809930366
3.941169308043114         0.008280634022052103
3.9616273052044404        0.005465564337116463
3.976748392548734         0.0033735631365188596
3.9890435141398273        0.001665451962462131
3.999041554088928         2.5457461428217876E-4
4.0232037056741445        -0.003180433344145495
4.036580239919452         -0.005080918702217223
4.06138375391928          -0.008563940783168925
4.072757175910418         -0.010143250343420996
4.080576154489476         -0.011222499842683862
4.089826330276701         -0.012492466900690013
4.102390933983918         -0.014205619232708066
4.106113376319805         -0.014710542427653215
4.108775982788344         -0.015070970927211937
4.146473650685966         -0.02010976979797244
4.1773872669137795        -0.024186967429835775
4.191792612615314         -0.026070015107239327
4.193909127444211         -0.02634303801708002
4.195327214389334         -0.02652564706931252
4.197830447301815         -0.026856585802859503
4.1979876381037045        -0.02687697118705313
4.205831061130864         -0.027889665475518518
4.239127779492868         -0.03209083285706605
4.254590064350464         -0.03398788376073844
4.259795042084066         -0.03461878882124248
4.266067028338108         -0.035385080417732306
4.274255436638911         -0.036375891281259565
4.288485178561652         -0.03807178747040052
4.320101972362378         -0.041722062362618315
4.3399106409214285        -0.043926257023460154
4.34975749420496          -0.04499822581915118
4.3620950837370795        -0.04632447143196519
4.374287035277875         -0.04761773300223459
4.389446161494062         -0.04919101209198985
4.391493888028393         -0.049400101730666106
4.417550467506941         -0.051989358976245216
4.436980962945104         -0.053834084873765675
4.43928791510163          -0.05404822148637697
4.449875566032704         -0.05501769301513432
4.462215259004323         -0.05610405396957409
4.4791048369623185        -0.057555610726253016
4.482007901733481         -0.05780099513231478
4.5177709674364515        -0.06072483797442647
4.547017072627517         -0.06297967359028189
4.549553089230581         -0.06317177018645605
4.568187266285081         -0.06454493185462466
4.586945286392901         -0.06581038488059864
4.596956971033119         -0.06645778668888266
4.607066298220756         -0.06709172446990305
4.611368928686605         -0.06735550539143383
4.6183750176228475        -0.06777732324406137
4.631638200485988         -0.06854972446948487
4.642141698843972         -0.06913713889240258
4.654550591088125         -0.06980346872609024
4.655972771118011         -0.06987792403196116
4.682208342924946         -0.07113661443240682
4.695323842239015         -0.07172266227150907
4.713794591077715         -0.07249415179750447
4.721209344039659         -0.07278613683444322
4.744435794003442         -0.07363508047780352
4.7646296436418165        -0.07429224905634825
4.775714076303464         -0.07462096900486823
4.77925097215314          -0.07472108594692164
4.7884366544294075        -0.07497031317701368
4.794338790297124         -0.0751332245027399
4.798796479880515         -0.07525229877496177
4.802375356732646         -0.07534542723366458
4.831924611389952         -0.07603025273284951
4.838451095082706         -0.07615602436907641
4.84081347161044          -0.07619941618020244
4.851237628538868         -0.0763834210688772
4.870476863674505         -0.07666767612202664
4.882900518460096         -0.076819461614802
4.895660865851963         -0.07695146093250825
4.910533543034838         -0.07707474633995488
4.91432991225191          -0.07710094488712323
4.931467972106251         -0.07719253115640988
4.945266665698914         -0.07723452364264742
4.957488338524186         -0.07724806591488749
4.964986342136488         -0.07724537770293219
4.980035425752407         -0.07721474710738727
4.994734298761333         -0.07714973015489683
5.003178765340992         -0.07710253005864037
5.02513968979368          -0.07694613270511652
5.033498375392058         -0.07687383470102925
5.058335684332167         -0.07661745862456384
5.063135761723775         -0.0765607425163291
5.074538432593349         -0.07641670245667295
5.084622484768291         -0.07626373260235816
5.0870716843409625        -0.07622465345393634
5.10633952220304          -0.07589096285568979
5.113472580747413         -0.07575561263107694
5.129114950249132         -0.07545339109738103
5.143102778013704         -0.07521584002532596
5.155744436354837         -0.07493798642765681
5.163073765780632         -0.07477331826209042
5.176490632909524         -0.07446205056806643
5.210863065806111         -0.07360660490434535
5.2111546347619955        -0.07359899151043185
5.211221378092797         -0.07359724787646335
5.226442607416274         -0.07319138281635226
5.234578741164856         -0.07296772585414492
5.235592367070635         -0.07293953439099407
5.245981945648736         -0.07264639003466215
5.276394581923025         -0.07174446432418696
5.288596803097679         -0.07139355832058918
5.299755793379029         -0.07103455816262608
5.305781433004935         -0.07083931146636435
5.306260314547674         -0.07082375251540386
5.340892712655274         -0.06971839691799389
5.361525092030055         -0.06903528203087776
5.363339538836151         -0.06897432921661054
5.363496137881533         -0.06896906191809674
5.366310599854924         -0.0688722031117581
5.366559164136448         -0.06886363783570788
5.40543004969793          -0.06750218459387315
5.435001129031621         -0.06643717358719448
5.4350564153124985        -0.06643515873671561
5.439109721405645         -0.06628719929477697
5.470258578558872         -0.06513429497004451
5.512812596233059         -0.06351387498848571
5.514226872726284         -0.06345912084708158
5.5147233049297535        -0.06343988760018592
5.516093444246844         -0.06338676736067492
5.516604140393075         -0.0633669537962604
5.54195447044727          -0.062369257487392166
5.574830676125169         -0.061093465545071
5.599161024784519         -0.06014332223213088
5.599481748401095         -0.06013076789133504
5.613522508935913         -0.05958040642824791
5.6262314743774855        -0.05907968743313216
5.655020509516168         -0.057947447670564686
5.6669096643642405        -0.05748067692717986
5.672193588641143         -0.057273382058253886
5.704127178994329         -0.05602259340522768
5.7242752036280695        -0.055235197574029296
5.7505732355669705        -0.054205740601124465
5.752075640521478         -0.05414712446340772
5.756546339156021         -0.05397282647061115
5.769547388979098         -0.05346680111302812
5.779074765321178         -0.053097812555074626
5.793591583989379         -0.0525385703289665
5.806506608284481         -0.052044063907196236
5.815164844686261         -0.05171414343975937
5.832267791242256         -0.051061357160128266
5.846248331293176         -0.050527353911784416
5.855938308671182         -0.05015702625862089
5.861848088813817         -0.049930478091791713
5.883154868885354         -0.04911928470047202
5.890097857926326         -0.04885684147575147
5.894219065031516         -0.04870150046182582
5.9139880826356706        -0.04796089808387277
5.9312749834061105        -0.04731945800180832
5.9577669705868           -0.04635049563068387
5.982904222613468         -0.045440143561817824
5.995276009939489         -0.04499533561000602
6.007951126101205         -0.044541838198669415
6.069657066560373         -0.04236612912877123
6.075131436266804         -0.04217567398239329
6.082290532302038         -0.041927238028503296
6.0845571903767794        -0.04184872928924421
6.084628128322693         -0.04184627234403447
6.0861840117768455        -0.041792393808672904
6.086233690205416         -0.041790667227155354
6.08749205664817          -0.041746951109936134
6.118640916559985         -0.040684393258592126
6.145791648129124         -0.03977395303181665
6.147967788541129         -0.03970155115022774
6.167377308915649         -0.039059524723443435
6.182220889946758         -0.038573072840422204
6.182285494689713         -0.03857096422775431
6.218859334539936         -0.03738921557392363
6.237050330580424         -0.036810341764116884
6.24580086333353          -0.03653398874679204
6.248531440393887         -0.036448033737043375
6.291927020950746         -0.03509988191516414
6.297510934758761         -0.03492837442207056
6.307197367270146         -0.03462963977806392
6.314746020098588         -0.034401627979998066
6.327503002535511         -0.03401633464550658
6.368353991909786         -0.03280155226397794
6.372376714164126         -0.03268349683588947
6.393065845361518         -0.0320807706083098
6.40154810314377          -0.031836024863672784
6.4036395867884925        -0.03177586777646307
6.4368152402368155        -0.030831706254687282
6.446662362051566         -0.030555107095164055
6.470184097420531         -0.029901149578762172
6.489199266144645         -0.029379443413946577
6.500567985049528         -0.029070499393160643
6.5218627547916155        -0.028499222843028756
6.523791830981727         -0.02844774079900893
6.527591310998159         -0.0283464734280361
6.562990911397365         -0.02741046958917888
6.570266395593863         -0.02722007788398113
6.589359112087659         -0.02672454456105738
6.601393108234263         -0.02641540454333004
6.618112296573424         -0.02599000232546286
6.63284657195364          -0.02561905207565046
6.651008606514406         -0.02516689414381356
6.671346029517198         -0.024667248197261592
6.671670691387013         -0.024659329111139144
6.689618363835051         -0.02422332312936546
6.715451240058485         -0.023602594673910796
6.723080274598489         -0.02342082207288211
6.730945561097703         -0.023234156842239076
6.734237548060332         -0.023156250737681433
6.750906869875872         -0.02276377565553465
6.761048830354931         -0.022526628819842513
6.772732072861471         -0.02225498341272561
6.781997406115625         -0.022040729333505576
6.790755388064734         -0.021838792545100728
6.795611378296825         -0.021727249251914504
6.814514546067202         -0.021295915872587508
6.8169648238860026        -0.021240340486522562
6.834860195382618         -0.020840594568836465
6.846781176850978         -0.020577449941724342
6.856705292419654         -0.020357064360106848
6.863246521214047         -0.020212533780198175
6.886981263007951         -0.0196911308645788
6.897022479293153         -0.019472636703320455
6.900461315056901         -0.0193985213308271
6.906730220786244         -0.019263706456957866
6.920220300393995         -0.018974892015230834
6.925681687504057         -0.01885846953741026
6.937955050737571         -0.01859789035827694
6.949142219099567         -0.018361646754671064
6.954674960101083         -0.018245256179387555
6.960623035498804         -0.018120498747881228
6.97732555890755          -0.01777222506978559
7.0067116059945285        -0.01716682633850667
7.012290998349473         -0.017052940259867876
7.015266115998888         -0.01699232058626289
7.044815854733804         -0.01639484575392595
7.045598667100617         -0.016379131919757036
7.058637114755635         -0.01611826959310911
7.092947422357723         -0.015439622693670866
7.0967072488223675        -0.015365942215430379
7.097124766307217         -0.015357768598061584
7.107732232804685         -0.015150615430031609
7.111454824553693         -0.015078182163784051
7.114242210377753         -0.015024017887746367
7.150270017459079         -0.014329475827403829
7.17825006763985          -0.013797182745639174
7.188630138323342         -0.013601291660547079
7.198052840341926         -0.013424208123542808
7.211649161588756         -0.013169930150437072
7.223551381980572         -0.012948539156797235
7.243892524176927         -0.012572498994210755
7.2848140432461985        -0.011826966213834032
7.2904771308162655        -0.011724575012060425
7.314076879028212         -0.011299928748410414
7.317714099286721         -0.011234775557480066
7.336270624659795         -0.010903595519513403
7.352059737615239         -0.010623394187862739
7.367325358075683         -0.01035393805228339
7.367418719037697         -0.010352294522718084
7.387966697767333         -0.009991868990903917
7.408273240559172         -0.009638224708416096
7.428638242237195         -0.009286104539549266
7.435944373881673         -0.009160398698991169
7.456660469306141         -0.008805143528177031
7.464987637761926         -0.008662719460277411
7.484107591480451         -0.00833631819754854
7.513184600125357         -0.007846263821086144
7.513418990824597         -0.007842326331998314
7.513463550408633         -0.00784157780645893
7.513549592470233         -0.007840132466582897
7.53296421186754          -0.007514467387534058
7.535301274016314         -0.007475360689238792
7.5682412167033695        -0.00692635508912725
7.572815311903968         -0.006850442272912156
7.581118401274793         -0.006712843418243012
7.5946522224514155        -0.006489109791916847
7.6042351218836135        -0.0063311226597921565
7.624900438557971         -0.005991645933664238
7.627355336370682         -0.00595142912442844
7.642643012205866         -0.005701511238610918
7.656372420606607         -0.005477300528375279
7.673822651548803         -0.005193030288926947
7.682184243700064         -0.005057096375794919
7.684744756648259         -0.005015506455998218
7.698468947245314         -0.00479349217055681
7.701520303740881         -0.00474419260486319
7.717896433842133         -0.004479993992949021
7.722241300722807         -0.004410006277491507
7.738316303531465         -0.004151464184696906
7.754952059906755         -0.0038845601535565178
7.761040828280716         -0.0037870390070152346
7.769873971038196         -0.0036457215346476753
7.792452603606343         -0.003285352369031915
7.805976495775207         -0.0030700919749178015
7.825723525334497         -0.0027562255217146933
7.846672420042033         -0.0024236775821971524
7.857597142000847         -0.0022504279568369397
7.86307095681715          -0.002163665871784362
7.879068453262192         -0.0019102691370318707
7.889506692439802         -0.0017450661773141328
7.90057709964408          -0.001569975772828076
7.9363491193982405        -0.0010050310272603918
7.939612786174189         -9.535511614525722E-4
7.973021593684895         -4.256862007239433E-4
7.973640454185477         -4.159173008786038E-4
7.977488146010232         -3.5516623577313416E-4
8                         1.2921514614477353E-17
