0                         0
0.001305189720750294      2.4865257828977223E-5
0.0025337995953775717     4.827416418723295E-5
0.004454502535638441      8.487463982746976E-5
0.06524000881377424       0.0012463438477318901
0.07986912634211929       0.0015267852044886104
0.08850064501694635       0.0016924182715268973
0.11713488449275308       0.002242844878205541
0.13320655596040615       0.0025522875768271423
0.13618799135716333       0.00260973160595162
0.1593586042881452        0.0030565889072014926
0.163721379230363         0.003140811251078199
0.18143784147983885       0.003483477805900493
0.18246992262662973       0.0035034614495604126
0.18687223702001665       0.0035887276480156428
0.18867826522436204       0.003623661267770619
0.207522745244138         0.003988931946492999
0.21517779257726208       0.00413771228020166
0.221752730955166         0.004265684206734871
0.236166115964324         0.004546815864650632
0.24686145018341568       0.004755955849589023
0.28430429314830974       0.005491672646634977
0.28518490997101364       0.005509042364535603
0.2854599949086313        0.005514468900405706
0.2858916125693103        0.005522983920829549
0.2865347025858891        0.005535687444743202
0.2868592913733192        0.005542093256363342
0.28880388663114226       0.00558048083966931
0.297413965770282         0.005750669490306112
0.363145678300353         0.0070617691121679935
0.3757794874256617        0.007315850691169102
0.389337180667977         0.007589707389063625
0.4170970051884144        0.008154296799910766
0.4412129393034264        0.00864898433306068
0.4495110694819057        0.008820107900332207
0.481028560432772         0.00947428166550155
0.5081803941105819        0.010043201618586076
0.5182461011013443        0.010256125476525818
0.5184402714833024        0.010260240260604837
0.5260885460202849        0.010422543008721072
0.5292800713247919        0.010490500806156848
0.5383106850861087        0.010683269781862636
0.5554231478278421        0.01105049383818225
0.5713343475278765        0.011394113480759072
0.5799694491868483        0.011580421061795998
0.6041347900405396        0.012106878117183195
0.6099931513147145        0.01223547726173407
0.6227409276565528        0.012516618112232054
0.6561044870770528        0.013260915369424597
0.6594379515172704        0.013335928941647823
0.6660051741848731        0.013484027403865936
0.6745793789155353        0.013678014643577608
0.6854892721973426        0.013925875618031254
0.68618627411946          0.013941749944372916
0.6863636282990315        0.013945789964508458
0.7273221196560987        0.014886962681306057
0.7789703786100743        0.016105998649978987
0.7809242922153135        0.01615284726543665
0.7973198027351523        0.016548059302318032
0.8079857027028459        0.01680730178034199
0.8176719038645623        0.017044212915804324
0.8683512794514525        0.018306743196079597
0.8847398582688387        0.01872327453818931
0.8916331449290177        0.018899679637733476
0.9096730270893705        0.019364126760193612
0.9236257235854668        0.019726621701277904
0.9410482330766703        0.020183273581166068
0.9507623577759247        0.02044078597809764
0.9724972747171159        0.02102348849265371
0.9875922435423706        0.0214334883806876
1.029704637500881         0.022601395140518527
1.030137081044362         0.022613569589872862
1.031486598765769         0.022651585862394713
1.03419076039176          0.022727870925085367
1.0858181257050963        0.024211956045453467
1.0867142074342293        0.02423817908094054
1.1092127429392953        0.02490176984654086
1.1150660314206404        0.025076450603761215
1.1252900815281803        0.02538373640237771
1.1409633156554162        0.025859385057381595
1.1533745956176689        0.026240535256355755
1.1552608239012465        0.02629880905491274
1.157546933025992         0.026369559911348605
1.1700789151416147        0.026759796239558615
1.1815188562872494        0.027119563565880255
1.192966522027389         0.0274829524581937
1.2060328110633338        0.02790185248946525
1.2150500510641933        0.0281935094512976
1.2342569906272074        0.02882092437006911
1.2395115898396867        0.02899431394006653
1.2492731943351654        0.029318492719817207
1.2542460384560812        0.029484747404588826
1.2671485446261102        0.029919600218374445
1.2675822943709325        0.02993430639641766
1.2694707569977288        0.029998400607905467
1.2909402032953217        0.03073465874890458
1.2979527605066903        0.03097816445362309
1.3070666754795677        0.03129633520302846
1.3204977138418283        0.031769384923041315
1.3377797377596246        0.03238537195612905
1.3426043935376049        0.03255880575257523
1.3458123177791284        0.032674476810678844
1.3579636358287996        0.03311749477458336
1.3656040150264865        0.03339855233233147
1.4029400361296627        0.03479976531247866
1.4360996294784227        0.03608290529013513
1.4446629377329419        0.036420018418253805
1.452326878116706         0.036725844881751415
1.4538666374729228        0.036787311147507044
1.4793448608817041        0.037818338949842004
1.4917392885434368        0.038329418914028024
1.4946998560077263        0.038452418307706564
1.5024642609467358        0.038776685226730945
1.5064374507168217        0.03894202025671405
1.515370421591304         0.039316367398366324
1.522356434972945         0.03961165446666549
1.559875588044942         0.04123550715862184
1.5626083883226893        0.041356286546109636
1.5811764784436027        0.04218720342534854
1.5837387697937197        0.042303129350523896
1.5999550178637485        0.04304391198365473
1.6268890040087411        0.04430143197082857
1.6483885220276375        0.0453295341981917
1.6578567542928704        0.045787694358355904
1.6719201265945471        0.046475931590114906
1.6950307030279141        0.04762235113273339
1.7098753155523065        0.04837850159042797
1.7253041118345727        0.049177300271570586
1.7365271044531836        0.0497666062650278
1.743166088791655         0.05011848433546158
1.744510633134341         0.050190043854713595
1.753114713663313         0.050649693883908366
1.754539408106195         0.05072612764608918
1.7602477950893824        0.051033299477726994
1.7662888255863025        0.05136080876385392
1.769525516032417         0.05153716952228426
1.7983765116915715        0.05313652779954418
1.8200481015451948        0.054370212942547645
1.8269244543194587        0.054767453120122836
1.8296484973346532        0.05492559034159236
1.8626487742047557        0.05687613314595784
1.8861855908004042        0.058306598577134425
1.8864276530542279        0.05832157514575009
1.8896821001241788        0.058523336469521535
1.9043159952156694        0.05943959160409819
1.9129640317538135        0.05998937285429881
1.9367908621777161        0.06147440495469244
1.9588155175608066        0.06291217683538165
1.9656620893425316        0.06336741870762204
1.9811270818031084        0.06441019913356817
1.9941479626907057        0.06530374548370038
2.0060914594158232        0.06613210954788126
2.0228103660786436        0.0673097213271243
2.046350040964517         0.06900343622535887
2.0582357777216953        0.06987448383890518
2.0835426531339274        0.07176453449226004
2.1052486944869337        0.07342407210858709
2.1110021042374987        0.07386874513893621
2.126545606226548         0.07510259397901449
2.144603634811602         0.0765538450220773
2.14843575202241          0.0768643343959466
2.171234085141582         0.07872974316238217
2.1760475720562917        0.07912758185996961
2.2045083082869477        0.08150830667281445
2.2293450026821144        0.08362560976067704
2.235123302899251         0.08412351315023793
2.240417734663433         0.08458148205906349
2.2492226224709175        0.08534683152039711
2.261882489155044         0.08648679229457608
2.269990812006515         0.08722453092501177
2.3034579390880072        0.09031741694928112
2.3265687814080422        0.09252144049514494
2.3322167448293936        0.09306681420811731
2.3344277976799406        0.09328103717107072
2.341190304548069         0.09393875690788062
2.348644535333425         0.09466815195359683
2.3571705600132598        0.09550282256413725
2.360068464953939         0.09578751040788466
2.364633737743106         0.09623702027221209
2.3860690187928886        0.09836430317602339
2.3901721041697304        0.0987746426222879
2.40109408116036          0.09987184090531254
2.4026511517063054        0.10002884321370535
2.404715725698477         0.10023724213119188
2.421007425150658         0.10189069564667116
2.4374298497174722        0.10357351819148822
2.466322368449667         0.10666533469237732
2.48018254020994          0.10817989199149244
2.491853872641074         0.10943892395005703
2.4963549997043373        0.10993044950194446
2.5026010739775213        0.11061477615525572
2.545136032738319         0.1153445579336242
2.5454121804271934        0.11537566146431576
2.545497384024699         0.11538525929198064
2.5762632752782717        0.11888274890082197
2.5944693611500496        0.12098234010016727
2.62982139544184          0.12505639328708074
2.631628610034483         0.12526933981292027
2.635902713711576         0.12577294135738812
2.6684287416221926        0.12960435502914422
2.678298528922524         0.13076661813460608
2.6848181995562923        0.13153428275255194
2.69417754556249          0.13263618268575744
2.7180900504721253        0.1354507950261472
2.744363521807356         0.13854219611666477
2.7675720077135266        0.14130977823678997
2.7862164573281145        0.14355119118610293
2.806193071841113         0.1459161776540438
2.829376306644807         0.14871033530725636
2.8438146181329076        0.15013816335473273
2.86631233793369          0.15269454083332457
2.8663331850140024        0.1526968624291005
2.880620589764782         0.15427808251992275
2.8806567831435017        0.1542820630954303
2.9022841526938556        0.1566380372936703
2.915344402641624         0.1580388813517309
2.9292164777772833        0.1595087640950194
2.947004617750017         0.161366402210348
2.9576659926905235        0.16246513929912157
2.9778123657897844        0.1645114130315844
2.9978491265531106        0.16661261684432085
3.025609884599154         0.1692610147100315
3.0347431687204702        0.17006559885347788
3.0491337802196794        0.17126627292810853
3.075687874826502         0.17326646354423486
3.092598349484186         0.17436097777757323
3.1029607934891343        0.17497110191668544
3.1214191432343776        0.175943875296875
3.1345463417528285        0.17654682056089732
3.137256291522078         0.1766597559995935
3.1438950805641075        0.17692686310124633
3.1647121291830174        0.1776763827148026
3.171969991733187         0.17790631542613966
3.1946451516906174        0.17852012509257853
3.2092964168855307        0.17876276067199875
3.2133193893246874        0.1788110284945502
3.243276375180433         0.17892174134916852
3.258905722473605         0.17880542181016107
3.262390320543832         0.17876321465274958
3.2977876648135793        0.17785273170605523
3.3047681899646544        0.17759401983794473
3.322988805359536         0.17677564726619283
3.3368626011337996        0.17601376358115592
3.357771095752219         0.17463895689082065
3.3738556246483133        0.17339593543102558
3.3753439941518066        0.17327276348247325
3.3834115021812603        0.17258110440908422
3.3886663017247347        0.17215809855856773
3.389606578615552         0.17207952171963076
3.413083417258469         0.1698336542319842
3.417178288391349         0.16938599828097017
3.4325991057927316        0.1675510984600942
3.4389214451730203        0.16673071638481018
3.4505798781152746        0.16516213858429357
3.458983526541445         0.16395873512727077
3.4615092024725986        0.16358251375390348
3.478273732749119         0.16097712511896517
3.5101373411075123        0.15550691919506696
3.5414796186082893        0.14946361317103024
3.5486095944440765        0.1479970881888665
3.551959436180542         0.14729633593702202
3.575086599830281         0.14225356085494867
3.6033741028525945        0.13559913920144342
3.609252581793106         0.13414909414124151
3.613468190898542         0.1331264050333503
3.615382536630227         0.13265860946097782
3.626795084402216         0.12982595250677836
3.6277806483372355        0.12957780719022133
3.633334628164531         0.1281689542927171
3.6342839589539606        0.127922709055885
3.6425793563015736        0.12575817981980203
3.6536114758391705        0.12284396300288959
3.6586750625924607        0.12149277452267501
3.6595814948040246        0.1212499951275543
3.6601983893391306        0.12107266879607494
3.682954421948803         0.11441105823471628
3.694761652340483         0.11086223266557052
3.697977065406368         0.10988486248767543
3.7075208067286733        0.10695634516736963
3.739278965103602         0.09691439179183811
3.742951957001864         0.09572353240842515
3.7500868359472874        0.09339280379698128
3.807586605678475         0.073624487847953
3.8180053021004086        0.06993449783238488
3.83198474933564          0.06493131128458017
3.847272251974956         0.05933241149004645
3.855514054852468         0.056261010180668806
3.90173488684888          0.038349332654952155
3.9260674769114847        0.029676272452314155
3.933086427629707         0.026956110097016178
3.942869364904176         0.02314798651670135
3.94703107132783          0.021522065052102187
3.9604871140361846        0.01624075764984746
3.9699832388959635        0.012491397669054891
4.000661578791107         2.936293876378126E-4
4.016001519371162         -0.005780819414165504
4.019632110233181         -0.007216079736040082
4.032298599728495         -0.012216214129135275
4.060584340679814         -0.02334149491619307
4.077465932314139         -0.029954597867590537
4.08025718094979          -0.03104610183103761
4.097930655490765         -0.03806958498810684
4.098991426258101         -0.038491686164434824
4.119976783585118         -0.04685492772489333
4.140144112425032         -0.054154019611089156
4.155630642204265         -0.05960271713860761
4.169507500512555         -0.0643697405368731
4.186523254981738         -0.07062847359340498
4.199139814037151         -0.07517839251540825
4.210347398475614         -0.07915541169804109
4.258372948223206         -0.09557016967685145
4.272954381309589         -0.10030140232295597
4.284278272894635         -0.10389449573117755
4.292151272139481         -0.10635079645124233
4.350805824397714         -0.1235707855800476
4.362888290971027         -0.12688151624405017
4.373408979052904         -0.12969850582272408
4.373955145803347         -0.12984307348957227
4.375299583229712         -0.13019823621647278
4.376487341766666         -0.13052132757894694
4.376750880030012         -0.13059137933225015
4.378087238759439         -0.13091510012948368
4.38171483888744          -0.13182378666247652
4.3824639372799385        -0.1320104480054373
4.425395936924403         -0.14214651059461395
4.45121233913481          -0.14770996373685266
4.492111933168933         -0.15570642872503576
4.493819058580934         -0.1560184072443441
4.496146017531556         -0.15644084871479236
4.527246100211133         -0.16153009685821404
4.581174154425184         -0.16878635470106929
4.590083042876217         -0.16979358515542314
4.598279139655049         -0.17067227022247486
4.605924155820993         -0.17145044718323268
4.611521861449924         -0.17202008388700066
4.611817372558518         -0.1720486573342075
4.614650029454518         -0.1723192530540484
4.616915265949401         -0.1725313460621739
4.627695769445377         -0.17348836726497166
4.673884826531628         -0.17660921355017775
4.703160893635391         -0.17776489791187727
4.704616397439688         -0.17780570408609242
4.706537051608942         -0.17785713732352165
4.724345579093948         -0.178257112086933
4.741497055941276         -0.17848687348169992
4.771873150035472         -0.17851949827451458
4.776970598742088         -0.1784780925578086
4.77770547274629          -0.17847101210726773
4.7836799444025           -0.1784030561926313
4.806376327026518         -0.1780823867585239
4.8246239442272625        -0.17780199202936547
4.826977368639017         -0.1777556581163262
4.840079564327224         -0.17736302388031974
4.840575666036862         -0.1773463108351644
4.840577008134743         -0.17734626543884885
4.8706868239059045        -0.17607966728911464
4.870844199739436         -0.17607174345957802
4.874356327879898         -0.1758913815548413
4.874671716038461         -0.17587485472110623
4.875395580999658         -0.17583671717308796
4.879135090821599         -0.17561818033055554
4.8852548235848445        -0.17524810279777403
4.914288461536932         -0.17328191516905292
4.9200714042363085        -0.17284877405687843
4.947276558359551         -0.17098823797543697
4.953259899590609         -0.17055413153923613
4.981815867361038         -0.16835859518759036
5.000011924824255         -0.16668235921929903
5.0239252438081765        -0.16435963290601535
5.04711661488585          -0.16196298365495168
5.054823389923028         -0.1611549005885606
5.07595801452483          -0.1589090444000365
5.08488753190492          -0.15794702443201913
5.099991320347662         -0.15630206546276149
5.129612342773085         -0.1530112301313184
5.1423245674872655        -0.15157260548356027
5.163339724144697         -0.14915968104036187
5.176057396887151         -0.14767847585972985
5.18100632589331          -0.14709780625095167
5.22257364074289          -0.14230479736969798
5.232205725580183         -0.1411738293688927
5.253023775515396         -0.13878407704199766
5.258532009738993         -0.13810727874646758
5.269227541107529         -0.13679812816443598
5.307634725044993         -0.1321515694310848
5.328313702916361         -0.12967950252425306
5.335102949177851         -0.12887337231600915
5.338471869104052         -0.12847436652520203
5.342587384612016         -0.12798784270784808
5.359049240990121         -0.1260517434354013
5.400957753740653         -0.12119484174525538
5.4089612366640045        -0.12027905376334451
5.431597228652052         -0.11770937669471722
5.431683505874059         -0.11769964006439389
5.470565240592983         -0.113349781442565
5.471834949642849         -0.11320681024765882
5.477680351953728         -0.11255013900356556
5.513679878566236         -0.10856137805419203
5.517255900630887         -0.10817035990346816
5.52268779650587          -0.10757821232523229
5.523508917380298         -0.10748987996641515
5.556744390666195         -0.10395802513886077
5.577710522059696         -0.10177363992766353
5.605947340217545         -0.09888509636221299
5.628445641827752         -0.09662741611711388
5.63944440183201          -0.09555020524568168
5.640546048086381         -0.09544253766050127
5.642060604748324         -0.09529266577745205
5.650779584368796         -0.0944346396520595
5.675419857486597         -0.0920536134434595
5.681347621943016         -0.09149045985713723
5.7003588168457595        -0.08970960821551145
5.702347376697116         -0.08952555728578268
5.715902987578027         -0.08828214682106389
5.715946101422682         -0.08827828145767765
5.771775587002126         -0.08329778279498617
5.772022000293137         -0.08327636001249084
5.810626784247225         -0.07998085431776722
5.8108400403677924        -0.07996298487258328
5.833706628757681         -0.0780682873180921
5.83750889958326          -0.0777573418983934
5.8617865607503425        -0.07579954691553475
5.897739891856404         -0.07298789259366484
5.905370989634183         -0.07240458659916284
5.9410442386792885        -0.06974034815670976
5.959071697743836         -0.06843317742416415
5.9829831279483585        -0.06673996730619178
5.984734338480509         -0.06661778081941575
5.998713098257206         -0.06565261269994208
6.008198662647403         -0.06499674241690637
6.0133061711884235        -0.06464617876899283
6.03847308836729          -0.06293529439867585
6.050686445022625         -0.062130861418031695
6.053323997235883         -0.06195777588393646
6.086626862181667         -0.059811556022490504
6.10105544614996          -0.058904272617253124
6.104671100105241         -0.05867905525294214
6.119845294831197         -0.057743207499935605
6.1607507633786085        -0.05529560952726794
6.1613066287164715        -0.055263104488873435
6.163720830636532         -0.0551221655292469
6.197339144853183         -0.05320156402978207
6.215209809996829         -0.052212258570459615
6.222073963193192         -0.05183810260504183
6.238670498606157         -0.05093245739519418
6.257436367948373         -0.04992659672930723
6.261364389508234         -0.04971836374263395
6.263601674162201         -0.04959955935210565
6.279778384003577         -0.04874931984954695
6.289744765832571         -0.048233169055061025
6.2910236206668655        -0.04816736193734985
6.307827944658056         -0.04732055867603185
6.320515443121115         -0.04668969959264428
6.321634132021162         -0.04663442555319397
6.324631255249104         -0.04648661857440245
6.369364540786015         -0.04432898019560778
6.375973971121546         -0.04401788383538205
6.381798290027105         -0.043745384527103665
6.381982579012931         -0.04373678741878721
6.385485598277505         -0.043574263537795734
6.406585894054049         -0.0426055813771403
6.414722503531275         -0.04223675004847107
6.449210697087716         -0.040702498079604105
6.451929350799797         -0.04058355709099892
6.4662537327799345        -0.03996169740202581
6.4699971726913805        -0.03980052321101679
6.474106166186926         -0.03962421594065847
6.498825338672532         -0.03857700303524017
6.506614769707798         -0.03825178034994639
6.528606581562215         -0.03734649022768807
6.543681959702212         -0.03673848704545762
6.564403516530541         -0.03591945804318415
6.582250819570993         -0.03522952285190729
6.5896188859758205        -0.034947546299199
6.592605351360705         -0.034833710465227166
6.606886537993172         -0.03429299106431943
6.607709387964447         -0.03426201947880288
6.626348700195684         -0.03356599260623867
6.641267161375568         -0.033016670498982055
6.642104805910074         -0.03298603166626616
6.648070060072161         -0.0327684674897223
6.657097571223053         -0.03244242543582199
6.676514707544297         -0.03174918312002751
6.681809070628512         -0.03156206427312559
6.704799678402427         -0.030758968659354263
6.716333307751339         -0.03036187604604267
6.724244540640919         -0.03009173770763966
6.755670937123101         -0.029036634704600606
6.75959177865865          -0.02890701382462802
6.762655338868188         -0.02880570161161217
6.786743103824194         -0.028019534040128274
6.7896848896785835        -0.027924996202082372
6.803392879903042         -0.02748710345149099
6.819959045207831         -0.02696368749432526
6.833317742513267         -0.026546219614891727
6.870923143885179         -0.02539311164042029
6.873675581851778         -0.025309992696838736
6.877497102384583         -0.02519487877692162
6.879806840629703         -0.02512546563034282
6.8806935519687435        -0.025098851386295033
6.886895137692216         -0.02491323387279651
6.918580527844242         -0.023978822830278673
6.930293454665849         -0.023639289205757662
6.931165928712061         -0.023614045170323335
6.933241848514736         -0.023554322239942353
6.957763317379346         -0.02285514441066399
6.999833488803271         -0.02168261944508622
7.0045425815220135        -0.021553498140830733
7.009633052672651         -0.021414400673075894
7.01646280931419          -0.021228799016916464
7.0206066539047285        -0.021116604920271953
7.033380277652728         -0.020772740894140218
7.060938436836832         -0.020041064872767776
7.086011958684075         -0.01938744992838549
7.086979593352406         -0.019362456607091922
7.088899767284124         -0.0193129106832321
7.089510622330721         -0.019297163061902003
7.092446240041893         -0.019221579309943573
7.117620572516923         -0.018577651452961804
7.122970916502703         -0.018442138204885158
7.13385186522513          -0.018167997143663645
7.137581850728297         -0.01807446945025591
7.183519718022662         -0.016937634215833358
7.189613216272149         -0.016788921972424715
7.217809704390348         -0.016109856045708235
7.24219270655974          -0.01553081780083025
7.251097265619808         -0.015321248378593614
7.289941143917249         -0.014418897887967515
7.290383057923777         -0.014408742997354812
7.291385490967496         -0.014385716996162111
7.314725642350963         -0.013853218891437336
7.357696124663705         -0.012891055131821861
7.362956411457205         -0.012774890601606343
7.367693757418611         -0.012670164734496343
7.379259476387354         -0.012415340285563738
7.386417207038205         -0.012258241771461488
7.426319577718003         -0.011390504560505034
7.448193136373856         -0.010920643590329845
7.454497107745156         -0.010785993495905774
7.4748432386682335        -0.010354811232374122
7.4781354139600404        -0.01028531624088937
7.484295084365152         -0.010155495825130059
7.511744409986554         -0.009580834852363336
7.552837886265159         -0.008730955410126251
7.574549378681812         -0.008286974303922027
7.578390874496423         -0.008208782427183084
7.581142643385066         -0.0081528386004169
7.590044498490901         -0.00797226736025994
7.600215887077455         -0.007766503187311963
7.638345222475493         -0.007000466033795359
7.659163366563486         -0.006585756163632671
7.6645483797792355        -0.006478890166850668
7.670638831131662         -0.006358027556349892
7.6768203590093815        -0.0062355430103010765
7.690273011993662         -0.005969629659699557
7.707083918432186         -0.005638578703535412
7.718510726051736         -0.0054140586024977195
7.737594631643756         -0.00504023244363838
7.748008653882822         -0.004836840731681671
7.765769515239676         -0.004490944940818821
7.786223719671524         -0.004094132600822276
7.788002808174244         -0.004059704247697936
7.804463940523491         -0.0037417550368634336
7.8241759614723065        -0.0033618551393947813
7.834636643517518         -0.0031605081148017517
7.8470866658291305        -0.002921102068467988
7.849617040858613         -0.002872475358504662
7.86594817364233          -0.0025588870810049277
7.871677580311472         -0.002448974461533933
7.875296779091235         -0.002379571444550454
7.879320774784128         -0.0023024308911955764
7.88430536776428          -0.0022069120410653014
7.893228718447661         -0.002036016331608048
7.924190832723459         -0.0014439723508380877
7.942756972030336         -0.0010895377776826286
7.996517195142639         -6.614976355816551E-5
7.997688423839123         -4.3902301194305385E-5
7.997718185369893         -4.33370083913169E-5
7.997734358331801         -4.302981846665517E-5
7.998580131622128         -2.696571120665777E-5
8                         -5.867641599408282E-33
