0                         0
0.001300643732032886      2.4354446981135404E-5
0.051343719952067796      9.634828829571116E-4
0.05155092161677201       9.673797248222406E-4
0.051619134965885834      9.686626285096782E-4
0.07508146952119224       0.0014103700478975505
0.09071162575064068       0.0017051207145806846
0.12489478475559676       0.0023514901554106513
0.12987007628057617       0.002445680061663266
0.17313372474603064       0.003265637925593477
0.17424775178679489       0.0032867645279095557
0.18576456206379027       0.003505450267235357
0.21320640956415554       0.004028577009661894
0.21486878302543452       0.004060359782683481
0.21502376588898867       0.004063323426628094
0.21591453815232242       0.004080355335640437
0.24008100779349378       0.004543517995790317
0.25581506688332734       0.004846304797938015
0.25752281559838336       0.0048792156782705145
0.2625016314903832        0.004975152504177649
0.26392066337886944       0.005002507910644196
0.26897449375071003       0.005099976701602115
0.295213681342891         0.005607120939187054
0.3265860542086341        0.006219019618424284
0.32878650814598276       0.006262161714148771
0.33925023493975337       0.006467689112266659
0.3628991396820359        0.0069331173612468145
0.376536968983198         0.0072029060504698325
0.37831965533871026       0.007238246748833246
0.403861254346457         0.007746495920366226
0.4247982878389684        0.008165771648952503
0.42814342557029067       0.008232981274942361
0.4300112972888014        0.008270536600178348
0.43340181475000167       0.008338754748234263
0.45406761411193874       0.00875591130158991
0.48109200901238525       0.00930493407133209
0.49712345489556703       0.00963250732197788
0.5173562227843322        0.010049122310202115
0.5297847512568274        0.010306975339240122
0.5393202205322628        0.010505805280319941
0.5602866110284898        0.010946038306048289
0.5708636932560314        0.01116971732523489
0.6018622724273156        0.011831406640488068
0.6148266533628437        0.012110859820557058
0.6234497671614123        0.012297622770801866
0.6393257903084796        0.012643327156354259
0.6563188605261921        0.013015720556502281
0.6721450214733191        0.013364834976138502
0.6824402364313652        0.013593400995473445
0.7152641447976565        0.01433071665797187
0.7189235628088273        0.014413697231850613
0.7218630057925601        0.014480107204607335
0.7560969364897835        0.015262288198169998
0.7870853527444643        0.015984202316278954
0.7903558695199975        0.016061162962509323
0.7930720565492976        0.01612519104458811
0.8280929851623262        0.016959812230743485
0.8589065606912725        0.017708101771120165
0.8617881762311685        0.017778747248886808
0.8642623201902395        0.01783949422864844
0.9000890338348689        0.018728565933991748
0.9267781851089386        0.01940568484055512
0.9314597424113764        0.019525139920569246
0.9330829602631561        0.019566691751165446
0.9737563816615807        0.02062365153737176
1.0171258692120868        0.021784114160341966
1.0362115221698762        0.02230573652257175
1.0440622256423153        0.022522241172207292
1.0532015062571665        0.022775706507250408
1.0864492269425208        0.02371071605739417
1.0985667170103066        0.024056415520417707
1.1001231064287151        0.024101010669988755
1.1292489602218423        0.024943655266663402
1.1388848250466181        0.025226265439367825
1.1392562257274859        0.025237210892727926
1.1426666183084269        0.025337900380876285
1.15423702707862          0.025681963983060444
1.1552132734111744        0.025711167645140205
1.204875837660207         0.02723162136178695
1.2071378328405138        0.02730248895135931
1.235296877162155         0.02819277684493213
1.235635860701055         0.028203607253816373
1.2413207063820009        0.028385642422926426
1.2550154819238355        0.028827313310200987
1.25586418823211          0.028854831420098273
1.2646914882520188        0.029142057573894268
1.2666691043675216        0.029206659535702003
1.2667469252845516        0.029209203576916722
1.3065865873675677        0.030530468245333182
1.3106146180026361        0.03066615248383256
1.3189672740946417        0.030948923133604585
1.3355022943326473        0.031516009243985676
1.3493163131626829        0.031997222789333535
1.3571114623326133        0.03227176019999873
1.375518325353088         0.0329285987556056
1.386695754858168         0.03333279431497745
1.398375758671704         0.03375886251510415
1.4029746796288143        0.033927695429144394
1.40556933915977          0.034023216200052636
1.408721761670105         0.03413947340952342
1.4193903390352898        0.03453497698417869
1.42824455788219          0.034865634468402504
1.4318583248285186        0.03500121884503579
1.4514154940878987        0.03574131361893386
1.4605635385281956        0.03609394552341923
1.4724923600827424        0.03655781709368659
1.492261827517764         0.03733667527317683
1.5134771631434312        0.03818570711343504
1.5226659954472166        0.038559204031395566
1.53684794026646          0.039142491418434545
1.588112523602759         0.04132014715251957
1.59621898033277          0.04167373142967536
1.5988148235604722        0.041787560772225646
1.6129207029680694        0.04241124172017839
1.6186224351589518        0.04266579845437483
1.6186506437295183        0.0426670613594612
1.6186672573720842        0.042667804203491186
1.659096649757236         0.044511270339626374
1.6770753535865717        0.04535400715569093
1.7085829867098834        0.04686499049138648
1.7097889400910213        0.0469236858474822
1.7113468518368653        0.04699960562585899
1.7134582426902056        0.04710266679642821
1.7503101957761826        0.04893287660135748
1.7644547167660143        0.04965667542495932
1.7882289715631638        0.050884054109636964
1.8084110764473647        0.05195434477988983
1.8134332045676642        0.052224236324812136
1.8198099357201905        0.052568969033349684
1.8282581756637941        0.05302921186138657
1.8380918539996498        0.05356998636367191
1.8589055967992942        0.054732516541775876
1.8745522865778474        0.05562248977206494
1.8874684049364807        0.05636752490795483
1.9094950795400278        0.057659725669065395
1.9154104213347023        0.05801023943488845
1.9230054939677808        0.058463132734258884
1.9290554313501103        0.05882618022306991
1.9444060257117834        0.059758771576938874
1.9548336607709027        0.0604062407889042
2.0038203090928675        0.06353585927273345
2.0244958281686394        0.06490028588222227
2.036364552963295         0.06569765553821236
2.047329210587839         0.06644034449023936
2.0609619556280263        0.06737186813353485
2.08519343496559          0.06905485082376134
2.094512271374272         0.06971310788574185
2.1183181321315327        0.07142249055856031
2.1403645976264425        0.07304117977651454
2.1506500384998217        0.0738080789126822
2.1557891567965117        0.07419405463242712
2.1606109793243142        0.07455291994042768
2.165774241654939         0.07493967928935166
2.168380767925519         0.07513589885811758
2.185969087847405         0.07647705127332423
2.1955355133128514        0.07721902221276306
2.2022697528847743        0.07774661444945531
2.203991409853258         0.07788219816038604
2.2139803445366493        0.07867976549488036
2.228854994117725         0.07987991891646942
2.253352394947001         0.08188904118535123
2.2819060458330314        0.08428197145877733
2.3124329896199827        0.08690116113664294
2.314218844673635         0.08705633437165591
2.332998389071938         0.08868468757890552
2.35210370062279          0.09035653194344821
2.366395978628047         0.09161725639149108
2.3816566291316965        0.09297159961683907
2.394048016377723         0.09409354050307472
2.408062051734002         0.09538641471496731
2.422199283505518         0.09672064838635248
2.424571905734183         0.09694556859446012
2.449498774173915         0.09932593644239143
2.456884398197905         0.10003730315150025
2.4603859338941105        0.10037553498224375
2.470846496211747         0.10138969902568719
2.4741605306971843        0.10171216231135699
2.4993913673053547        0.10418554082014361
2.5132132372100653        0.10555344430441604
2.5238891601783755        0.10661779962251652
2.5433827052750875        0.10857877316052157
2.561334683783172         0.11040470781029156
2.585749361316548         0.11284494841555012
2.596371286830499         0.11392323256284903
2.608270424821998         0.11513689679523617
2.60893327984786          0.1152046831982839
2.609452308191033         0.11525777436933206
2.6155678137486755        0.11588852208345846
2.6220238409208583        0.11655466544269136
2.6663453288642276        0.1211354415480764
2.682134063163849         0.12277047126405304
2.6902798896470688        0.1236146859582273
2.7117545619779806        0.12584242328899323
2.7238808345568746        0.1271017556235915
2.732097704422148         0.1279749455289768
2.7375451280082594        0.12855089377612205
2.7427467391558666        0.12909866605805415
2.7706647125953174        0.13200215819204578
2.7817751188475226        0.13314053262834102
2.793193483485076         0.13430615698250717
2.8038183096751825        0.13538236605992154
2.8157501358598482        0.13658130114663838
2.832668472832023         0.1382637680853924
2.832740330088337         0.13827087019688633
2.832846636065014         0.13828137641542693
2.8642853613940407        0.14140923072346204
2.8852944848917708        0.1431895740017952
2.8917890151983565        0.14379153008760423
2.906398873293657         0.14512910222353304
2.929071039153008         0.1472632196945744
2.948863553506606         0.14901530725257295
2.965488015694024         0.1504070167432158
2.9778161270048726        0.1513919331200369
3.008461500540328         0.15366637349283574
3.010984829089698         0.1538466706968312
3.0116204869100613        0.1538919041588896
3.0439544683555746        0.15609423673418954
3.059789344456139         0.1571022654138609
3.074490117770919         0.15799659758508966
3.1029319596290055        0.159348056992535
3.1197786004258403        0.1600401234810757
3.126618906128395         0.16022543600675032
3.139217473947344         0.1607016258416282
3.141694204612896         0.1607860832439841
3.1533535458350412        0.16114325426682594
3.1724758129266437        0.1615543225798459
3.179298255538586         0.1616617496426087
3.197527155242039         0.16184756475939563
3.1975279929897713        0.16184756991386326
3.197531418832739         0.1618475909890434
3.218354299870219         0.1618795670103869
3.2408630576839768        0.16169794501200344
3.2533339200545455        0.16150062766617201
3.2635002581834858        0.16128537076757402
3.266415167217577         0.16121597230380785
3.2757018180102593        0.1609720533493758
3.3082330649020646        0.15984361506715147
3.312028421174381         0.15968419438450027
3.3152434788441276        0.15954460923056865
3.3613049928365624        0.1570016011228116
3.3707789465449114        0.15626411777667212
3.389843581974575         0.15455831771672654
3.3970860896917574        0.15383264428577184
3.3974852093760033        0.15379141087633877
3.397597716343597         0.1537797642214291
3.403184325762305         0.15318846536636263
3.404101646666016         0.15308894252409075
3.405824453803938         0.1529072557176065
3.418691745009924         0.15150459214035178
3.4637873721315238        0.14595267320783858
3.4924575216332157        0.1419083454446512
3.4961355262688842        0.14136056012017414
3.499225907697009         0.14087553615593462
3.51775242918928          0.13783250271215614
3.536833589284131         0.1345751918774418
3.5540419336294393        0.13144810805634624
3.571203591212012         0.12802472959127043
3.571574566212153         0.1279486684759556
3.571665329032072         0.12793004607678465
3.5834198075019654        0.1254742122636706
3.5865228123877944        0.12481131000435369
3.610778008562673         0.1194194824285398
3.620460293660126         0.11716309735231209
3.6373679603555464        0.1132625113618364
3.6402786944849628        0.11258078338378444
3.663920029166966         0.10693245329052543
3.6828524112762873        0.10204690425809938
3.6901877522847135        0.10010315351745941
3.708194497154132         0.09521122598954383
3.7113488901017977        0.09433665095263107
3.7150241569576767        0.0933110364784253
3.732146201095424         0.08843901441442227
3.7587777510366314        0.08055359929983219
3.762542850033919         0.07940857838976746
3.769053235378819         0.0773820327591629
3.7862246021707193        0.07195123732863005
3.7946726878974877        0.06925739505056462
3.8109672388579137        0.06402438799104379
3.828692454403894         0.0582762259197259
3.8490929222616352        0.051607092143146856
3.8768081412698043        0.04245511988251712
3.891547671451482         0.03754494264670048
3.898887897634068         0.0350885657745757
3.915241033974615         0.029589450182789093
3.9161683757938266        0.029276509967457058
3.919362617590438         0.028197679046212672
3.9274470774574985        0.02541867508738964
3.929737764440256         0.024628138384896314
3.9716969855379975        0.009903787323824666
3.9825918851638864        0.006298173579590823
3.994665513455391         0.0020541242018544633
4.0031824400983815        -9.354578692036733E-4
4.012080716010369         -0.00405515589033198
4.016566520719112         -0.005626409587608683
4.037499568353906         -0.012945823614097652
4.042822249945234         -0.014803567085544098
4.068772932074767         -0.023474089365773623
4.085489470954707         -0.029068077276009484
4.089033073398081         -0.03025478029504648
4.114315460800951         -0.03898021833194504
4.124071898931387         -0.042335311682995126
4.126008463179585         -0.04300046961019487
4.147231488944668         -0.05027269769344843
4.162350641505872         -0.05531906670069647
4.165972754951989         -0.05650307016452405
4.194786780595075         -0.06557818805970199
4.205103576740814         -0.06884476577260158
4.205409119880223         -0.0689408660359941
4.218099312898335         -0.07289954793287777
4.229831723601901         -0.07639810347700893
4.252352404068516         -0.08299210143662465
4.259949847408617         -0.08518055102727738
4.267901555304273         -0.08745156058937034
4.268155893339909         -0.08752464932736857
4.2682762692545255        -0.08755923465757365
4.275223384126676         -0.08954769054246171
4.30724345016959          -0.09852143564091198
4.318781806683411         -0.10167805493999185
4.342862974017985         -0.10813459120017502
4.344506790764514         -0.10856884134207513
4.34533382755491          -0.10878700792401516
4.3456500043152015        -0.10886644949679633
4.348270472659756         -0.10952240927327837
4.367153790825775         -0.11411998919384765
4.371541432584344         -0.11519611896207689
4.391215787102174         -0.11980801454747886
4.413389242742333         -0.124587228049584
4.426825298382936         -0.12727720315745586
4.4268307135428895        -0.12727826998574562
4.449413320249773         -0.13160585545615047
4.44942531172726          -0.13160808896301024
4.457559421102275         -0.13310736581633242
4.478810022227073         -0.13687570330844162
4.4881055428395555        -0.1384565085698337
4.49561605310009          -0.13970372249597135
4.510790690327005         -0.1421417589084202
4.53707513360323          -0.14594982557300995
4.554442642158154         -0.148231466301935
4.558441610046378         -0.14873039253023448
4.562630670323001         -0.14924242364256787
4.563111315186002         -0.14930047873263103
4.572606383528393         -0.15041804403633344
4.57813983271504          -0.1510436006931083
4.579363545337763         -0.15117938325191999
4.628616342755743         -0.15587529893915955
4.634319753936287         -0.15632335261712224
4.664426814676283         -0.1583487158076076
4.67628479069578          -0.1589895843429598
4.696965959313439         -0.1599420246212714
4.697032950186503         -0.15994432063667416
4.697110660258979         -0.15994786618182866
4.710003549141192         -0.16058313056372933
4.746585013027206         -0.16159053169019516
4.756325695901932         -0.16175118989930884
4.773817866230978         -0.16192611389919379
4.789878666077949         -0.16195823179066085
4.819540877826394         -0.1616941664768986
4.822491515498842         -0.16164495392762238
4.849824636012119         -0.16099170691873463
4.853522495990903         -0.16087596949825994
4.869753783014707         -0.16029082531140162
4.888657335095754         -0.159450979620336
4.929201508983975         -0.15760701964922058
4.937329051670628         -0.15715800718787964
4.93787525877041          -0.15712690563725357
4.938416430303758         -0.15709597581041732
4.93924760190435          -0.1570448582191698
4.9438783512949644        -0.15675735960155743
4.954864854460599         -0.15605691923321316
4.957475579978306         -0.15588667757681776
4.95996138429792          -0.1557274816072204
4.973361507016676         -0.15484536755312944
4.9988564850442785        -0.15305553017252935
5.005420747998597         -0.15257102594568728
5.0138557395647645        -0.1519342142197323
5.033890643913168         -0.15035749577568602
5.061102330114832         -0.14807137039478363
5.093243652748269         -0.1451565266736963
5.097650388757352         -0.14473877208392635
5.123736506200198         -0.14224266141943734
5.1279890065709015        -0.14182712699455227
5.14968946306089          -0.13970230351664234
5.150545174061812         -0.13961862942773068
5.1519768226262554        -0.13947865767113957
5.173868039463954         -0.1373413709033667
5.178433677776882         -0.13689632977963528
5.178822175423932         -0.13685847184584274
5.179441626716882         -0.13679811185032817
5.1867808084397975        -0.13608331843853444
5.1948679175726395        -0.13529641662242747
5.248364123555072         -0.12993132145434
5.26154511616116          -0.12858824829862742
5.2617214102787155        -0.12857020827584958
5.271741763658725         -0.12754151115636897
5.277456002312658         -0.1269519587692876
5.2889115437803875        -0.12576366456347882
5.306654263972776         -0.1239063459624073
5.307881289904            -0.12377714310627494
5.329503291890139         -0.12148433040498251
5.335498392634235         -0.12084322065134342
5.3458440936091325        -0.11974656068479295
5.346717382034319         -0.1196542533529763
5.360388713696795         -0.1182145108089918
5.372034031066699         -0.11699603096254571
5.381934336803888         -0.11596585272469151
5.409358044954105         -0.11313970416605376
5.413410663065959         -0.11272548040963012
5.417869489438884         -0.11229546403546768
5.426960852342342         -0.1113524857025603
5.438206436977506         -0.11020911331620663
5.4428912236456295        -0.10973455312243523
5.475575736798149         -0.10645241360865444
5.498646824813411         -0.10416591192668671
5.5039913941613445        -0.10363980244401796
5.512440292249125         -0.10281085092630723
5.533998540434317         -0.10071091672431035
5.553112316193562         -0.09886738546737384
5.588986852519549         -0.09548137676059504
5.599762066991889         -0.09448809553718095
5.601799843477892         -0.09430159563895006
5.610275651552691         -0.09352820251890633
5.614400778322936         -0.0931531519813493
5.620789252851178         -0.09257407254117861
5.622339502955258         -0.09243387196325745
5.624218793721844         -0.09226337623817416
5.628858735920852         -0.09184339431001608
5.647616566267974         -0.0901596073479815
5.675951040657602         -0.08765894855389382
5.6791837943494645        -0.08737691297654658
5.680541246959018         -0.08725868427835407
5.744283205585157         -0.08186690092731913
5.746438417512777         -0.08168937569768096
5.749788009004427         -0.08141417877324714
5.751941619474644         -0.08123769777385226
5.754288938906069         -0.08104574956767333
5.757338689953257         -0.08079699458694146
5.772791472982397         -0.07954758094932421
5.776373197401628         -0.07926060915980694
5.821953143239079         -0.0756949250986093
5.825970953667895         -0.07538828358511383
5.839608002555789         -0.07434889941548693
5.844124068621508         -0.0740088494923764
5.859647427529816         -0.07285573747798767
5.895196661511413         -0.07028697831902059
5.927716150344192         -0.0680010196695257
5.930646190890547         -0.06779804955000254
5.93798978020545          -0.06729152056997077
5.963434225440043         -0.06556054639660674
6.0019752190202285        -0.06300977957849732
6.0109294369522           -0.062429432429887834
6.018246779875653         -0.06195582503994799
6.030999888078252         -0.06113808672788181
6.03171258843257          -0.06109267633360036
6.034509720012942         -0.06091533386960629
6.087672334103744         -0.05765759735968042
6.097066052379823         -0.057104593243184704
6.105440364861597         -0.056618832580552295
6.122152863054686         -0.05565912492709884
6.134354510424864         -0.05496662839690063
6.134395917483971         -0.054964290116860284
6.16228180752881          -0.05340760941866037
6.165492770243588         -0.05323067752228394
6.173181864828739         -0.05280893227876705
6.182389652370877         -0.05230749329664686
6.192272962696529         -0.051773640088116774
6.196675720394456         -0.05153728028315284
6.200321666813659         -0.05134185971599074
6.212009219232615         -0.05071928627863698
6.217945881326491         -0.05040716843624856
6.2328936611693555        -0.04962955033483824
6.2450435710375265        -0.049004665863544274
6.2551497236993985        -0.04849119565164637
6.273412653523003         -0.04757781346380305
6.289664166923004         -0.04678074236985754
6.310051491476431         -0.04580175323555646
6.328047694435293         -0.04495693659412948
6.331412586770893         -0.04480024060494415
6.336498858920911         -0.04456418012825561
6.337127044588484         -0.04453509174045984
6.33891186282853          -0.044452524830251756
6.378666459076865         -0.042644052297111185
6.406563006959176         -0.041409985950504914
6.420040664702725         -0.040824105087039216
6.421874504202179         -0.04074490745700017
6.427914587356451         -0.0404845254402393
6.4354457630198105        -0.04016378131235678
6.460507905302288         -0.039109891435896986
6.469010110451508         -0.03875851196251537
6.482280153004324         -0.03821631088029974
6.521898632240112         -0.036642675636544594
6.522461517794221         -0.036620805192077895
6.522800337644202         -0.03660762532278636
6.535691417902318         -0.03610863238845882
6.538718396718087         -0.03599215837905903
6.5697952523561005        -0.03481166067919341
6.589160106467292         -0.03409015832510566
6.59105833583329          -0.034020016016296596
6.5975966147888006        -0.033779213350698944
6.602459540643801         -0.03360090864462774
6.614652371958933         -0.033157489535805
6.630621498052809         -0.03258461952114184
6.637417554344449         -0.032343558110933784
6.642338583692659         -0.03216989840623223
6.648245718523817         -0.03196243038939043
6.654430838903972         -0.03174696840914506
6.689486443575574         -0.030544958972651876
6.690361318160081         -0.03051537754973259
6.69990421096198          -0.03019402980187575
6.7153914460844115        -0.029677652535768706
6.716121879197135         -0.02965345543249664
6.741849189987629         -0.028810211623390203
6.74569462730512          -0.028685680767462304
6.760118821306611         -0.02822166659449936
6.794867906696902         -0.02712609129614236
6.810826888251551         -0.026635074372419052
6.812001622497483         -0.026599227285170342
6.816639274729356         -0.026458106094103023
6.818595427816338         -0.02639836534149268
6.819103033032075         -0.026382878515309478
6.839568449960229         -0.02576377072064339
6.844205312022179         -0.02562532940210704
6.845160806944034         -0.025596855181043945
6.864071153202978         -0.025037091985284157
6.87502327749384          -0.024716185339199368
6.879555046279821         -0.02458410563631483
6.904541298184128         -0.023863284487531264
6.917844384877339         -0.023484625351706836
6.923190220260491         -0.023333447967400247
6.9388385560541215        -0.022893957861985014
6.950059161984485         -0.02258160902222814
6.9508807230080745        -0.022558830610646254
6.973507073202838         -0.02193880141723559
6.979246669929289         -0.02178307632067796
6.986665462283247         -0.02158272527645978
6.991646820074833         -0.02144878999279211
6.994033562076433         -0.021384785101729052
7.011638554766515         -0.020915532005901002
7.028572542798508         -0.020469972335752425
7.037894365542171         -0.02022713109969482
7.0415986046290655        -0.02013111174707565
7.103916247846388         -0.018550007986002565
7.1082066129883765        -0.018443144334307986
7.12581163344837          -0.018007326061825955
7.127889490385165         -0.0179561728257057
7.128103315787774         -0.01795091222747958
7.128307132017347         -0.017945898470802236
7.140879532750289         -0.017637372708917035
7.141650978596729         -0.017618514533165666
7.1632763357555955        -0.0170933144565381
7.179637357277919         -0.01670037580717438
7.214918719611325         -0.015865961022802667
7.24122453161807          -0.01525531697030545
7.2498776585694165        -0.015056531368241612
7.251663263376353         -0.015015631110160544
7.260783332058114         -0.014807370653492687
7.2690527747575695        -0.014619459505109147
7.279865495664781         -0.01437508312913733
7.283236441974725         -0.014299001565802603
7.286414556059612         -0.01422739207029356
7.292147948412749         -0.014098501151413513
7.2995304640702106        -0.013933094435928666
7.304065089450802         -0.013831806525055128
7.310756861387321         -0.01368276809899329
7.323112408141251         -0.013408942219445275
7.328536869838603         -0.013289279833749171
7.332013194016637         -0.013212771139034702
7.334298800414581         -0.013162544216205597
7.336023207431703         -0.013124588506347599
7.339930076787565         -0.013039072793890896
7.386925304204134         -0.012020712308889252
7.401032342824203         -0.0117187309562999
7.4056086602416205        -0.011621136369288885
7.432799053763815         -0.011044991781088014
7.439346658133984         -0.01090720369750415
7.446054332116672         -0.01076642982205621
7.460700783225201         -0.010460612905342911
7.473007264171907         -0.010205014072479621
7.501917706367264         -0.009609444627844141
7.529303958089933         -0.009051594117965696
7.531849668318323         -0.009000051037881807
7.536647979718637         -0.00890334300709647
7.54050093261094          -0.008825325216161174
7.557207872325653         -0.008488275872670493
7.57811248713848          -0.008069040741293778
7.5951273705732945        -0.007729863548168158
7.603498105772081         -0.007563675468598616
7.614974180676307         -0.007336882206230665
7.626033509877036         -0.007118911014547743
7.638959091408374         -0.006864886597632605
7.644592813094949         -0.006754413894402011
7.64978833921851          -0.006652666193366061
7.65234463493884          -0.006602651038516658
7.662970469239622         -0.006395080956851896
7.66915250755208          -0.006274562501355701
7.68232353171596          -0.006018393772986248
7.688832813191861         -0.005891976206626244
7.699216628065351         -0.00569078275368644
7.708992235573883         -0.005501903899439589
7.710088300659985         -0.005480758396273787
7.730349530722274         -0.0050902301756428165
7.7356081697226315        -0.004989097147130362
7.736068163748412         -0.004980255058401115
7.736969287229498         -0.0049629248838875565
7.759270893704425         -0.004535039035432609
7.764550981896351         -0.004434547650741736
7.764930398610802         -0.004427328171023356
7.774477435509323         -0.004245740762680596
7.82394059486265          -0.0033068888450906602
7.833464716833918         -0.0031267493115973884
7.8683771462322865        -0.0024681714615891574
7.884081575815626         -0.0021728279109773973
7.884595185331225         -0.0021631782058358375
7.9017002293337395        -0.0018421496115272108
7.902647789046498         -0.001824385120313438
7.903719080218944         -0.0018043034077636605
7.906380017032472         -0.001754292348784344
7.942863307216887         -0.001069444356733883
7.950731749415999         -9.219463398720072E-4
7.965358843886667         -6.478911293820964E-4
7.997758259605987         -4.187816482788536E-5
8                         -1.5308935211861958E-17
