0                         0
0.007702006264683636      1.4670758183745597E-4
0.012913141540976239      2.460321130114745E-4
0.025944915804346696      4.943068411603041E-4
0.02971102806302478       5.661065591640301E-4
0.06760395749274561       0.001289762337740317
0.0882765288740705        0.0016855048133316594
0.09805532645961994       0.001872937627788554
0.13007292918133478       0.002487678113425125
0.1335222970848992        0.0025540022905883057
0.1338828014784484        0.002560935119220218
0.1442022728444643        0.002759474497691914
0.16363991620716392       0.0031338951814644995
0.18802899873321763       0.0036045328873677077
0.20034059574566104       0.003843067756934257
0.250147552393152         0.004810006640147606
0.25027834335052307       0.004812563517497221
0.2504193286304271        0.004815319779068056
0.2506117246349673        0.004819081273921604
0.283837656047496         0.005471338023652928
0.2988637566275326        0.005768053852053413
0.30800721437788636       0.0059491370153158035
0.3485078518222298        0.006755612779289944
0.3885646110901578        0.007560577652903792
0.39761203626304936       0.007743400035902223
0.4239982244091974        0.008278712038565967
0.42443083125609166       0.008287514933233774
0.4262984250649903        0.008325777249675084
0.4264078345153194        0.00832801682370678
0.454872216930498         0.008913366112856843
0.47374755856185324       0.009304482497294174
0.48531218706716317       0.00954527905974744
0.5063600981770622        0.009985658850631848
0.5426309229712429        0.010753583572118225
0.5564732829968955        0.011049669880544524
0.5569116698726895        0.011059074141848441
0.5610950579826455        0.011148900122369394
0.5669397814958042        0.011274653261757897
0.5727598067748307        0.011400162782775836
0.5822737853931774        0.011605926947296452
0.6158285502896154        0.012337519978653934
0.6340389185513496        0.012738700886268385
0.64650403033343          0.013015546588623021
0.6561324414231577        0.013230633486379463
0.6596404756979061        0.013309268010979997
0.664371074679456         0.013415534786378046
0.667512615795511         0.013486249978595266
0.6700173093715538        0.013542712570565576
0.6902455845817572        0.01400140046387709
0.7131746171301135        0.014527113219062651
0.7191966813014069        0.014666205019118762
0.7291059679463472        0.014896002802923965
0.7629081399886278        0.01568851577919909
0.7648239382021471        0.015734121737987192
0.7738875234554798        0.01595016269802778
0.7868796091795631        0.0162605718103769
0.8160204689424478        0.016965782647599403
0.825641987016926         0.0172013495315691
0.8260684169184346        0.017211828160979506
0.8261475714004084        0.0172137735115233
0.8693925224708227        0.0182903293798732
0.8776238626255222        0.018498350978775578
0.8825974039409097        0.01862452347537245
0.8907294153174804        0.018831604009610214
0.9236367802584722        0.019679490034857163
0.937211471638135         0.020035609150449572
0.9378960445154805        0.020053665324033326
0.9687140851152589        0.02087197898387098
0.9765007488785094        0.021081595747054538
0.9922301471765973        0.021508546158744608
1.0017375232071317        0.02176888965609151
1.0304006273003272        0.02256417870780397
1.0317451701634508        0.02260186796785692
1.0367643076431208        0.022742864384811518
1.0432753003050028        0.022926483132176698
1.065420222842329         0.023557223448024536
1.0674220638378398        0.023614702452803147
1.0749864045289634        0.02383258920974329
1.0913740697122232        0.024308376926621886
1.0962636499999856        0.02445224947500911
1.126328992556379         0.025350045856352622
1.1357964875682374        0.02563774959270296
1.1526386673443905        0.026155250650495912
1.1684485107706428        0.02664401743950652
1.1730140620218186        0.026786210212324083
1.1922266327839397        0.02739077351019381
1.1957763912724686        0.027503569418735756
1.2213339454605938        0.02832576266877583
1.2327456296395236        0.028699319902226957
1.2413572485145274        0.02898330053714351
1.2623833770885031        0.029684193724440453
1.2902402116835112        0.030629230064331586
1.294404003010796         0.030771837037770616
1.2951459621770791        0.030797450693119913
1.295838712411443         0.030821400075465
1.3247990211678522        0.03183240631651615
1.3258360135224927        0.03186912272839035
1.3301970708077548        0.03202392279965621
1.3520033727121463        0.03280740508453166
1.352407163068924         0.03282206139524843
1.3855641138883548        0.03404397439421656
1.3876789527615752        0.034123146093624095
1.4088653106418807        0.03492550806619247
1.4106919065626409        0.03499539645043774
1.4121484047311732        0.035051205341778566
1.4269895500180243        0.03562397421208685
1.4302148035404305        0.035749434668723545
1.4334388747947306        0.035875201437214434
1.4655606076256886        0.037147464657098984
1.4759616230823853        0.03756350784249326
1.485209836081936         0.037938115395840785
1.5081706328741054        0.03888996548022087
1.521928822256644         0.039468437664071404
1.5278047959665337        0.03971909733697374
1.5441670288696514        0.04042492857572892
1.616062420659929         0.04366313607652616
1.6250138907013287        0.044081807186614
1.626997034535863         0.044175009376079814
1.6282683698966338        0.04423484407437092
1.6319760575984783        0.04440972586708268
1.6342451850652921        0.044517034869641973
1.6427104350357435        0.044919241801236715
1.6471119813096013        0.045129541586365785
1.6999552495632366        0.047716835420982096
1.703020510902395         0.04787045736117989
1.7066233479878465        0.04805151751574099
1.7355169327912614        0.049542641399618816
1.7369553631651233        0.049617845209960425
1.7459576077090313        0.05008843410850161
1.752788735834839         0.05044893729180835
1.7538731814035982        0.050506437900113506
1.7687581683031246        0.051303176330429884
1.7707355218292504        0.051410067540393366
1.776264938801994         0.05171028327021407
1.792191209415518         0.05258575739460846
1.7926417528647922        0.052610756493153096
1.7948516219420965        0.05273355976609405
1.795582935109964         0.05277426690420838
1.8061722786747985        0.05336748017293634
1.8084668192870654        0.05349721075279155
1.812749400536615         0.05374017417147336
1.8540387014086352        0.05613817722004027
1.8655067012745996        0.05681793643622871
1.8923586922224969        0.05844631322068843
1.9048581958951947        0.05922187945121975
1.9109997991689713        0.05960704002086091
1.9137812446774163        0.059782359993671416
1.9420856182993342        0.061595496506405646
1.9460668237021437        0.06185419069978302
1.9475641471486511        0.061951718910744275
1.9493851843220442        0.062070504483532414
1.9948231768745028        0.06509562026192899
2.0158274105737606        0.06653379684062183
2.0293835870769152        0.06748350414876128
2.0397448999562187        0.06821979018362649
2.0638384230025792        0.06996674594903007
2.083659615195165         0.07144046244326885
2.092847962821847         0.07213480924161074
2.1131277750179205        0.07368470277071246
2.1289331753957406        0.07491410837294818
2.1416853290892393        0.07592690487397172
2.1465471043508186        0.07631560490920453
2.171163853641107         0.07830549800925624
2.189921240427227         0.07984677140209868
2.2266303288209626        0.08295528494541378
2.2389319650425463        0.0840242754186629
2.2393588371705744        0.08406161580830379
2.2444580136319483        0.08450601200547767
2.2477342389012147        0.08479268613845964
2.2535674956194587        0.08530532942789962
2.27442030865292          0.08716124004350638
2.2963076920614425        0.08914840609732447
2.298994786836669         0.08939513426970656
2.30699250702321          0.09014153786398552
2.3140747950151415        0.09080676255592557
2.33597113759781          0.09288872466625704
2.35353156004139          0.0945860250022042
2.373220203313247         0.09651825125335849
2.3817217310787218        0.09736213343338923
2.3860127458731935        0.09778411606838214
2.405922790969784         0.0997543286458667
2.422024457850563         0.10136240889323442
2.4265470401904015        0.10182846523123415
2.4327253560943998        0.10246919064443427
2.447192629367179         0.10398779729462629
2.4534261370227615        0.10465001199294677
2.456338854006579         0.10496107315173561
2.4620070539269947        0.10555623516908859
2.492460874855645         0.10879079894112607
2.5033442858535913        0.10996184262053395
2.513333289025839         0.11104364399494997
2.5294639287728793        0.11280471550310779
2.534899145898007         0.11340204093177211
2.5543761763222106        0.1155570290321675
2.5787714200609937        0.11828980183039585
2.581754249810376         0.11862650592726334
2.590626021440849         0.11963126207487289
2.5939677913047365        0.12001101020032212
2.600335629562785         0.12073657341041107
2.623885211344109         0.12346941550595485
2.64155510600608          0.12550899749836414
2.6428806401193796        0.12566006072195587
2.6537646140197846        0.12689739851556744
2.6754943148235633        0.12946589067441552
2.680854429536216         0.13009999523393578
2.684529811363896         0.13053449540389508
2.693786212943169         0.13162769873022953
2.7234784847622744        0.13512399597139604
2.7330378403108018        0.13624623591593088
2.7568113400319456        0.1390300262339476
2.762587387263324         0.139704840790564
2.79909020910957          0.14396285013227608
2.810502265475538         0.14530030245797113
2.817665692145166         0.14614135144076265
2.826923965319179         0.14705421540698868
2.8365432544568083        0.14813936341254552
2.8523791468982123        0.14990752848837127
2.8651712109381293        0.1513192305883636
2.876804109067355         0.152590128286748
2.8929827518911337        0.15433725073235433
2.896848219842119         0.15475116775994838
2.9096559969574596        0.15611295207750756
2.9209038222194876        0.15729660800756326
2.94942224932546          0.16024630724221683
2.9673598313525407        0.16204552905383462
2.9817048057604945        0.1634620376911754
3.003879470918567         0.16559218705596912
3.0061377291979317        0.16579819254382305
3.00911578516069          0.16606677174272752
3.053026220190389         0.1696191021248691
3.0998975243729965        0.17256821834220615
3.1124533666366094        0.17331309893870703
3.1143088094602693        0.17342032323971293
3.119420035890868         0.17368433391313656
3.1224927181321487        0.17383949986223654
3.126962283216776         0.17406045055639796
3.1384000496129434        0.17460020257405193
3.142421332193739         0.17478119815191495
3.1661258994292076        0.1757554068231025
3.1683231966495016        0.17583768191387275
3.180977650504484         0.17628499821327245
3.1860489645017958        0.17642755502738222
3.208076099928849         0.17687445393320753
3.239774409615515         0.17702600073009395
3.2425352651180988        0.17701173925578098
3.2686261875810323        0.17665967986057507
3.2730393593423655        0.17656127295833485
3.304056536622143         0.17555243020717898
3.304092879731715         0.1755509223760475
3.3049140157040084        0.17551665121178148
3.349763246400743         0.17308929290142894
3.363620687201278         0.172188974588666
3.367691698533381         0.17187647994346844
3.408755574172649         0.1678213828876628
3.4228040875043075        0.16620129375560352
3.4474641554205627        0.1630477846592815
3.447514696488878         0.16304090962720647
3.450102443686336         0.1626866503428846
3.463117744129463         0.16083789797659515
3.471206638496697         0.15963261540223528
3.490503863641147         0.15660211654975675
3.516757303206771         0.15208012052432246
3.5204567248051664        0.1514059397527478
3.5228324652964           0.15096816953900197
3.577113523656895         0.13993968199132611
3.5825760994107716        0.13872092229756872
3.5842705164780626        0.13834885406793873
3.6082294323711377        0.13288226348145507
3.6332409854995102        0.12614126490509836
3.6556066654302883        0.12075160956707495
3.674303731369829         0.11533103563500446
3.6863909428109007        0.11174694346002395
3.690262751637782         0.11058562241929373
3.7190239599744768        0.10175757236872952
3.7239909447977055        0.1001970547171676
3.7280199223019777        0.09892346348739987
3.7688828356290873        0.08561287347466251
3.7727668817282964        0.08431041128770213
3.79371734479535          0.07717334805383402
3.7993052279117774        0.07523794814877682
3.800474771164624         0.07483297644685663
3.806109967367492         0.07287400711709223
3.8571775908809043        0.054539925427791576
3.867073915338012         0.05094736283482512
3.869834190508302         0.04991440566792381
3.8785251136585805        0.04679173395401391
3.883923102301324         0.04484441568106449
3.9062071232021474        0.03655326155019662
3.9156006395031087        0.033027845308637865
3.931004208928282         0.02720781903369995
3.943103934468404         0.022602110379560048
3.959968400504615         0.01613282616524407
3.968050783788823         0.013011791157376155
3.979818014002623         0.008443982113514503
3.9800007457346602        0.008372826160594704
4.012680103118116         -0.00463083973905714
4.02681332274142          -0.010231496630854944
4.047026956183531         -0.017993292994068294
4.047042995621989         -0.017999460899797672
4.047452574642041         -0.018156967780320166
4.0483187690430835        -0.01849010023373858
4.071999557906386         -0.027613605506639476
4.075936853405323         -0.02913352835206995
4.087500546217038         -0.03360243089319356
4.111810590389389         -0.0430213435353128
4.120027368084058         -0.04621230212925954
4.1290467113747615        -0.04969093211613187
4.1329552902319975        -0.051196008470831195
4.184978466213433         -0.06917389344480686
4.194136222154348         -0.07218394700535473
4.196214686420928         -0.0729154468849498
4.199890824856828         -0.07421928621547418
4.2009852442118305        -0.07460641633016356
4.205748305079172         -0.07628573059724593
4.210264008357285         -0.07787867024459083
4.245693368544532         -0.09003322386324698
4.252471677514032         -0.09228921005912567
4.255302004142869         -0.09322461366272963
4.259553862387613         -0.09462251809668785
4.295771944111111         -0.1061745081876491
4.304447875618617         -0.10884725545984228
4.316454743434003         -0.11256070947329094
4.330443572811688         -0.116786522575416
4.338902534402224         -0.11912931012069894
4.344195968694873         -0.12056358276019759
4.347632980134657         -0.1214817469696313
4.362170549642827         -0.12542410443342691
4.3796385885981675        -0.12991954500084066
4.389349862148845         -0.13230469539887135
4.409008285507378         -0.13683628930558558
4.444155924873061         -0.144361340511538
4.462639781552245         -0.14802173365070811
4.468615171022868         -0.14916126797374152
4.483313562296598         -0.15187328790022206
4.503361451670401         -0.15536367281216937
4.505214817347697         -0.1556741882558497
4.505802059699022         -0.1557721462961485
4.521617261490217         -0.1583633756816161
4.559705273600253         -0.16403873124581442
4.5839468015653715        -0.1669923262023763
4.59535798890931          -0.16831998388322592
4.602398082520443         -0.16908046062473628
4.631977403662285         -0.17178685635614066
4.64017678211518          -0.17239728743853133
4.651666243796302         -0.17315058032597136
4.674643793875324         -0.17429969838172293
4.67689642605193          -0.17441083907875315
4.682339484444509         -0.17466910065023944
4.694783534819175         -0.17520487081514863
4.706645609303378         -0.17564476499235476
4.710448443245625         -0.17577115735774457
4.716756545479794         -0.17596514944187897
4.723083908698033         -0.1761400961867841
4.725567954058572         -0.1762034018711497
4.738059994670259         -0.17643793110866676
4.748917285580613         -0.17657604402343055
4.77594880336789          -0.17665437357041372
4.7785373180320985        -0.17662020214710153
4.78792067105266          -0.1764804190728893
4.802443056548094         -0.1762149056917054
4.805953571850085         -0.17614175601041426
4.827351110008209         -0.17562039646199734
4.827898693723148         -0.17560535225212798
4.828150157166883         -0.17559841513292143
4.842467846980399         -0.17517388658732333
4.844346351723411         -0.17511387824913763
4.864735127205717         -0.17432317204316566
4.869882837693393         -0.1740924645777958
4.8833922131066405        -0.17341802642081344
4.883825825965636         -0.17339472417849977
4.908444582472604         -0.17190291928106
4.90955688300901          -0.17182768487977787
4.91582715636006          -0.1713909034240587
4.917920533869353         -0.171240288872396
4.918832619013993         -0.1711739158277235
4.921885828600956         -0.17098612353529805
4.98732345476937          -0.16633530339634017
5.007986492526267         -0.16437654676458824
5.018944390250214         -0.16331101264351539
5.032141291604907         -0.1620031251932765
5.060284410049433         -0.15912407058706188
5.074995334063288         -0.15757041569821076
5.089965135249453         -0.15598431632086554
5.10260851615473          -0.15463002285663835
5.133075545560283         -0.1513113023073096
5.1342825547668625        -0.15117821670939313
5.1345514058173904        -0.1511485563318031
5.135770579695581         -0.1510139774477702
5.165924461702276         -0.1476456375304659
5.194582550494722         -0.14437348713907952
5.21167915314785          -0.14251504539322046
5.253101257497052         -0.13759417353017403
5.2695367899833325        -0.13565902293858711
5.2874623576874455        -0.13355967823343065
5.291706161052321         -0.13306438482508035
5.364863834976761         -0.12462955010310472
5.3665247120058925        -0.12443842591021088
5.36690004905073          -0.12439523325459886
5.37038827951535          -0.123993800161597
5.371249863255555         -0.12389464222606418
5.371430143397455         -0.12387389389649685
5.373057178567442         -0.12368663549158496
5.380563787735855         -0.12282259452575757
5.397948170187978         -0.12082100260609413
5.448044402335265         -0.11500808693614924
5.452977510625621         -0.11446726031431072
5.464326473678828         -0.11320166398833018
5.480256411615263         -0.11147755898850424
5.499164913932833         -0.10943971792567912
5.512707440025733         -0.10798569093203031
5.5283548463109575        -0.10632342947623798
5.559724029714704         -0.10304835843107435
5.566397246889755         -0.1023615191678343
5.609624792398246         -0.09799621586395163
5.609650723791031         -0.09799364081634791
5.6097856736177985        -0.09798024082899927
5.632582101008399         -0.09573021759077767
5.664905697254937         -0.09259496647995791
5.683718079195116         -0.09080498046300468
5.69662266731996          -0.08961771122546973
5.702280848136504         -0.08912355877246124
5.702356017620893         -0.08911702745643109
5.707170109814772         -0.08866760596670652
5.707275671303628         -0.08865778327332945
5.718866433330516         -0.08756188641783709
5.718946719481724         -0.08755435143844882
5.725933305443537         -0.08691049714889938
5.775319066962064         -0.08257145135477076
5.777957180118895         -0.08234515082176652
5.829568376402266         -0.07802977247094657
5.830755449362665         -0.07793302219959705
5.8347867599612675        -0.07760529810293136
5.845706943064857         -0.0767240702815186
5.848303289496526         -0.076515954943672
5.872995598499752         -0.07456362169707836
5.907418311182915         -0.07192326146777259
5.916094819167645         -0.07127268282335313
5.920414677143713         -0.07095099103595813
5.940041209999119         -0.0695057715497796
5.957177651477706         -0.06826580439798652
5.967943792184242         -0.06749722160620067
5.970435952339773         -0.06732045726750659
5.98516864497239          -0.06628431288223595
5.999808603002869         -0.06526963342833617
6.021295905370561         -0.06380734757744377
6.037358065272807         -0.06273522012043548
6.050855262970755         -0.06185433972909319
6.053600252974339         -0.06167601418390129
6.077793403319846         -0.060123911453780834
6.090934268344349         -0.05929560442204224
6.105037895164488         -0.058418156581092055
6.110308113456668         -0.05809334120498032
6.1159987567316305        -0.057745405674899976
6.148282068747298         -0.055811732565459495
6.160022025091271         -0.05512548511604508
6.177860033731983         -0.054100076023927995
6.190122657928572         -0.05340726382620763
6.192036486557335         -0.053300486367332624
6.209614398833674         -0.052327709907449206
6.232539502214322         -0.051080535578388146
6.2355955382645565        -0.05091612092044627
6.244499029803335         -0.05043958118029782
6.246215444387565         -0.05034822827671298
6.248168177276135         -0.05024448353516259
6.273507884510929         -0.04891616603662199
6.284597655902857         -0.04834530969113331
6.295586995848324         -0.04778591364157023
6.3069735303247665        -0.04720754098352928
6.317173535059685         -0.04669592505456237
6.318925938934036         -0.046608514594819545
6.371314436514428         -0.0440937523320169
6.38236020723943          -0.04357838703157204
6.4133507406970605        -0.04216007432453241
6.414196032762961         -0.04212195924647222
6.417374348709247         -0.04197891688852354
6.424332982569396         -0.041667234221323825
6.449499899180195         -0.04055867099036879
6.455992073863886         -0.04027709612906596
6.461639165237503         -0.040033639663475465
6.491426532846487         -0.03877202276559808
6.499287089277326         -0.03844542438157457
6.509350079516059         -0.03803117401439101
6.519724776079674         -0.03760862625081557
6.527875769720797         -0.037276306677413065
6.538087674081919         -0.036863540946152615
6.544586611571641         -0.036602925787273796
6.5493461190467155        -0.036412739521993934
6.573367124260056         -0.035468207119919486
6.580389787550084         -0.0351969020246137
6.6265091703084416        -0.03346828270069659
6.632913938437614         -0.033233174092919385
6.648084352164191         -0.032681110079496284
6.655257160099067         -0.0324224443264135
6.716437495069428         -0.03027770697612035
6.719241262413556         -0.030182058434594348
6.725198505387523         -0.02997959943899579
6.72849871197167          -0.02986760577134362
6.73334683491253          -0.029703729450856236
6.739229073711062         -0.029505930781626794
6.747071152459286         -0.02924399087283673
6.78512340428284          -0.02800075357274419
6.811519195584977         -0.027158138262436533
6.816057182244607         -0.027014901575963833
6.822377220317306         -0.026816293173451747
6.822886231596378         -0.026800341812029657
6.82321319363969          -0.02679009898985795
6.823838880368772         -0.0267705521575741
6.831194843491739         -0.02654145375482171
6.8357363688191946        -0.026400659880368202
6.836184954018892         -0.026386803411698218
6.837072166467895         -0.026359411833438998
6.839958314753638         -0.026270432095498352
6.874315154254512         -0.025226075179655322
6.876569285810459         -0.0251585140843781
6.903305158321441         -0.02436618579967638
6.921191860008375         -0.02384537670062055
6.9235746483111225        -0.02377655776324067
6.928426944768899         -0.02363636853947828
6.92980307285261          -0.023596700849148913
6.951112271259424         -0.022987552691650728
6.968456527131584         -0.022498822552966136
6.96928683634449          -0.022475585187606593
6.969853476052792         -0.022459748128709392
6.991754023317094         -0.02185254726461311
7.007568838966254         -0.021419711152961242
7.021692516997535         -0.021037013142310174
7.032042277955149         -0.020758882188240138
7.045531223814645         -0.020399321696678557
7.054132027945594         -0.020172386248272254
7.067488117415815         -0.01982239026448954
7.07422744531128          -0.01964689905949033
7.077037022777368         -0.019573958460911117
7.081950537639825         -0.01944708540989182
7.138071134813775         -0.018022932508827177
7.154487409577599         -0.01761501639402511
7.163881430195889         -0.01738335734269849
7.171596801087665         -0.017194055801651606
7.1716012023775555        -0.017193948060696573
7.1865066438545995        -0.01683069056889287
7.2411189826039415        -0.01552451385689898
7.27882775036046          -0.01464587655306014
7.289654044794808         -0.014397126926022297
7.308237769605595         -0.013973033616062802
7.3145332608026745        -0.013830366300371842
7.318268009339773         -0.013746211074785833
7.326365621591542         -0.0135641804508344
7.339667905512176         -0.01326643815251391
7.351638258400808         -0.012999875881824552
7.359568978304477         -0.012823983876465522
7.370769136437874         -0.012576549113570847
7.41249272322948          -0.01166477141021523
7.415216338976723         -0.01160580003984815
7.419455225649439         -0.011514153650367199
7.426304571397192         -0.011366411466692922
7.42692333747366          -0.01135310169426591
7.427487442628713         -0.01134097109816386
7.460625520763976         -0.010634072390416593
7.471809346078453         -0.010398033012047971
7.476535771802144         -0.010298770881697323
7.47770367930871          -0.010274112220033214
7.488321178320064         -0.010051112105007474
7.499883151606693         -0.009809198257594449
7.512164668613677         -0.009553301559356343
7.516026685435132         -0.009472932111630503
7.523831639271757         -0.009311520092529545
7.530003524480575         -0.009184016673559729
7.543660228129177         -0.008902741825954495
7.5520427683400655        -0.008730677865891559
7.564631117033327         -0.008473117553282986
7.607624349923904         -0.007601016619434897
7.608833234716341         -0.007576663687590258
7.612117531952513         -0.0075105482850937886
7.657968624945956         -0.006594648764075742
7.67042687216984          -0.006348083868493715
7.674006241303507         -0.006277424868311977
7.678982964679837         -0.006179192005606268
7.690193826922405         -0.005958269146643919
7.711406751140294         -0.005541617401484587
7.731092219804409         -0.005156574406505441
7.743676200925798         -0.00491124551074703
7.749707502260358         -0.004793887438863457
7.769285984685678         -0.004413927080944458
7.788178198305312         -0.004048736198438452
7.792772277994811         -0.003960146985065819
7.8213250231612905        -0.0034111293840328144
7.8380537554915986        -0.00308872168881818
7.844993347336689         -0.0029553895653558837
7.850788439205267         -0.0028441023655677153
7.885226462216942         -0.0021847206040886253
7.885513944060672         -0.0021792236985038274
7.90768169267988          -0.0017557300173716864
7.917797275713744         -0.0015627262657807916
7.93651811775191          -0.0012059402013178437
7.942756972030336         -0.001087155432797797
7.9628029487125005        -7.058847232892618E-4
7.994367196282667         -1.0673590735350886E-4
8                         1.2938033605841554E-17
