0                         0
0.028062422325876232      0.00127951922924288
0.04065759172534948       0.0018544134025597215
0.047953801177498506      0.0021877443320923325
0.0596046733215833        0.0027202624788633992
0.07168895329779446       0.0032729049162308534
0.09842844204079312       0.004496903874442307
0.10837926776065035       0.004952803243522309
0.11077814301568971       0.005062740782970141
0.11505964853658775       0.005258991715487548
0.1366052186438763        0.006247251644369686
0.15496106550044844       0.007088489066967631
0.15963094034514372       0.007302853268470427
0.18943364287684183       0.00867471027631253
0.18977627896674887       0.008690509644603852
0.1905561794482716        0.008726474128815092
0.23780209428564583       0.010910883300738533
0.2502838456429764        0.011489925544154695
0.2581265124034715        0.011854172451779959
0.2597317735773149        0.011928767299888
0.2820239464615275        0.012966055237149854
0.3109083274837147        0.01431395486506991
0.32976717288907403       0.015198156534745768
0.3412838444401257        0.015739605873827802
0.35676086975993304       0.01646902509701256
0.361806868765114         0.01670755099741493
0.36580038663280423       0.01689649544984131
0.38942328597652554       0.018017226549097695
0.40116618100307166       0.018576291429294005
0.4121270992088185        0.01909929687224823
0.42139925515371934       0.019542480064641536
0.42594556644484793       0.019760091213813127
0.4453229271820565        0.020689885563879146
0.46379611307861396       0.021579231650844893
0.4638544026285848        0.021582045247277904
0.464556563162335         0.02161594170540361
0.49726274611915383       0.023202291521000926
0.4974442393163088        0.023211135328091617
0.5075414298913634        0.023703953898219735
0.5145564763513999        0.0240470994075051
0.5309012027557095        0.024849025236986504
0.54974976426043          0.025777989732835568
0.5643817645679337        0.026502234149272746
0.5891857184986786        0.027738937120295834
0.6081218632718861        0.0286896011058729
0.617170858050115         0.02914588875580708
0.6215316357050087        0.02936623781243192
0.6234165246880213        0.029461573541606726
0.6261950484724643        0.02960184417620577
0.6527874587100717        0.030952097677331758
0.6712014466054549        0.0318953244534086
0.6736327201050699        0.03202036641278098
0.6840622272167627        0.0325580963040217
0.6872555467695021        0.032723171644804726
0.7104399444123962        0.03392774551576496
0.7174903081989995        0.034296136493849924
0.7256980472517172        0.034726126305983346
0.7257929948039195        0.03473110752844315
0.7263884064842292        0.034762384882915914
0.7357140283012903        0.035253041049893394
0.7811605213434889        0.037665012167781425
0.7907531348751881        0.03817854309937002
0.801390638591194         0.038749814541841204
0.8044560319053407        0.03891469669950206
0.8054491709578263        0.03896837569932285
0.8154946670509207        0.03951331668619189
0.8244438782057034        0.04000064996394411
0.8265260966043537        0.040114289805331826
0.839179122727376         0.040806888685417514
0.845608682263172         0.04116017317117148
0.8486641690775496        0.04132838034557169
0.8643992120967443        0.04219784803444405
0.8715664962151614        0.04259640848139532
0.8768730124102501        0.04289231671186547
0.8851671775976867        0.043356226479141384
0.8892249814263475        0.04358384699295678
0.8950225837031681        0.04390980190780962
0.9023152931735052        0.04431959729093081
0.9318609305943127        0.04599402621112367
0.9434300866060127        0.04665687834041795
0.959574826456083         0.04758933593842587
0.9821561431114753        0.04890459538208802
0.9833919696891731        0.04897694806961259
0.9839029616920179        0.04900687598499348
0.9957982473153338        0.04970544434695133
0.9960556564456085        0.04972060097712954
1.0291528142186919        0.05168348967827729
1.0293584876731035        0.051695745223341194
1.0397537922142854        0.052317262261933395
1.0496681107951438        0.05291383703041269
1.0537239700217307        0.053158963984183384
1.0724139106065826        0.05429659628582257
1.079848927760757         0.054752836282579785
1.0878693204205336        0.0552473456795448
1.090101219745558         0.055385267535730726
1.0914902322569817        0.055471178477928464
1.1305450413028224        0.05791056803437887
1.155488394971046         0.05949263522775382
1.1672592798617913        0.06024818527457341
1.1690725247597966        0.060364963504218556
1.1819409421134723        0.06119671517712388
1.1822661302868478        0.06121783709009885
1.1865782202042197        0.06149829779382721
1.2135975068363223        0.06327164914466847
1.239509863527168         0.06499827614927702
1.2440334443987244        0.0653022999800223
1.2654987560610895        0.0667554999424215
1.2900151671691196        0.06843409366414228
1.3003994645257664        0.06915160040357955
1.308692549694521         0.0697273976304174
1.3121887655799804        0.06997088412461014
1.3125608655685788        0.06999688125626448
1.3374013176489368        0.071743667271856
1.3690052206623238        0.07401202721086521
1.3709698927743594        0.07415508341537151
1.3786078298015685        0.07471285466287937
1.4157336548750885        0.07744459018369737
1.4189419203016655        0.07768440456643122
1.4214274316833837        0.07787050551434604
1.4467270238912737        0.07978027525454105
1.4677744502645338        0.08139054713543237
1.4810320576190779        0.08241486021700241
1.484427502307101         0.08267844525421408
1.507398623864007         0.08447500878746668
1.5213151069939894        0.08557471694278354
1.5376460852310194        0.0868761014119835
1.5499130843125364        0.08786136063313606
1.5548507952262454        0.08826009442777887
1.5733572984923163        0.089767787427443
1.5921939571939658        0.0913238460441387
1.5957329911872098        0.09161862464386067
1.5969240142698506        0.09171799802023242
1.6016820253428417        0.0921158326121795
1.617232800152643         0.09342555622344798
1.6319609026573572        0.09467936005313883
1.645344032082912         0.09582994361146956
1.6487147177929626        0.09612142328983855
1.6518976304768742        0.09639631376371943
1.6682350300155524        0.09781632998301856
1.6702358006560813        0.09799127394318966
1.6797092105814762        0.09882269593272654
1.6951610339438898        0.10018973033103311
1.6957474102430838        0.10024187423620191
1.6976202822188842        0.10040855127525997
1.705681436834464         0.10112822860707338
1.733484523432166         0.1036386939576333
1.734239479149244         0.10370758925151806
1.7358475165110008        0.10385446742051495
1.7440146364305482        0.10460324387270695
1.744228415437091         0.10462290616979948
1.7463999195499151        0.10482461177126684
1.748467613637057         0.10501690383282222
1.7569421559145861        0.10580735720668275
1.760346261997717         0.1061249218289872
1.7684695892410445        0.10688545089595942
1.8222802313781616        0.11201996453418585
1.8355738697264066        0.1133120796981221
1.8404386072512948        0.11378696582188948
1.8430634226219307        0.11404364987654896
1.851858333873929         0.11490882881204866
1.8835918071385556        0.11806686798458194
1.9008404616690289        0.11980142207979756
1.9021238801589284        0.11993141561452501
1.902708031155647         0.11999062517609944
1.903054094013825         0.12002571471500041
1.9111544768250066        0.12084974216755431
1.9717318620501672        0.12717490727906106
1.9718925469282829        0.12719206706858227
1.9722355188452965        0.12722870033622122
1.9877061942089405        0.12889094836371223
1.9895778573363243        0.1290927465682871
2.004290674372941         0.13068647367914848
2.008054686306785         0.13109631711999878
2.0242635701853167        0.13287107062943226
2.0311575650448965        0.1336309284517127
2.037183770357745         0.13429748683879628
2.050163485359159         0.1357406138631272
2.0629102472574616        0.13717352884914294
2.0854885969650736        0.1397353839614844
2.102089096001757         0.1416383134912168
2.102122848850474         0.14164219931512717
2.1241357852555263        0.14419089656064799
2.124169758154614         0.1441948522898214
2.130234242126841         0.14490208781859054
2.139570903803524         0.14599520078284492
2.146173686111759         0.14677136949526431
2.168514473966846         0.14941680841812796
2.173347898009638         0.14999788973189537
2.1792728977314884        0.1507035956101718
2.2133649740446537        0.15485707747986877
2.2172348715525936        0.15533150503350995
2.2176765677352184        0.1553856927675014
2.234956870263321         0.15751181330424932
2.2384156871081236        0.157938818398769
2.266665344526603         0.16144435917864303
2.2826717380588066        0.16345100336958715
2.2967329082316255        0.1652251339792412
2.3132513586964896        0.167322865532475
2.326175728425577         0.168974388453397
2.3291620712164813        0.16935726972141044
2.3520940092561284        0.17231334634367196
2.3582038221995854        0.17310570451485865
2.3585477231918937        0.17314961990101502
2.3603622359032217        0.17338148901558115
2.3936928285009333        0.17768849615539956
2.3955748546016626        0.17793439895391933
2.4214978425956994        0.18138262395763602
2.4251792139825614        0.18187284285277971
2.44836824121989          0.18496377156403043
2.4581653444599767        0.18626904263386393
2.4986184791151973        0.19164857679463576
2.4997340492948266        0.1917966981700896
2.5111931744645024        0.19331748702602292
2.5136082220426808        0.19363783253475314
2.5235925303210145        0.194961595381067
2.5417247486145707        0.19736312308254447
2.5629552021638093        0.20017086622921626
2.5740181077091155        0.20163217748517848
2.586548888257872         0.20328592037015733
2.5873184095678954        0.2033874269249408
2.588541807854717         0.20355053829387004
2.5907492096655664        0.2038497746356184
2.6067167248984777        0.2059935568892342
2.6241443776540243        0.2083214869168975
2.649548512699477         0.2116924743499326
2.6617898601634526        0.21324273788122988
2.669836167504447         0.2142570024539393
2.673433016149717         0.21472068320865326
2.67564575573341          0.2150052950590559
2.687088504683918         0.21646934016213742
2.6896082490780375        0.21678998013465067
2.6912440541868192        0.21699779996704555
2.6926450344702832        0.21717388055982184
2.72651473067903          0.22137439276348234
2.7325236149257086        0.22210830771395149
2.7399674845338753        0.22301276471831652
2.776092874296557         0.22732787062603987
2.7783007556603248        0.227587604568038
2.7816710301851684        0.22798319481861873
2.79883911458643          0.22995408081825666
2.8015648231852457        0.230261720174751
2.8185914019058846        0.23215075091568335
2.822739574922842         0.23260243679868195
2.825791266568549         0.23293259356441964
2.836090109333366         0.23403344206213633
2.8394045903359046        0.23438334304541678
2.8521601985997638        0.23572881392807854
2.8610103383501855        0.23661576900038161
2.8743044635484356        0.237950584330593
2.883977202849432         0.23889029682439905
2.891467676969028         0.2395997760890789
2.9040637174494592        0.240756975073591
2.9153573837056683        0.24175627748589468
2.9273282548667137        0.24277602141590907
2.935102873939151         0.24341654355883374
2.9675053762240857        0.24590151636116
2.975571588461955         0.24646532810298907
2.9826915060141785        0.24694581206161667
2.9913278138241006        0.24750700287319735
3.006395758910991         0.24842935978822486
3.0137452057501912        0.24885305890884377
3.0213963138156616        0.24927590886204276
3.025105795024734         0.24947566615978456
3.0428099009039893        0.2503265545819354
3.047725774289526         0.2505327591989168
3.0499986027002612        0.2506228343520792
3.0563941591049373        0.2508627068691037
3.0748833906047297        0.2514433658054662
3.089245452976734         0.25177873823074787
3.109820715858376         0.2520829614512932
3.1157329422510225        0.2521319860773157
3.1186037018303776        0.2521496090876878
3.1237433606624236        0.25217106677848744
3.12543092633591          0.2521752876006593
3.1507126080680097        0.2520713602427638
3.1622460783021284        0.2519582913548345
3.1768666159789754        0.25161055402607785
3.193829834844138         0.25103708618875664
3.202400998349231         0.250689295835753
3.2087962484314194        0.25040441923936624
3.2480637555190723        0.24817982990283552
3.251186569034224         0.24796781696584272
3.2550855748683047        0.24769584795599084
3.2552394571894387        0.2476840705320436
3.256442790863485         0.24759145446126354
3.258172700982575         0.24745669847198343
3.2923269313917625        0.2444069799300929
3.2949774377346954        0.24413933243057076
3.302813495995923         0.24332195530078565
3.3183500085538213        0.24161049825145092
3.3538956720792474        0.23682458728710018
3.3546317925419733        0.23671544014797544
3.3549077042691815        0.23667442484079282
3.3889759544192537        0.23117042748590355
3.4156160281684222        0.22625884763832285
3.4392496734180105        0.2214551294579584
3.4435083247408915        0.2205448952530713
3.445391036129166         0.22012001592725172
3.4545858552885833        0.21799355143369448
3.463389618644776         0.21601328612182327
3.4667020633890115        0.2152512800163497
3.472655773646152         0.21385840356612612
3.481396720059971         0.21175928449828801
3.498922959703219         0.20735625851517445
3.500292365467056         0.20699719300882388
3.516310375111111         0.20268218963647394
3.5328672186364303        0.19799934419035337
3.5522951282191304        0.19221580510692182
3.5638089313725994        0.1887481420140192
3.5781405651153086        0.18428647376410495
3.5892951875519734        0.1807023059636641
3.5996709796639816        0.17719106340534302
3.619795117870152         0.1702553645161639
3.6339967657575265        0.16520594821643253
3.676981705158081         0.14914160639665622
3.681791135006894         0.14727119492958235
3.686544758760921         0.145408043862721
3.6881169451088693        0.14478867618197605
3.6896446775083263        0.14418531664185644
3.692660124731052         0.14299004947208574
3.7130963050343517        0.13473726119322768
3.7397156046320674        0.12355556384853195
3.749957308437347         0.11916570424208886
3.7785260587862837        0.10665026120462069
3.7789100476688917        0.10647954143978582
3.791502307250426         0.100844315209122
3.7916622213975555        0.10077229240689543
3.793503898495729         0.09994200080472009
3.8049482671721844        0.09474827486712945
3.8234102741893237        0.08624555514798361
3.839587118902948         0.07866920069894193
3.8425172602609514        0.07728428559152338
3.843780239882525         0.07668615376055961
3.850287639337159         0.0735929517886557
3.87367781119248          0.062442549762024235
3.8994914873865643        0.049925586079108276
3.9059659992920692        0.04675134857007356
3.927210360398764         0.03618896791332971
3.938938666410266         0.030362986714094636
3.9520781960290865        0.023840345237853663
3.9526909443729332        0.023536281015071613
3.9640677369586155        0.01789259258605094
3.9662288630372275        0.016820912468882645
3.9822373216653055        0.008886362859363867
4.017681495204099         -0.008718934082019202
4.0393646531561           -0.019495602246318074
4.053354552431582         -0.0264672314059524
4.05674096065345          -0.02815658175719144
4.068583586336132         -0.034069907588900356
4.080017410256463         -0.039787209640089256
4.093574143641253         -0.04639433307163482
4.095237564842041         -0.047199952349340865
4.096123497167764         -0.04762856921380537
4.096946004213106         -0.048026218790141864
4.117274333283597         -0.05793034674101766
4.128669502104824         -0.06342190347344366
4.14983730664029          -0.0735081793964843
4.15758193013489          -0.07716109789741696
4.16634686895164          -0.08126665892438219
4.175056131211406         -0.08532118417626812
4.17717713073575          -0.08630483112151047
4.180857285235024         -0.08800805980838215
4.185222435388001         -0.09002255539531856
4.2163869851918765        -0.10422326836777537
4.225760978947014         -0.10843238916972642
4.232701498115773         -0.11151927966978467
4.270773436846823         -0.1277784998386995
4.27474542831097          -0.12940914128366723
4.278485544147333         -0.13093324877988843
4.278789633740923         -0.13105668259564832
4.280250987432341         -0.13164885018524494
4.280674839823908         -0.1318202888583778
4.280684325617353         -0.1318241522275816
4.284429026160846         -0.13334613948416565
4.320729693287258         -0.14777411786319258
4.328959319582963         -0.15096286733721384
4.359124707925365         -0.1623913888673244
4.362468563003213         -0.16363312205698421
4.388314869761188         -0.17307599490579645
4.392720539120101         -0.17462721472616213
4.405476931452807         -0.1790078520430732
4.419101949410493         -0.1835047955004284
4.451077803662606         -0.1933201991644421
4.452067303166488         -0.19360742395969444
4.457971167896367         -0.19529194011545165
4.480752565549889         -0.20158087569045113
4.501853237522546         -0.20710665387448088
4.526521536716461         -0.21320190303512443
4.5403525478692695        -0.21646995815955408
4.544324723583905         -0.21738802587858297
4.555780908632833         -0.21998460447216325
4.577279013111836         -0.22454767774886694
4.590309806889801         -0.2271052884502649
4.597089488428917         -0.22837380668275647
4.618216325005937         -0.23205389999454523
4.621690984284084         -0.23261959064009408
4.651687627261708         -0.23703850961820266
4.679199810701897         -0.2406513725351897
4.68202161266373          -0.2409971382446841
4.684167768091108         -0.24125702669939203
4.722931797525469         -0.24549187777554896
4.723727848169694         -0.24556972354104978
4.743495663981315         -0.24738509067760073
4.752521564597162         -0.24812411838280457
4.76378823950602          -0.24890707351049512
4.781789543795098         -0.24991637967060426
4.7943993435126036        -0.25049475020029993
4.802492436845618         -0.25081011461012126
4.8089525877182755        -0.25103051525103753
4.822181144197909         -0.251395032105712
4.8292689394462           -0.2515364165399741
4.837887141640315         -0.2516763776886221
4.861891396713617         -0.25188136507847714
4.862134884617696         -0.25188205072382314
4.869792256750516         -0.2518893323391685
4.895218138817303         -0.25171495160388446
4.895336338464276         -0.2517134282359991
4.901601649229322         -0.25162323956736765
4.906199500759978         -0.25154526377622116
4.910927477861517         -0.2514439542608746
4.918145553190808         -0.25126111515934835
4.974264880951772         -0.24894715924467736
4.975627147299366         -0.24887520653173
4.975922821774746         -0.24885949067884552
4.988119735863869         -0.24827686328009507
4.9953890969346855        -0.2478987160972677
4.997076817440837         -0.2478076208933392
5.00308209857519          -0.2474733956163822
5.030213412129753         -0.24573436732975237
5.04354347589993          -0.24477165760014985
5.072966641353023         -0.2423941088351666
5.084791406949956         -0.24134067021777703
5.085887157060752         -0.24124020988948003
5.086106882044208         -0.24122032911373198
5.0863714324265885        -0.24119638241208452
5.093720368571046         -0.24052675176272884
5.095412340916995         -0.24037137291855432
5.101707671145842         -0.23977219569182698
5.144533728635042         -0.2355328009854454
5.158793981938846         -0.23405797365616715
5.161118137554664         -0.23381461230685013
5.178903412453495         -0.2319245615964018
5.180786087177628         -0.2317225510074605
5.208188713688222         -0.22871014058712108
5.225624253352699         -0.22669693485974818
5.236809674343699         -0.22538450695841408
5.24405715825298          -0.22452541228920936
5.252987629114838         -0.2234573911382074
5.269518573125863         -0.22145293395243565
5.270669797002543         -0.22131201377824122
5.2977865445414505        -0.2179426460233402
5.313057680592866         -0.216002892860414
5.326631958310944         -0.21424970240615618
5.327779281790322         -0.21410059278705468
5.330959049343            -0.21368583482790943
5.3769154895478355        -0.20768836759946427
5.384491301927868         -0.2066998382642932
5.384605412607615         -0.20668494574595764
5.386979992968544         -0.2063750218268797
5.396804253840498         -0.2050924037484617
5.407756373719147         -0.20366181205896539
5.424431494687119         -0.2014760465439236
5.466328442513632         -0.1959672674522843
5.473696540245266         -0.19499328255684048
5.491764984274464         -0.19259824343643667
5.510475608779632         -0.19010822689300283
5.53263960655006          -0.18714566162737042
5.536684322666539         -0.18660350404768267
5.54215655818537          -0.18586445442486446
5.564032635318293         -0.1829255763563615
5.571807851331478         -0.18188704243755885
5.605679546176346         -0.17741022335044937
5.610391795024804         -0.17679286369177416
5.611576987812905         -0.17663779940585095
5.612438168437449         -0.17652518004010298
5.633147105462696         -0.17383041469626612
5.650441640223559         -0.17159968064067965
5.658414180842942         -0.1705773901968891
5.678219957853053         -0.16806167155798105
5.695353583397074         -0.16589335357708837
5.7087204782172405        -0.16420687203465753
5.718511079429455         -0.16297383078663735
5.723844622363393         -0.16230300248869303
5.7418445473991415        -0.16004366407182727
5.7560890294290825        -0.15826074629426432
5.768858736579709         -0.15666620475592322
5.782112360228129         -0.15503256728320108
5.818976323619067         -0.15056876187023016
5.829791259449813         -0.14928185929906018
5.835769861383909         -0.14857530254414836
5.840311928643689         -0.14804082775329475
5.845360208130907         -0.1474413972502383
5.847095239838174         -0.1472357671647816
5.852568278140594         -0.14658841780069398
5.876387793590174         -0.14379398505843027
5.879290957877732         -0.14345663108825818
5.881825996501721         -0.1431625844611451
5.907661926497321         -0.140193996414045
5.917042684161574         -0.139128841749394
5.922688879428007         -0.1384878139557928
5.940376413647447         -0.13648914557223626
5.944073470359656         -0.1360731922807611
5.944110444671226         -0.13606903548617968
5.947722897109867         -0.13566469418830568
5.996117962957746         -0.13031081184310744
6.00601801101309          -0.12924016839106042
6.016567314360085         -0.12810793328023612
6.021938053971191         -0.12753492019610477
6.022408353225321         -0.12748485298611364
6.041803998236668         -0.12543542794448104
6.043446938037853         -0.12526320956000225
6.0468592843537685        -0.12490620560184437
6.050242895129183         -0.12455312705990487
6.053968162399989         -0.12416250623454589
6.057244372728408         -0.12381982616182108
6.07143366869889          -0.12234490152049754
6.078470278197303         -0.12161903229588948
6.086110170881853         -0.1208351049101125
6.087898989723961         -0.12065218256287696
6.111664985193603         -0.11824123673250013
6.114253819337064         -0.11798191136423711
6.131053517464861         -0.11630790096473263
6.155485736088204         -0.11390064723447627
6.1682373848472105        -0.11265710491970038
6.209148864828809         -0.10872691107461661
6.20949801925284          -0.10869375970348266
6.211361428780576         -0.10851694519455117
6.2148777185535105        -0.10818515830195533
6.230964462745933         -0.10667618889155939
6.242619672763862         -0.1055920616998671
6.260857815980311         -0.10391105014124027
6.267337070779439         -0.10331847910307411
6.267964917581317         -0.10326118042302668
6.271491510793235         -0.10293973665418378
6.274158820022062         -0.10269706740520176
6.306922879302041         -0.09974798865974084
6.331367027228124         -0.09759874966200409
6.33452992152936          -0.0973230046050567
6.353088666692747         -0.09571588310276753
6.353350298792049         -0.09569335925535563
6.354115815634105         -0.09562747725479799
6.356300121283328         -0.09543966475188251
6.3660996131492           -0.09460004917929707
6.367746497580824         -0.09445948890815505
6.378406580283277         -0.09355344510810075
6.418041596730307         -0.09024222720772923
6.433043808273078         -0.08901255420777543
6.435227821762039         -0.0888346222242607
6.454454335610018         -0.0872723199136659
6.456035852088545         -0.08714536724606062
6.465957842937307         -0.08635262401744534
6.473609530208751         -0.08573924183150436
6.474570674594727         -0.0856624794946648
6.478407818718372         -0.08535640706998847
6.494407246863253         -0.08408831935044019
6.515795516321641         -0.08241567873532087
6.53720615640189          -0.08077191695289487
6.5443428887585755        -0.08022841436524314
6.577208547697742         -0.07775394461170351
6.585171043785836         -0.07716147641457094
6.58630119322393          -0.07707760725989789
6.595938398177865         -0.0763646681825225
6.625973077209357         -0.07416840479590123
6.656581156871964         -0.07197078359469306
6.663081587342239         -0.07150933353693335
6.697582923567645         -0.06909108644523355
6.707613194970818         -0.0683978137692738
6.720309720426155         -0.06752482030601552
6.733984720858906         -0.06659240591245463
6.751611610068279         -0.06540154539335245
6.782784028311714         -0.06332466540713158
6.786774762078462         -0.06306126254323721
6.790187676149739         -0.06283644479719655
6.819150046166365         -0.06094520123710766
6.826690660301237         -0.060457667496247945
6.836187536038769         -0.05984654606386455
6.856028141501508         -0.05858020771336489
6.858415260697901         -0.058428796398042104
6.861930273773736         -0.05820621515109722
6.904985329213522         -0.05551566174346116
6.9067060602979335        -0.05540950806570118
6.920242100448418         -0.05457814539572992
6.927571898574451         -0.054132061663728775
6.943888885709801         -0.053143567967941785
6.955534633176066         -0.052440819213351184
6.985298808734647         -0.05066193660000017
7.014102892077137         -0.048963978430377364
7.036956754504992         -0.0476332531011536
7.046177851710179         -0.04710045851965931
7.048643258817121         -0.046958409505231495
7.0515936859915955        -0.04678863815947152
7.055727323629129         -0.046551372372675995
7.0606950433849365        -0.04626691818859399
7.078933309991494         -0.04522901576384831
7.122703513471949         -0.04277937776249989
7.147869918225037         -0.041390871486752544
7.165799862914915         -0.04040967210883892
7.175591867727901         -0.039876641662861645
7.182261093625458         -0.03951474418838332
7.1843825937721615        -0.039399817827748325
7.193734694774366         -0.03889431161011548
7.194545310299574         -0.03885058147877811
7.195145171772383         -0.03881822967276166
7.241933422900933         -0.03631850270914449
7.277405276489215         -0.034454848655915624
7.287845626812523         -0.033911494732209904
7.296737391852322         -0.033449495994731474
7.305462092070525         -0.03299779798709047
7.31728371132175          -0.032388781087959735
7.319390042692608         -0.032280504992720185
7.328686887538268         -0.03180345376215268
7.329649939213923         -0.03175411602407943
7.344281459865393         -0.03100637141578693
7.350841889139501         -0.030672219846863732
7.351914596852839         -0.030617648050135452
7.38218716524503          -0.02908523433349309
7.387874897672209         -0.02879916362637169
7.39596189925692          -0.028393326774575255
7.403918317259061         -0.02799508325285604
7.422616046842182         -0.027063264599656012
7.432462794986776         -0.02657483310233227
7.441718665203961         -0.026117646310038063
7.4552676108466125        -0.025449710840929646
7.462688864063753         -0.025084831077109765
7.463780775219517         -0.025031180610266327
7.465088270849886         -0.024966959216554035
7.4834301844556395        -0.02406853653770437
7.510366938892644         -0.02275755824370799
7.534055346577386         -0.02161296806077786
7.539133209577946         -0.021368623319878596
7.545725300560298         -0.02105194665668189
7.548179901020818         -0.02093418400127778
7.551486656286877         -0.020775669888006533
7.556953102565769         -0.020513959580440496
7.585137321237318         -0.019168374912180153
7.596726554802121         -0.018617339607550232
7.6109957393405185        -0.017940692119355957
7.617911838002079         -0.017613448885288083
7.618575416411831         -0.017582075601741458
7.621865799194358         -0.01742657368027407
7.623125967200299         -0.01736704690087331
7.6274296584246875        -0.017163891715627416
7.631723791804689         -0.016961338243412293
7.694751452510125         -0.014005635924533015
7.696569925339889         -0.013920835241758883
7.706678600805432         -0.013449980744324595
7.729668526486429         -0.012382550989217072
7.742314671791958         -0.011797418829567816
7.746968936092931         -0.01158222962314141
7.755841994876514         -0.011172226233066707
7.775583867265539         -0.010261135195538099
7.79477370196379          -0.00937702173255437
7.804786379968011         -0.008916199916832276
7.807749301397437         -0.008779916223596074
7.822766302117984         -0.008089810959826976
7.823550434068133         -0.008053810602236125
7.825640409859842         -0.00795787418664263
7.840193617584438         -0.007290481773955669
7.857127464745267         -0.0065153804627391294
7.872957424262348         -0.005792231019807554
7.9109749785019           -0.004054549011535824
7.914080982112351         -0.003912674383502659
7.914376669631256         -0.003899176158150268
7.91980276259713          -0.003651827512266532
7.939115687584155         -0.00277172310621436
7.941804538312559         -0.002649224344296395
7.9501927320497225        -0.002267128372520057
7.959901381298565         -0.001824984976351146
7.965741258299605         -0.0015590825048511741
7.979611541866437         -9.276958398314854E-4
7.9861072846130465        -6.320807280940795E-4
8                         3.728091706622211E-17
