0                         0
0.0137224450592681        7.411301746087137E-4
0.016966405533064752      9.164382914431637E-4
0.030149769142115507      0.0016293038835369746
0.05376525523118598       0.002907945652438178
0.07783947230245626       0.004213642926219426
0.09271227525431125       0.005021541013849063
0.09336438265685572       0.005056974909455653
0.10687673601920754       0.0057915591065214895
0.10734141593838212       0.005816834672182749
0.1175518759240618        0.006372373449072995
0.12862387865889688       0.0069751253115356675
0.16531902204377955       0.008975293679593864
0.1674434868003103        0.009091211547369232
0.19005249687244752       0.010325644853140753
0.200046076513451         0.01087278131328628
0.21492743672687864       0.011689580620245787
0.2389048740497104        0.013010832005334948
0.2664784747324569        0.014538167015840962
0.28186892173445516       0.015394347097929131
0.294229369409534         0.016083877843373923
0.2971911863517595        0.016249356445570295
0.3125727405237838        0.01711030593329447
0.34418071236074527       0.018887770662021085
0.34748459397122733       0.019074206187692677
0.37844107716626724       0.02082696693277377
0.38273562609469103       0.021070717767217004
0.3858246167379231        0.021246158849214877
0.38685519439404176       0.021304993284136414
0.38744455879506723       0.0213386463636024
0.39588153195255604       0.021820324890352506
0.39892151855586067       0.02199421192356758
0.4203510001448544        0.023224835931352838
0.422882814972128         0.023370780323977138
0.4316077494208846        0.02387461353170282
0.44236886615675447       0.02449793225530811
0.4451207153187632        0.024657665807870374
0.4490950292045472        0.024888601070637437
0.4635345331499486        0.025730050108066956
0.4754065976097771        0.026425152764308325
0.4799613313626395        0.026692592401760692
0.49294350558922717       0.0274566988159953
0.5031643761280176        0.02806063672382254
0.5140930691084797        0.028708695779529437
0.5334214586268875        0.0298606587289355
0.5390026617787522        0.03019408339244463
0.5579514412717471        0.03133252193898327
0.5662505274481064        0.03183425562551118
0.5922020030886959        0.033415479801800076
0.5944202561241053        0.03355150194751605
0.5989498227535399        0.03382967523757057
0.61538840134014          0.03484397955545133
0.6166039075353398        0.03491927621936988
0.6247633359710575        0.035425783900047615
0.6490968105508784        0.03694765243326304
0.6826228410271109        0.039070431270055175
0.6921096909677071        0.03967658011252315
0.7029994338084412        0.04037713435767564
0.705300983273118         0.04052566238027568
0.7260608968721228        0.041874152219584564
0.7464004540227751        0.04320847787593442
0.7511791759565638        0.04352386081600541
0.7707980494136578        0.04482219732936694
0.8008727640441724        0.04684365247826927
0.8078596950844669        0.04731867625932565
0.8184000900569186        0.04803914447627744
0.8414713772351113        0.04963231210419112
0.8574439967366507        0.050748295152771496
0.8719633329604021        0.05177197377469529
0.8849647247819474        0.05269561122512557
0.888098465662116         0.05291925598737205
0.9022655126261409        0.0539352525771059
0.9315416934298579        0.056060447904385816
0.9502856625338352        0.05744496360275242
0.9510669264992996        0.05750299567094558
0.9923779840774443        0.060614628597389454
1.000540132090762         0.06124058354948503
1.0017489686222172        0.06133343351849038
1.0090137315208734        0.06189320096210181
1.0443832144911853        0.06466175511868469
1.0498299821278767        0.06509447846849784
1.0663503101454597        0.0664173594363656
1.0985847771631296        0.069043640610948
1.1130881321309873        0.0702447335292047
1.1296377331291145        0.07163002585478445
1.1309516516687028        0.07174068123140911
1.1342722489278265        0.07202183664155101
1.1371337962499557        0.07226470961820172
1.1434601122175052        0.07280357719139521
1.1482347654172909        0.07321202999650099
1.158718755180701         0.074114187610865
1.1771844536123122        0.07572086842977016
1.1858301492466046        0.07648087751305979
1.193306573699849         0.07714208914491154
1.217139041295568         0.0792745129062575
1.2172371691339308        0.07928338308885013
1.2172829197781763        0.07928751716697101
1.2466454645601943        0.08196777868447261
1.263373010500644         0.08352750998843751
1.265970656236422         0.08377185956073198
1.2906342966668218        0.08612048046365135
1.2934028125105697        0.08638734761684475
1.2995720715286174        0.08698437136122569
1.3147395292654973        0.0884659603068198
1.3234627936118764        0.0893269368842143
1.366100543697936         0.09362917366385229
1.404427761847403         0.09764402111701277
1.4075197057569084        0.09797399739369976
1.4082248207114307        0.09804937548491975
1.421844871237693         0.09951756994118648
1.439985096062333         0.10150144824237053
1.446021685312083         0.10216883114994157
1.4484175557187633        0.10243349111933667
1.4730091804612073        0.10518898999640974
1.5239907541874955        0.11112780521724225
1.524347942072241         0.11117057516569294
1.5243711349926405        0.11117335284457328
1.5306198038981789        0.11192412219217393
1.5344900023581418        0.1123915229176074
1.5363635995970601        0.11261845564934882
1.572316376658503         0.11705650148223962
1.5758697349422919        0.11750373976408081
1.5817054303726032        0.1182416010019142
1.5822597623139443        0.11831252703221404
1.5829808222826638        0.11840484537108187
1.5915475431728026        0.11950681839566953
1.5967461899754776        0.12018018604503826
1.6089078116600737        0.12176915173997639
1.6108093475602077        0.1220182514969774
1.6287314026571726        0.12438729012056218
1.639787579163603         0.12586793292153112
1.6523266352612869        0.12757414394052483
1.6699873344500735        0.13001962987630883
1.6718514382039686        0.13028064423307686
1.6733186370779678        0.13048647165633961
1.673935642251465         0.13057313097279896
1.674421549173604         0.1306414199079039
1.6762880520309724        0.1309012619319245
1.6795730374850515        0.13136013734811064
1.740199386787649         0.14018654337857547
1.740723937356165         0.14026587139660168
1.7696147337371504        0.1447134687718626
1.8063379508866662        0.1505895707248781
1.8067061435064138        0.15064967686079858
1.8067291008535082        0.15065342536580512
1.8069117155758478        0.15068324627462734
1.8072270736380043        0.1507347581018511
1.807445928450326         0.15077048277362853
1.8079313284221885        0.1508497453955171
1.8087712885062996        0.15098699837512067
1.8691845287641722        0.1611679910156797
1.8898872468335561        0.16488197742909452
1.9044934553549364        0.16755652073046193
1.9474436869887306        0.17558287106048023
1.9610766905547423        0.17824352292411957
1.9677398604310623        0.17956373046706242
1.9685765441845073        0.1797304830165438
1.9805167865208513        0.18213186824245095
1.9838561421183192        0.18281102385945872
1.9875710329732195        0.1835700990657322
1.99858253249201          0.18584408772935937
2.039661934218426         0.19460902499403354
2.053098092356641         0.19757047610062334
2.0795565894416264        0.20353854448598496
2.1008573175842913        0.20847464331606685
2.11167325047945          0.2110259404751058
2.1373568293782554        0.21735183427595536
2.1466233757053352        0.21968721461173166
2.1610649930973893        0.22333098686739472
2.163759405565331         0.2240203928655848
2.170895428201787         0.22586080292353686
2.213542809208707         0.23730014088986107
2.2437000798755653        0.24584467756933812
2.249473113862944         0.24752339251831482
2.2558886281134494        0.249405151571174
2.280462242712079         0.2567708932391235
2.3234552829150408        0.27026026947885684
2.3351868221605576        0.27407429495664426
2.339956326096516         0.27565312662863173
2.3469197737977026        0.2779981080181791
2.3684466130888646        0.2851990582824815
2.393429792295695         0.2939768912259353
2.4046261016477097        0.29803437784814074
2.412903763376261         0.3010833738130238
2.4274695070050782        0.3065501034309845
2.4460744962882335        0.31372122703945987
2.4741644571992           0.3249486850283694
2.478820331975947         0.3268561666060614
2.498719200280773         0.33515777235551636
2.5159915328032234        0.3426748725803995
2.544216137534081         0.35527224424866044
2.571086308121714         0.36762677626053136
2.595906201380461         0.3793520558866638
2.5981763537828915        0.38046407505579094
2.60552751247704          0.38408332064636574
2.6079062783117024        0.38526225800335423
2.6159388108155768        0.3892898743621657
2.640803348137575         0.4019457581097223
2.6429873006232554        0.403087557547368
2.653561681313113         0.408684915359563
2.6832600933470054        0.42501633036877595
2.702396575433957         0.436017129997577
2.7193831862881805        0.4461137148008445
2.7235909530968234        0.4486380337179973
2.7367151601231265        0.4565444800128392
2.7496955800623657        0.4644349884511767
2.755255441200041         0.4678362071634892
2.788239722858674         0.48827938984315156
2.792164253257845         0.4907419730119067
2.793703994804052         0.49171416519993866
2.7939314744071644        0.4918580230694791
2.799177429374659         0.49519179747104175
2.8142132200229417        0.504919411099453
2.8189056242498554        0.5080075783146907
2.8399956972936655        0.5221948873874849
2.842559980393051         0.523954184754041
2.854764002442053         0.5324290158156708
2.8671421072871905        0.5411968096900455
2.8721757924990623        0.544791258250812
2.906662440117766         0.5696397076105039
2.90668480926096          0.5696558088225075
2.9067961205740267        0.5697359383061287
2.912136919846048         0.5735964306499703
2.918858571315374         0.5784990961095282
2.92280982591694          0.5814039902407495
2.9334746429242675        0.589329268930635
2.9389226213199797        0.5934254836590159
2.986294986247811         0.6290178144184752
2.993333599721419         0.6344154420058002
2.9980349755817595        0.638036488632465
2.999343989629966         0.6390336186624666
2.999374609398564         0.639056952122129
3.000617828644333         0.6400046857756906
3.012338176389399         0.6489731411533324
3.0235476699453514        0.657607824034933
3.061285864280146         0.6870881985479427
3.07328881665632          0.6965973963317036
3.083048409258597         0.7043765312696587
3.106066433761566         0.7228528232499082
3.1238512297994925        0.7370629901551865
3.1480879888781392        0.7549316988798699
3.154571750737456         0.7594820438004335
3.1629351458591803        0.7652082370452818
3.1790194387762           0.7757669586461486
3.1881428510270373        0.781490741151078
3.2091192285034493        0.7939221620849238
3.2196088580413367        0.7997578429078909
3.2232298919963345        0.801713365868371
3.2325408074910738        0.8066027373088757
3.2555868536928774        0.8193354667881337
3.2938857790037837        0.836759553596508
3.2960822524535374        0.8375645762407754
3.302288006926884         0.8397537117276292
3.3228786782926685        0.8461144584475383
3.325380393008318         0.8467927475737538
3.3478429126990483        0.851994275082336
3.3520132692836597        0.8526304284117585
3.376004673176046         0.8542854105208847
3.3802895565821705        0.854212844587871
3.38190183149907          0.8541587784331327
3.4113139695559376        0.8506040696474148
3.4294913226913577        0.8465505133179144
3.4403173912975387        0.8435432436081021
3.4451135110297453        0.8420694597067506
3.4536408894140025        0.8392345208368229
3.4634052646838946        0.8357218448521595
3.498908745976876         0.820004272850627
3.5110279967399376        0.8135812900567629
3.519126223632907         0.8072727529314523
3.5221179999118495        0.8048545007855566
3.5278450043369           0.8003459085601679
3.534695431829595         0.7947623570497517
3.5540414853677413        0.777873268704711
3.5626860563249365        0.7697914603862303
3.5703392563484426        0.7623606464290308
3.578270906977714         0.7543861040011501
3.6073497030268613        0.7227700212633504
3.6110574314857935        0.7185668040295683
3.6209060765012424        0.7070607807501045
3.6338167638910237        0.6912264100437677
3.6442516701564505        0.6778058422387218
3.6502158321819214        0.6698852192694305
3.665241321295486         0.6491247604140672
3.677299135258919         0.6297904697556629
3.686214145866446         0.6148920294972146
3.7046615083822707        0.5885150427452936
3.7104430060677083        0.5786833245819403
3.723873724057907         0.5552633316186731
3.7393031635417935        0.5285690936368714
3.804838613726744         0.40819701577627143
3.807376080191426         0.40330877306871027
3.8078950107823024        0.40230700194706026
3.8090893864542834        0.399998620006625
3.8098554709853873        0.39851602211761844
3.8101675890136835        0.39791153900138243
3.81081670688962          0.39664857166815765
3.8141984035165395        0.39005244258836397
3.8156998731834713        0.387114907757315
3.829278890384965         0.3603009058932649
3.8760832214052           0.2644626027320017
3.882771127655089         0.25025734390522775
3.9016931234051393        0.21003108818499017
3.9201325580244326        0.17078020595569768
3.946059047651886         0.11550777210420879
3.9779754734992188        0.04733011617080363
4.003477524645593         -0.007252939705921786
4.017933392002113         -0.03859187212144888
4.028398459655413         -0.06134098840323482
4.043718067331184         -0.09473666020211326
4.073168087979518         -0.15745785782168104
4.081947780984419         -0.17648603033084265
4.082573097342092         -0.17783626592469176
4.110961941508961         -0.23805938419344672
4.11124352566358          -0.23864640846485852
4.115538148895033         -0.24757437815683153
4.123193369092644         -0.2633716735771241
4.139792738352842         -0.29740957367721343
4.1509420592401085        -0.3199906828254302
4.166167860918367         -0.3504630602330964
4.17326804799047          -0.3645290550738648
4.190028006890362         -0.3973683339176014
4.211305136766185         -0.4383229722381868
4.220665892683275         -0.4560800922376071
4.234064632813563         -0.4812200204924033
4.2346398963139755        -0.4822841081045221
4.2414695877592274        -0.4948464664310285
4.242157926765115         -0.4961053356752444
4.244100282892267         -0.4996114585044664
4.24808871131534          -0.5067576520135726
4.299304078982272         -0.5921549321479764
4.304219903420096         -0.5997302676712828
4.304421035259955         -0.6000378962105644
4.305049442912193         -0.6009978636410135
4.321981371128087         -0.6261416067309857
4.342622931732759         -0.6556349133316857
4.353491636083549         -0.6706525809099478
4.361844990114514         -0.681954709532763
4.375414416282359         -0.6998695853685486
4.397877673186651         -0.7281957686162421
4.401120616381003         -0.7320312646933056
4.410538529945586         -0.7428069222938088
4.420487720009228         -0.7536036818135597
4.421452335564637         -0.7546184142479959
4.42767149417209          -0.7610246414157588
4.4586924563464425        -0.7894608289521081
4.466761395981589         -0.7958969437360328
4.467490254846915         -0.7964587844702246
4.499943811607278         -0.8181962868871606
4.500772829911848         -0.8187528958750312
4.5080321914904165        -0.8225424581670402
4.513116415277857         -0.8250982394969816
4.54133520108452          -0.8377139267113662
4.54804260816212          -0.8402702878993517
4.555793843500062         -0.8429280304434663
4.558034141388518         -0.8436369744913568
4.582011891130373         -0.8495618814846605
4.59836307512505          -0.8518579843854717
4.6127633801810175        -0.8527087840151031
4.623830836876267         -0.8526171021682286
4.654667168977658         -0.8489437060275569
4.658779101366083         -0.8480737491108188
4.669732916861974         -0.8453197409089046
4.682879710910053         -0.8416568274186002
4.6867473102488475        -0.8405009896582791
4.7056636864424215        -0.8343352317698808
4.70878326188136          -0.8332366569994032
4.719038193561078         -0.8294622130771993
4.737555460410707         -0.8220130918401866
4.760955584404167         -0.8106705909405101
4.774402393955299         -0.803248865970186
4.778361819159331         -0.8009378180608636
4.782564259331853         -0.7984152053301563
4.786494917936074         -0.7960165193528443
4.796143288078794         -0.7899678776750824
4.818478338122822         -0.7750895407810956
4.852578995715868         -0.7510157387607056
4.858136561733416         -0.7470974420952868
4.862209970782917         -0.7442264476361831
4.864568908203792         -0.7425362365027116
4.871051302100694         -0.7378640035778643
4.893363666353157         -0.7218409368972932
4.921483363184956         -0.7009713640049369
4.923155538143497         -0.6997065761923644
4.951988836279505         -0.6774785020380515
4.9692787509437215        -0.6637421796279526
4.979461465950605         -0.6555126533268721
4.982236213223121         -0.6532521920332787
4.982573568398674         -0.6529768398552612
4.982880671755148         -0.6527230255227939
4.984508269065693         -0.6513787864036296
4.985125340411956         -0.6508695560493444
4.996912042579782         -0.641535183774697
5.035816373160811         -0.6112797868648545
5.073932256251362         -0.5824630447732053
5.08343081898845          -0.5753513535766385
5.084068083155361         -0.5748776621425767
5.092218563240946         -0.5688573464682016
5.135688484657583         -0.5379421947566376
5.1362069058386455        -0.5375856327994596
5.1440043998601785        -0.5322571335566388
5.145520238646322         -0.5312287793652811
5.159811332483962         -0.521653786650002
5.164799845721562         -0.5183014996593438
5.183163521485855         -0.5059836733629267
5.190015566300356         -0.5013966186431135
5.2037273073059955        -0.49234560964844476
5.209592713972195         -0.4885189766437974
5.227377593284585         -0.47708110338101617
5.231613232371408         -0.4743936768998914
5.249018720214879         -0.4634473384532601
5.251375902950821         -0.4619912665783876
5.25230796306065          -0.4614172522456259
5.293148685637707         -0.4372307855044962
5.310019067546518         -0.42779090826801197
5.315939188922048         -0.42455464352841715
5.331843882154175         -0.41605670980730103
5.358710850559559         -0.4018360506740628
5.35872322533213          -0.40182959250509004
5.3587364987956105        -0.4018228676043945
5.36981849444408          -0.39624402705593376
5.387060516181126         -0.3877062071437524
5.4076053889000555        -0.3775881977878978
5.421467161523387         -0.3708997823033832
5.445664347316552         -0.35949144898856267
5.4480588854338645        -0.3583809487685907
5.460945835824756         -0.35246154322612455
5.477047493600363         -0.34520084404624235
5.500423516381009         -0.3350896830115568
5.5123067806719925        -0.33012262337688386
5.525052972888632         -0.3249244727146845
5.541094865057696         -0.3184085051140857
5.559244880743976         -0.3112522297663941
5.5604698700513335        -0.31077749521112125
5.564622105489677         -0.30919770874934216
5.583187245233736         -0.30223179257499855
5.592230887290019         -0.2988962039174542
5.595657010038464         -0.29764241505749256
5.607776376554925         -0.2932447407762869
5.6336865692811315        -0.28410651823735683
5.6626989338165705        -0.2743005291398204
5.663893087238627         -0.27390656419243603
5.664776927396598         -0.2736150719318368
5.665578900918549         -0.2733509023949253
5.680319706460095         -0.26855001849556737
5.691283124715833         -0.2650466934113282
5.7250791753961385        -0.25460860611449865
5.749726761541219         -0.2473415210861957
5.75054787726116          -0.2471023039761328
5.768924694987804         -0.24181627669645417
5.77358471232824          -0.24049644661901418
5.77533467308379          -0.24000296852249497
5.801045174921111         -0.23288829619505208
5.805530766289523         -0.23167303333291972
5.818902180455226         -0.22809620656717128
5.837670058735451         -0.22319162566368836
5.8506661766851416        -0.219870907648283
5.855358913180924         -0.21868779478490882
5.862848392943054         -0.21681711789129196
5.8675631064351785        -0.21565056625911447
5.872241112907083         -0.21451034229171084
5.8766433865455205        -0.21344210530116217
5.902021239601591         -0.20737438512157233
5.90431429757213          -0.206833712706228
5.907708239881993         -0.20603577423988564
5.911933781753692         -0.2050651200618929
5.916712785302418         -0.20397270357901567
5.938637794172823         -0.1990340556778089
5.945599989807747         -0.19747736869797983
5.955421917111052         -0.195304745994575
5.9615513261561865        -0.1939628361477756
5.970554532266296         -0.19201116810918756
5.990723357789863         -0.18772286098083588
6.015746505346433         -0.18256346206321958
6.026271122509967         -0.18044672048089713
6.036670823725149         -0.1783711027986982
6.043939026909765         -0.17693706274223173
6.046170042543696         -0.17650099356206606
6.048532343094665         -0.17604081874025096
6.058880790397835         -0.17404379725204694
6.063442640626316         -0.1731732086417004
6.068262662554532         -0.1722598307636844
6.077135197901115         -0.17059592544341137
6.079113117826737         -0.17022807305921736
6.082681713918746         -0.1695672241930437
6.086543814978797         -0.1688561354102536
6.10928075864432          -0.1647173721980006
6.110260400732505         -0.16454120916356957
6.1371666970082135        -0.15977254933561705
6.13722940569271          -0.15976160573835943
6.1583334599819555        -0.15612321630855092
6.172657729195889         -0.153716572475592
6.1824010464896055        -0.1521012620823996
6.191088519577823         -0.1506757998158216
6.203771649571468         -0.14861977942895488
6.210117708518486         -0.14760220548610778
6.214219027471749         -0.1469485311879921
6.2363187985658275        -0.14347977114569016
6.24471238687438          -0.14218598455438428
6.261901957055018         -0.1395770442743638
6.263382606180979         -0.1393548751293972
6.272755271691382         -0.1379579257650832
6.303441180720644         -0.13349419648145538
6.306412504135945         -0.13306666640447004
6.331779108316786         -0.12947745721849996
6.349796033673599         -0.12699752770952705
6.360096214211008         -0.12560025770038477
6.367332741125857         -0.12462750353357417
6.390686996197876         -0.12153835406132546
6.4036407016293655        -0.11985796625104586
6.406165595420517         -0.1195331764162339
6.419485775050163         -0.11783456326592187
6.426398127786099         -0.11696291369510295
6.432914511028202         -0.11614734412113227
6.457485369585127         -0.1131258010820634
6.466522051668481         -0.11202875283693067
6.4898235052765845        -0.10924280324790517
6.50913694510325          -0.10698045098530647
6.519927570810897         -0.10573900006297932
6.51993725867057          -0.10573789174000525
6.521702951041543         -0.10553607815575108
6.530903237918166         -0.10449054377938576
6.530945204900902         -0.10448579777880314
6.557874561713951         -0.10148381168664813
6.569448767210201         -0.10022020631489065
6.575844378609637         -0.09952810718121743
6.590705887557136         -0.0979337169848574
6.6381035808171225        -0.09297805262637406
6.639244953204588         -0.09286107050387557
6.640344079695852         -0.09274853733502388
6.656608168410719         -0.09109700569748184
6.673827650346113         -0.08937633595603345
6.704590616289112         -0.08636629856896452
6.708871192632825         -0.08595336813300178
6.726118633440105         -0.08430419739526916
6.727950063373733         -0.0841304552425288
6.728238656668763         -0.08410310137419057
6.728730221437634         -0.08405652427176179
6.72929466824873          -0.08400306487066711
6.729628944499662         -0.08397141701672187
6.731801687785718         -0.0837659254350982
6.735676957423923         -0.08340043841978895
6.809444402631342         -0.07668931804999883
6.8178823032687905        -0.07594787353757941
6.829090341085448         -0.07496991657812999
6.870633706052712         -0.07141373940218869
6.873639475549066         -0.07116063781504636
6.875899933309782         -0.07097087032824173
6.882241248960948         -0.07044035355157982
6.8840515969282094        -0.07028939764730116
6.888713567375564         -0.06990197553939169
6.897690914361801         -0.06915925258028921
6.91027421433711          -0.06812653869495253
6.968513385384082         -0.06346257259413318
6.97314815280961          -0.06309958324164229
7.006168510589924         -0.060548357319690854
7.009147223089292         -0.06032122420920398
7.052839093910962         -0.05704684306845369
7.055752206130631         -0.05683233641713703
7.074427592837539         -0.05546118407316786
7.097393506203155         -0.05379766671800499
7.097690218113655         -0.05377633808301786
7.10001858536914          -0.05360911207276329
7.113656101211209         -0.0526357155944614
7.124597454313682         -0.051862017174307815
7.1286832299792975        -0.05157417802960134
7.132449155710809         -0.051309391784291794
7.136714702503864         -0.05101007885162058
7.167706050849053         -0.04885514287284314
7.190406279531504         -0.04729895192400447
7.205105878172531         -0.046301265271182244
7.21748578489869          -0.04546911606638704
7.228920215843701         -0.04470614502112826
7.241499530123407         -0.04387302126726344
7.249095736234613         -0.04337309318536669
7.264958705814642         -0.042336793476548826
7.27146685630408          -0.04191215405218314
7.295310292245915         -0.04036758556262705
7.310140501172768         -0.03941572861036463
7.313324839666113         -0.03921223012379641
7.315654049098782         -0.039063577453435215
7.344738957816404         -0.037225656639171045
7.3494326065782785        -0.0369311609020149
7.360091691884572         -0.03626449215153361
7.37115586923044          -0.03557570773906943
7.378575830194389         -0.035115626588456746
7.390429196848375         -0.03438370952050283
7.398333952075201         -0.03389770261857842
7.409339367423316         -0.033223847007066515
7.42785218511186          -0.03209763983346464
7.453188950615269         -0.03057119262887128
7.471134921517888         -0.02950042211289563
7.471305115262857         -0.029490308589447057
7.471369472472831         -0.029486479058828972
7.479999012684841         -0.02897377982329465
7.4802104462191625        -0.02896123793019726
7.481015259578902         -0.028913506383976984
7.487042873438584         -0.028556195150517744
7.508437575551194         -0.027293565511358565
7.531836118129495         -0.02592273139847947
7.556956118401244         -0.024462734993257088
7.558110916818855         -0.024395908163546785
7.570597525713952         -0.0236764470589006
7.599527097810933         -0.022018772545600758
7.599757818686056         -0.022005603860734056
7.5997616341222205        -0.022005386096780686
7.635477629262063         -0.019976718812034416
7.650994631183014         -0.01910146278239175
7.676397640923255         -0.017676562135151674
7.7015614707489           -0.01627321461537139
7.7024723448740495        -0.01622252404533496
7.708379330513218         -0.01589397975051768
7.715905761418791         -0.015475819970337354
7.716407279596986         -0.015447974417515943
7.72215595142615          -0.01512898038167735
7.728046742018802         -0.01480241817822939
7.74207899662398          -0.014025821938842237
7.753561674488638         -0.013391687435970183
7.763552259231617         -0.012840949241184044
7.768573749255246         -0.012564485606678798
7.7945417873614105        -0.011139653012487495
7.808551133125929         -0.010374119971243273
7.823219906477228         -0.009574912607106988
7.8380922557223895        -0.008765584385298448
7.849934407837913         -0.008121732462808598
7.870420250363882         -0.007009137529836348
7.883339510122011         -0.006308275560294878
7.89027903332954          -0.0059320624718917905
7.896770960391776         -0.0055802742902013765
7.9248554978861305        -0.004060188030517538
7.931099394395985         -0.0037220704677603184
7.942587669712607         -0.00310030539961579
7.974945670778895         -0.0013514343427819138
7.981146865622451         -0.0010166792285366366
7.984690697082044         -8.254332524208595E-4
7.985809517198579         -7.650776704043929E-4
7.9868132216741365        -7.109363868236348E-4
7.99137159810925          -4.6510208367309624E-4
7.996646281210337         -1.8074187533451404E-4
8                         -7.360445918871418E-17
