0                         0
0.02126607030642928       0.0011677767438159727
0.02566015105885474       0.001409268216511351
0.036894760541444         0.002027016557090004
0.03909644627154466       0.0021481315328457937
0.047513990660635275      0.0026109747343513678
0.05523691056686777       0.0030358655308793327
0.0780481244793166        0.004292218523045596
0.10722035473011497       0.005900941232901011
0.11332570733492686       0.006237913944726368
0.1279475363354859        0.007045342953855886
0.1366213416579038        0.00752458835005754
0.1634821331011567        0.00900998177210665
0.1651092595366782        0.00910002352150436
0.16875329395475325       0.009301702469615572
0.17708931661857905       0.009764793065121189
0.18685305323537432       0.010307775995305104
0.1908740861645359        0.010531575992227411
0.1943051872929482        0.01072248472413154
0.2314139851666899        0.012795574365322642
0.23154916346608684       0.01280313984430605
0.23989876344282102       0.013270883713612817
0.2471688239552785        0.013678864488907275
0.2604510381037661        0.014425528179538313
0.29389711599391843       0.016315365749707985
0.3089573336164163        0.017170841916454092
0.3155462539101623        0.017545998326825848
0.3367619306448588        0.018757609781695116
0.3496474982103472        0.019496118450344112
0.3680840308366829        0.02055575097284931
0.37281626522043604       0.02082830050565522
0.41401227888121533       0.023223674519763406
0.4200295578804374        0.023575972839076628
0.42177916723124786       0.023678577775757114
0.42282196009239614       0.0237397586067256
0.42403001560385495       0.023810660434378135
0.4260926980315309        0.023931783109370705
0.4305888300295419        0.024196071487297688
0.43856867813221534       0.024665386208658945
0.4743670030511293        0.02678712852386136
0.48203546292600313       0.027245111180063564
0.48995491085224624       0.027719371760470953
0.4978537055344101        0.028193699325701427
0.5276159894905608        0.02999263961650698
0.5355934872190564        0.030478347579466592
0.5482542119383684        0.03125234220025404
0.5550373231350633        0.03166860738721454
0.5748799815342318        0.03289267760407047
0.5809938482668539        0.03327174768491677
0.5862177828930035        0.03359635438049801
0.5996568726113203        0.034434460502893297
0.6339503954177926        0.036597366794524695
0.6380860864741107        0.03686064414717745
0.6390266093217652        0.03692058443334017
0.6391242602595077        0.03692680936210512
0.6485115058449653        0.03752658140601167
0.6534781702583651        0.0378450062132924
0.6717153265343776        0.03902072530244489
0.6752069236132194        0.039246986505552965
0.67594296032727          0.039294730619695926
0.6817095884818609        0.03966936671196778
0.688892335176627         0.04013795385218683
0.6963394188822094        0.040623936431748775
0.7032819571689581        0.04107886752476092
0.7127322708372057        0.04170103462829405
0.7426304602100245        0.04369147084196234
0.7498625902397521        0.04417797905716118
0.7603165103029318        0.04488468696546692
0.773503701179644         0.045782018768779985
0.7963685852434218        0.04735334095224039
0.8028834132787451        0.047804644273302103
0.8173510634369043        0.04881256053934059
0.8417877769093078        0.05053008041202118
0.85009815445784          0.05112170344190985
0.8752831078260763        0.052937945550622444
0.8890696012592927        0.053939527602757754
0.8932612884904009        0.05424593320521945
0.9063540153829874        0.055208640767222664
0.9237879291176814        0.056503843521087005
0.9357823962903038        0.05740375129815061
0.9421717933024261        0.057886060781548544
0.9594337018817005        0.05919928535561051
0.9722927504092871        0.060187226780577446
0.9819940218089163        0.06093802551176718
0.9910822981144501        0.061645647106897794
1.012566964596513         0.06334282920966264
1.035679383664955         0.06519302520194949
1.0379617772765426        0.06537781586553047
1.0391025173429378        0.0654702055887271
1.0543179832147298        0.0667100542432808
1.056723114807601         0.06690732166311845
1.0583429316741788        0.06704037537605531
1.0816011109446415        0.06896834282868367
1.0957007750282368        0.0701530649743552
1.1036389344374338        0.07082536238004937
1.1099783028911783        0.07136499463032835
1.1168505860869746        0.0719527386973893
1.1320821892069062        0.0732655938757935
1.1529598856601384        0.07508791893634452
1.1822305178895995        0.07770588602661982
1.1857068037539082        0.07802119476767942
1.1946799468300031        0.07883939116331191
1.197569235462267         0.07910382439358478
1.1988204471463073        0.07921854406408445
1.2284319575845064        0.08196993703196226
1.2290605238624108        0.08202909831986863
1.2424825853171535        0.08329990895725708
1.24765456131933          0.08379342646931827
1.255950827451898         0.08458613862390868
1.2565533392862762        0.08464397554569264
1.2728929471292894        0.08622623012206881
1.3202696801483473        0.09097235801092765
1.3228919598745896        0.09124099266194258
1.362159241253351         0.09533494444421457
1.3704085873594083        0.09621370815228121
1.3728897825117514        0.09647936304599967
1.3810503722935032        0.09735716212312467
1.3840370786281158        0.09767998817476027
1.3885621614147103        0.09817068545582211
1.3943386548308205        0.09879987153624521
1.4132883119673376        0.10088584359012602
1.4438547369108514        0.10432146077746916
1.4552177100601817        0.10562767199057226
1.4725911206392832        0.10765746239817338
1.4808881172831116        0.10864075979842522
1.4927495041356802        0.1100621235485422
1.514198305228514         0.11267909666851356
1.522557904015429         0.11371535435914124
1.5268023567689077        0.11424451054724663
1.5303176899643351        0.11468647001847193
1.5422879095284134        0.11620079986464994
1.5514642705771258        0.1173735737324351
1.5578113432841612        0.11819079082725373
1.5704313876295608        0.11983035059972992
1.580235340464166         0.121117522188085
1.5929146774938616        0.12279967313345547
1.5993534359703057        0.12365955172087303
1.6143564357091251        0.12569042880910775
1.6512218965637575        0.13084279231476645
1.6534763117653772        0.13116534770363028
1.6556429619808286        0.13147615786245354
1.6714572453088878        0.1337688502145897
1.6888388718704355        0.136337678014665
1.718363764326468         0.14082024965051812
1.7282792065351347        0.14235833080707289
1.7342576455858782        0.14329364645692685
1.7598835341484989        0.14739359162485682
1.7650657938435705        0.1482381675642622
1.7785116513541284        0.15044821098725167
1.7795455885002522        0.1506183433839642
1.7797694827781707        0.15065521849512697
1.8211292104315144        0.15767312092771407
1.8344703907371278        0.1600242588592513
1.8425921883369116        0.16147645610497147
1.847166026804887         0.16230122489384194
1.8707353736876127        0.16663077426016593
1.8904291301201266        0.1703504538778709
1.8988342640380247        0.1719662714614885
1.9145625708316028        0.17503537403943162
1.9213494811099396        0.17638024618839693
1.9404771817618118        0.18021509382211215
1.9563107149392251        0.18350177314009752
1.9688303683754742        0.18615255464013966
2.011221369533424         0.19538481565624619
2.0117963042460434        0.19551404351865942
2.012071248919956         0.19557588069946552
2.013580557205842         0.1959157733659395
2.0471708030037323        0.2036685094521224
2.0561064815622654        0.2057934312158179
2.0640514860065924        0.2077048412175027
2.0844937594624007        0.2127183491096767
2.0944604449673476        0.2152125775497475
2.115957799597151         0.2207037498288653
2.132127714557309         0.2249343481239094
2.15681329327872          0.23155891478498938
2.1613036331537625        0.23281415138357897
2.171568518204406         0.2357161982058438
2.1914968098135175        0.24147969218763637
2.2046941699453013        0.2453975688030212
2.225091727860928         0.2514546148276781
2.232185083938697         0.2536422398532103
2.247799297208726         0.2585578031144326
2.254232415653253         0.26062306336038377
2.2620605109302954        0.26317515860148233
2.275635829550722         0.26767824503928167
2.2946779039966088        0.2741599464108683
2.3009339510862663        0.27632470577566265
2.316226918359976         0.2816991847264705
2.321442931306574         0.28355911913452597
2.3242869656190317        0.2845790023277229
2.3444088317040475        0.29191076525999043
2.3529753634102573        0.29509381103681653
2.3762154626720022        0.30391458719950354
2.395941879251022         0.3116144541957934
2.405716939000536         0.31550235230188606
2.4089242538741167        0.31678846817698664
2.412325457901297         0.3181728918293485
2.413533057086628         0.3186668279536842
2.440724696108583         0.33012125817114873
2.4455875380631564        0.3322368216478173
2.4494822380349306        0.3339458805825065
2.4494976749942428        0.3339527465971671
2.456756603440669         0.3372024961913776
2.470344520591907         0.34339907726563823
2.4996778956299295        0.3572802132268076
2.5188629501238786        0.36673162402728343
2.537190687241834         0.3759624902150254
2.5390428197006494        0.37690619387321567
2.547866479394234         0.38142943762823667
2.5602330963841817        0.38784508681664914
2.5732733130503425        0.3947708067640315
2.5786024534219107        0.397660989429738
2.5886148584147155        0.4031849873147472
2.614656601245584         0.4181266652579606
2.6202186617359784        0.42142541876923345
2.6413311386836766        0.4339075354997925
2.650907863674494         0.43979639113598434
2.654624909244932         0.44212020132809227
2.6726151577571486        0.4536533774398953
2.6765290828925474        0.4562188225937682
2.6923597111133573        0.4668005589811587
2.7004130851583077        0.47231004548802524
2.7065360430605594        0.47655590413432325
2.7106452478125505        0.47938995313082294
2.713729465103892         0.4815216624848363
2.717629059518419         0.4842225518705775
2.7180276960478507        0.4844990040994529
2.720640142365078         0.48631234394846784
2.738414058733502         0.49872424721925135
2.746346511389951         0.5043057138471081
2.765900930015605         0.519040178350083
2.776741991676921         0.5274066466335781
2.778669467700116         0.5289089139151264
2.7939676092627272        0.5409902579021237
2.810426492010485         0.554301722602042
2.8222685214375907        0.5640801936198068
2.828515316883278         0.5692505536090218
2.8457577419832076        0.5837660434182966
2.876634477595219         0.6106555429454973
2.8801111001810025        0.6137552408540643
2.8828714345121322        0.616226690572288
2.904130662638038         0.6352380639271235
2.908659814408489         0.6394850475125484
2.90917039391791          0.6399641369589306
2.9133104599223283        0.6438512527588491
2.916426650252401         0.6466145142891606
2.9644780859627993        0.6910346373240065
2.98117622655414          0.7072671822475672
2.9902622342225174        0.7162723883026773
3.0114956432927005        0.7377911187788777
3.025887022269151         0.7527534779892755
3.0499177308236964        0.7784176296333651
3.056640080913504         0.7857491784979421
3.063108320407015         0.792682048511669
3.0954701364172204        0.8276228338867676
3.1025288799667896        0.8353004201921405
3.125629243369273         0.8594046930003314
3.1473115832149823        0.8812744990035062
3.1703622122172272        0.9037228640200344
3.176664380289521         0.9100550195761918
3.187456648696445         0.920601330370052
3.209643284625841         0.9411031764562542
3.2204366405491056        0.9505032625413552
3.234093260867834         0.9618589047239776
3.24124599243615          0.9675666177825313
3.2515391812209558        0.9754909507185949
3.25198453840951          0.9758261070150114
3.252032051620035         0.9758618256354352
3.252368573860354         0.9761146019568049
3.2732997658896843        0.9915733586995233
3.2974770747151494        1.0080138071164872
3.320815897010663         1.021968751688724
3.3225660727086934        1.0228122469676917
3.324226085366814         1.0235957676408967
3.340962363463668         1.0305967212894793
3.3549370831496805        1.0351899986598745
3.3588214201099675        1.0362642736384469
3.3640053633858376        1.0375607855205384
3.3841689443337373        1.041112169597828
3.401797938323729         1.0422728068258245
3.409985353076143         1.042194990617013
3.419177343003424         1.041641416988344
3.4257850985561533        1.040744224009959
3.433446937492783         1.039040672979092
3.435800333652133         1.0383727345541638
3.501324415700783         1.007229193351684
3.5013558813339394        1.007207368448901
3.5061353909288675        1.0038156745560238
3.5123814625894663        0.9991539230748226
3.512440807567015         0.9991083848545461
3.5164761926167905        0.9959568149832271
3.516492838033125         0.9959435905717519
3.5231733774735847        0.9904870563609396
3.5801850171305625        0.931828534920751
3.5802143660900696        0.9317927631351324
3.5895229569485143        0.9201115273749514
3.590013507544752         0.9194799396485006
3.6440780240230617        0.8400529447504894
3.6493525794042947        0.8316094036042795
3.652392261904494         0.8266644839305717
3.661321499692459         0.8118013896334252
3.6658757752750355        0.8033011579982215
3.6780597820130856        0.7810941763021355
3.6816677808323557        0.7744570638173177
3.6891416839903757        0.7605221064988189
3.702447484286394         0.7354833048023934
3.7124037502697513        0.7160750582871196
3.715212769874787         0.7104951632347103
3.7355349824645443        0.6687615725403454
3.7409937087411986        0.6569362319905833
3.7499462204370975        0.63722585282812
3.7560258018607873        0.6236165752462597
3.7588375500648725        0.6172611070535311
3.760874484774384         0.6126327502332521
3.7678927280439747        0.5965299351705948
3.800871423158044         0.5176281953647044
3.8029113890351867        0.5125723802289364
3.835273212081325         0.4321859979124652
3.85909696807729          0.372107757366712
3.8768124230795187        0.32693834041929426
3.878539408002707         0.3225124317507256
3.899840030492553         0.2675933849306092
3.9177338815712845        0.22086675319654636
3.9398081427941465        0.16245089664029405
3.942755975565486         0.15458533711970812
3.9621344540873573        0.10249970066972096
3.9624029144383903        0.1017735105597802
3.9630782785776013        0.09991999953190785
3.968081624790114         0.08619808000237023
4.008335821205541         -0.023587210450245415
4.012914182469087         -0.0360046223197979
4.026134793992135         -0.07178222775525814
4.0366167872369           -0.10006488037167852
4.043029415497356         -0.11733101758287609
4.069524657646202         -0.18645929321638452
4.073566790187282         -0.19686350306786324
4.079932777035849         -0.21317292796352114
4.094591545413613         -0.25150818344366904
4.113507042031508         -0.30056060232747095
4.144590911492299         -0.37936338242610435
4.146694136105318         -0.3847805145984161
4.148825795815143         -0.39025791358633444
4.183899781441765         -0.47850704985648496
4.187783149477207         -0.48806054971657353
4.189146089535623         -0.49140325320080047
4.1934314239500035        -0.5018785480328288
4.20301927231475          -0.525124454393044
4.228928534062879         -0.5866203756592077
4.231598042965927         -0.5928468605555571
4.236539414965742         -0.6040324678616271
4.246428957857448         -0.6260841451710766
4.253353820760006         -0.6412592981204714
4.277918326964815         -0.6914967443148927
4.285054952274952         -0.7057119546077376
4.317949751686937         -0.7690218349083271
4.324105015375836         -0.7809906327786968
4.324517726416609         -0.7817824199686957
4.3474990749587645        -0.8237456487241679
4.369933173670925         -0.8600462667802058
4.37062584617437          -0.8611305461202632
4.403473260698152         -0.9100358694702952
4.409142556274189         -0.9178899219997494
4.425607298783893         -0.9392181987346917
4.459253310632947         -0.9759491696830251
4.4602479077752415        -0.9768949055409191
4.464503998949679         -0.9808510658878263
4.47038607406723          -0.9860762132361669
4.482400627862044         -0.9958748810495567
4.4901186154280905        -1.001550326193218
4.496159684858005         -1.0064283509675365
4.504273772125254         -1.0126173821603481
4.510391244073427         -1.0170084075469086
4.511644118765924         -1.0176879997481656
4.516907272081539         -1.0204862123311866
4.519878862834123         -1.0220256621995218
4.520495791174375         -1.0223416078844267
4.524905691047285         -1.0241114098850583
4.527451009906485         -1.0250821027824617
4.5625148150510775        -1.0346695812445266
4.579693004839655         -1.037801751789162
4.586715750140445         -1.0385398798268777
4.605650549156713         -1.0389615754828339
4.608288838739521         -1.0388387050102355
4.638105756112937         -1.034361950117991
4.669008658727125         -1.0237342111251009
4.676163381215961         -1.0204047249352743
4.689419806204057         -1.0133723231462095
4.696325148797666         -1.0085520726194446
4.702612657469252         -1.0055649937672084
4.733895008383222         -0.9843392696728591
4.739179710739219         -0.9803502408819434
4.763193587508124         -0.9607955908827119
4.767076030532051         -0.9575587675264574
4.805381569233446         -0.9244992017505211
4.811395481656745         -0.919123527819308
4.8290469983978745        -0.9030547857891583
4.830035517665765         -0.9021420898475909
4.830855875869291         -0.9013836242958073
4.872915176658054         -0.85990774218479
4.883409731170925         -0.8489858201041978
4.88429369998671          -0.8480554048628223
4.887081711851703         -0.8451102673538393
4.903083380960501         -0.8281422261276574
4.915278864244528         -0.8150340961008312
4.9180257427799425        -0.8120951975468649
4.94159020066118          -0.7870880344777906
4.9617383031617575        -0.7659969709580824
4.9706055206422946        -0.7571237538750085
4.981860137082368         -0.7458906870542796
5.002465407214285         -0.7254094139388279
5.007242428711075         -0.7206767543911751
5.013755675755501         -0.7142334629974956
5.050126153899118         -0.6784544849813429
5.073071078213422         -0.6560579898299423
5.081911085548247         -0.647465461382342
5.094900187709023         -0.6354937097954346
5.095539946609376         -0.6349068937334623
5.1041299432187195        -0.6270535331800896
5.12442142796582          -0.6086926806528543
5.125798788164378         -0.6074560726747777
5.127584394167705         -0.6058547736618425
5.129323306933689         -0.6042880527389747
5.133807489126427         -0.6001697410358603
5.141519608560911         -0.5932082988440865
5.167640306328581         -0.570771065904774
5.175863367927999         -0.5640722021126742
5.18845765491301          -0.5538410861504072
5.191039756155329         -0.5517659450767297
5.220175721728016         -0.5288800716097471
5.2300306198540625        -0.5213594171977315
5.235229608589894         -0.5174367230962374
5.2549518096466885        -0.5029699405089308
5.257050129361565         -0.5014623150942134
5.258725073367369         -0.5002632366112507
5.271628368925384         -0.49096604334253846
5.289168901785725         -0.4785556212180122
5.302034918936209         -0.4696196088960054
5.318028920349087         -0.4587460601507731
5.353029558368868         -0.436943754015904
5.355015177530398         -0.43573326406651985
5.359565322490202         -0.43297004653348264
5.362282001780576         -0.4313285760417331
5.364809188436203         -0.42980733927469555
5.36901711720443          -0.42728665434860225
5.388430242659166         -0.41565816962100527
5.398418861746938         -0.4098500047199377
5.406100408365038         -0.4054758716515781
5.408026348571975         -0.404389565685347
5.425372563100474         -0.3947933277873089
5.443043895166695         -0.38536468889172315
5.456799277563221         -0.37826815582497547
5.478059095059629         -0.3675349030842437
5.488424499934914         -0.3624260080591031
5.492829083165105         -0.36027972653703966
5.494175567476476         -0.35962654049969045
5.496548162376457         -0.3584789262808689
5.51699374753832          -0.3487662326209809
5.529540811697638         -0.3429625719921102
5.53155185738973          -0.3420434521400835
5.541687135634785         -0.3374579074294502
5.551416995840337         -0.33312901573033793
5.551450117190553         -0.3331145570160062
5.576928830740515         -0.32216605467170006
5.581214729294336         -0.32036969813646377
5.5815224356038655        -0.3202412017002571
5.609320275813432         -0.3088871080238074
5.612097609053306         -0.30778032124897237
5.616435534672862         -0.3060616672451346
5.6366796122502905        -0.29822428333679474
5.6503636356714           -0.29306845212645943
5.65092886248486          -0.29285794842350027
5.655437815215599         -0.2911856998245639
5.674759171836364         -0.2841606218607812
5.677500545097576         -0.28318236326373153
5.691358784038159         -0.27830734461275947
5.700349638681617         -0.2752073351813644
5.7180096435505865        -0.2691977382052813
5.719564323013124         -0.26867666980458615
5.737054894861521         -0.2629034922218961
5.744924886580292         -0.26039759662542067
5.754099279923292         -0.2575057335445379
5.7729684166986575        -0.25165737121569476
5.7762091384209775        -0.2506644111199965
5.788194062530168         -0.24703411549997978
5.801905266947604         -0.2429658679687412
5.802512462624021         -0.24278777423865486
5.804835374496229         -0.2421080701014599
5.807585745188356         -0.2413066054091654
5.83637246372909          -0.23312366420629854
5.848391299212175         -0.22982232352470872
5.854691608071802         -0.22811884872029856
5.869392476040914         -0.2241710139984485
5.884302636167863         -0.22024945988478947
5.8924245837828           -0.21814823731298963
5.8926725759544425        -0.21808446724837738
5.897721399822534         -0.2167911812811607
5.897778706810235         -0.21677655642735252
5.9011714636189625        -0.21591290519077355
5.904842189772664         -0.2149833388661867
5.930379848686825         -0.20869439618654884
5.937301250269314         -0.2070230141159637
5.949135861289309         -0.2041978850528059
5.971460149480775         -0.19898101341915936
5.989176529318007         -0.19494543626660457
6.004764038807226         -0.1914724414737479
6.008147292097025         -0.1907287406613816
6.019505348446835         -0.18825840433099672
6.0481572278611315        -0.1822072828978566
6.051048273126109         -0.18161107316226305
6.055231013671222         -0.18075314208527493
6.0606059361988045        -0.179660248121769
6.079978505564287         -0.17577594246389414
6.093442859263589         -0.17313066656492204
6.117235989981141         -0.168565219607541
6.122320424615257         -0.1676076795829126
6.123183123916241         -0.16744584066156176
6.124427712623181         -0.16721268352592028
6.13826207379334          -0.16465931838031525
6.172550828715709         -0.15850107590007204
6.192452017673882         -0.15503815321537434
6.198624637311501         -0.1539806946018819
6.199078852529514         -0.15390319169827765
6.20583225409106          -0.15275588088146017
6.234375012192752         -0.14801084774515533
6.268245529418044         -0.14259832277632184
6.272821561999821         -0.14188523089600671
6.284141078162067         -0.14013986205471307
6.287950817836464         -0.13955434392300983
6.300204185977895         -0.13769502323206162
6.31507458271322          -0.13547127422636357
6.339218683456295         -0.13194010789352423
6.351787962755598         -0.13014069588972743
6.353235091411718         -0.1299352351799392
6.3813861080424426        -0.12599397324432193
6.38599670600436          -0.12536045384013025
6.390567039747882         -0.12473579591568867
6.4192417989716875        -0.12089225730776972
6.4205138748477975        -0.12072477172990759
6.420685723602671         -0.12070202706573062
6.422269101543766         -0.1204926721817009
6.428735115136359         -0.11964165892564445
6.4319720965344604        -0.11922197207351692
6.438439022805618         -0.1183869129959625
6.464600006512459         -0.11505508415952845
6.486606974947162         -0.11231263690560397
6.490746006284077         -0.1118037469804963
6.492779996471477         -0.11155448192995987
6.495182859378806         -0.11126070115050163
6.505642386715201         -0.10999059133465156
6.518560747547765         -0.10844143616961355
6.5320941224736195        -0.10684168272485925
6.545127525857068         -0.10532342504191149
6.54530629448216          -0.10530275309685053
6.555730225170614         -0.10410452815438344
6.569661360391963         -0.10252509687199306
6.571210164008855         -0.10235105318412313
6.5714082484757625        -0.10232881622162435
6.571693957517482         -0.10229669080505176
6.574187723863589         -0.10201662147929212
6.611180283433931         -0.0979321001073801
6.611248416924538         -0.09792469241118253
6.611614814369615         -0.09788486507741939
6.630877610537649         -0.09581141803049352
6.631486437682381         -0.09574653710976237
6.652168361468921         -0.09356629997294841
6.65540480036873          -0.09322930218772325
6.660700358611529         -0.09268189309406588
6.665091979380633         -0.09222969800772755
6.688336178284509         -0.0898630641794499
6.705150288741223         -0.08817918373409539
6.711550212076363         -0.087544442351843
6.737690565374183         -0.08498729977470482
6.7398316151746025        -0.08478037786351107
6.750751850774769         -0.08373093444328743
6.7676956237839985        -0.08212229767615901
6.770394288049739         -0.08186829616730486
6.787775849390443         -0.0802468668254781
6.7925180684708435        -0.07980894501638447
6.796443429880119         -0.07944833917201431
6.821866534156671         -0.07713500928846835
6.821946102703736         -0.07712784059289593
6.832362809814196         -0.07619320426819207
6.848489157695148         -0.07476135457724523
6.848563704233352         -0.07475477818618459
6.856505164580531         -0.07405669651949809
6.862726081125423         -0.07351302054157993
6.874669692742579         -0.07247700172895916
6.874805225613404         -0.07246530406064346
6.894257221708011         -0.07080011036828815
6.9022171231173015        -0.07012653663399711
6.9192801486986495        -0.06869798199663084
6.922568761212322         -0.0684248990223277
6.935034785642738         -0.06739540285156251
6.967343817127906         -0.06476894991592194
6.975170702286139         -0.06414170749049554
6.981423682700022         -0.0636429630015499
6.989734016894578         -0.06298337423855604
6.999439995863818         -0.06221771296633578
6.999512598871408         -0.062212004719314935
6.999740744496139         -0.062194069130303654
7.035691212028652         -0.05940278937627008
7.054288606112209         -0.057986106092081574
7.06402177254823          -0.057252078604931596
7.085300430632854         -0.055665081079866514
7.091568216389663         -0.0552021663726329
7.1166537225009305        -0.053366923082455414
7.120513626907942         -0.053086939873241965
7.124671701833825         -0.05278604628032746
7.13381726248383          -0.05212685944639453
7.136512292938926         -0.05193329611684415
7.144949378790371         -0.05132934724562858
7.170608164356266         -0.04951145957797895
7.175006765705789         -0.04920205488794316
7.181577399669117         -0.0487412828800587
7.1952455911797735        -0.04778822618599163
7.208718971207183         -0.04685830582157399
7.215611579942556         -0.04638512301467169
7.218584810732949         -0.04618153897877357
7.220800478854605         -0.046030034949257524
7.240117467138735         -0.04471861528529472
7.2594222102036           -0.04342117117215623
7.271337135484984         -0.042626943933199
7.275856743804781         -0.042326984542485444
7.282040272922734         -0.04191776008483542
7.283906879929559         -0.041794493393990495
7.293602068689105         -0.04115622024545605
7.318716964802395         -0.03951914841269707
7.320967170884376         -0.03937359347947055
7.332848003435085         -0.0386081361433529
7.350233169949951         -0.03749544488640129
7.352036659448786         -0.037380476764207096
7.356702903626174         -0.03708341568714238
7.372725594214551         -0.03606778453948961
7.384776748241613         -0.03530838877339788
7.389440553265963         -0.035015536973594164
7.405061819835657         -0.034038845891537294
7.413234072630491         -0.033530493591165215
7.417743521189892         -0.03325078212798745
7.432622898475332         -0.032331868287520577
7.451935411779256         -0.03114838112542556
7.460592898574047         -0.03062032139637561
7.491865276306399         -0.028727624560435622
7.49444916184869          -0.02857214741648338
7.503511256110682         -0.028027959057393394
7.533075678258886         -0.026264427470744055
7.543179985752886         -0.025665857732074162
7.544318227347916         -0.025598562076933267
7.545981194093006         -0.025500291685573433
7.5508667777143135        -0.025211917645206153
7.554090059801444         -0.025021932858553985
7.5643674949139506        -0.02441760534850445
7.570541284807656         -0.02405563123365874
7.573446061571865         -0.02388559540079478
7.606275629389495         -0.021976396527876987
7.628267627404442         -0.020708780002585962
7.641683813808147         -0.019938281102179597
7.654123338220727         -0.019225941791078338
7.660433480593226         -0.01886535780489858
7.66276230750234          -0.018732409791349408
7.676198928164426         -0.017966703244791934
7.704912992711987         -0.016338175085089415
7.711617043124036         -0.015959480234291556
7.733083049270045         -0.014750810423518874
7.746076964385702         -0.014020587768791747
7.78593100966265          -0.01179211017751231
7.802608377344028         -0.010864597455289525
7.808551082021017         -0.010534809143686659
7.80875264180604          -0.010523619707460028
7.808900462355908         -0.01051541389868719
7.812576022755769         -0.010312122335099323
7.816570616543539         -0.010091175471120763
7.816909238320191         -0.010072448147999062
7.837908945153808         -0.008911785338472712
7.876329985448477         -0.006791887981268702
7.904496409911543         -0.005240792009851982
7.912288502540498         -0.00481213746405045
7.920448671949898         -0.004363442588368644
7.944132182414541         -0.0030623874142864083
7.960707263073347         -0.002152901139910228
7.992422203279547         -4.151287362535643E-4
8                         -5.98466997154462E-17
