0                         0
0.019153469918087904      0.0010528434870652739
0.035184978985276304      0.0019351487042439416
0.03673454655024136       0.0020204820145754347
0.04132768492130566       0.002273475698724616
0.043509022094748176      0.0023936535603368784
0.08395237955060197       0.004626221881847389
0.08754763355928599       0.004824836493694954
0.10847392120090042       0.005981567172645474
0.14294592392238176       0.007889617775206536
0.14296778520055622       0.007890828824238293
0.14297522017911252       0.007891240699971068
0.14297940826332484       0.00789147315414083
0.15063414657472868       0.0083165314103084
0.15251257117853603       0.00842089666343008
0.1606471093959438        0.0088714893976309
0.16313691758576862       0.009009552697861575
0.16949577426442478       0.00936247169767576
0.17443417330444924       0.009636863729733873
0.19486176185878082       0.010774934583468069
0.20292085456403677       0.011225020098088194
0.23109458968356167       0.01280333489570997
0.2353831760840756        0.01304424815379188
0.2491276615263143        0.013817531627095312
0.25775771537289005       0.014303990169478375
0.2815908191379079        0.015651099780238625
0.29415373775747217       0.016363367365775233
0.30414759682058434       0.016930831342321626
0.3145418585093194        0.017522039130369964
0.3182367560417322        0.017732446292593053
0.3190540195212798        0.017779003179766217
0.34108820247070937       0.019041779021151985
0.34575756550554054       0.01931030288714787
0.3480709713388566        0.019443239399051803
0.35923113809927343       0.020085759823162002
0.36538613640771755       0.020440982419880665
0.3685760516540722        0.02062532296011446
0.391669996042752         0.021964803517087992
0.39839429011501615       0.022356445460952494
0.4168689400055797        0.023436231225321034
0.43894833473014033       0.024734799930037084
0.44758039551870143       0.02524526355934334
0.4556918378365389        0.025726364760807016
0.4786213162739168        0.027093811402476527
0.4824331524237009        0.027322207426074364
0.4853753287490514        0.027498639342315757
0.48690147938993833       0.027590224875206303
0.5138996323881632        0.02921804806329042
0.5191480425303974        0.02953715418853504
0.5245100444239582        0.02986374531408756
0.5440861711150254        0.03105983931011824
0.5494308894796919        0.031388005714271194
0.5533942491474225        0.03163180136398681
0.577492114347469         0.03312227226337881
0.5940084941149413        0.03415191142391652
0.6108572012054782        0.03521023449703067
0.6162269831626583        0.03554940065408853
0.6275482759390778        0.03626708399706862
0.6290668002063143        0.03636363921256816
0.6292966584079012        0.036378260750395706
0.6312691843950067        0.03650380048788956
0.6356779242105691        0.03678481288221472
0.6462542197900987        0.037461321063647864
0.6629360547146749        0.03853518657209991
0.6847700795386541        0.039953327168016056
0.7239467587406722        0.04253645878797513
0.7240012089203247        0.04254008905986016
0.7242387194015113        0.042555929895222104
0.7385039043777896        0.043510835826544296
0.743994159836836         0.04388017845610705
0.7493510091305335        0.04424112981671798
0.7659503146995656        0.045366651287516345
0.7829708944282829        0.04653178928304088
0.7922327969182303        0.047170511125130446
0.8048853438242012        0.04804841469581257
0.8212306059847114        0.049191693497181464
0.825704674638256         0.04950643383036023
0.83031426633672          0.04983151659827947
0.8459624517431388        0.05094119778591583
0.8624868079447296        0.05212691583462547
0.8938731012968977        0.05441281154498507
0.8972937425766818        0.054664612395073045
0.9067022789187222        0.05535990414112317
0.9107302903008234        0.055658789223243535
0.9116840857100417        0.05572972419903565
0.9131747560363964        0.05584067822487579
0.9604077385957049        0.059412056790800395
0.966328217108475         0.05986791670337749
0.9834034609333964        0.06119289427557827
1.0036875940415648        0.0627866184191646
1.0136201205718312        0.06357483824602078
1.0243051696400856        0.06442744848408447
1.028080008141617         0.06473046140295453
1.0336137872113895        0.06517636705278584
1.0511296787448643        0.06660109781774765
1.0583190906217732        0.06719173965127345
1.0679382533699997        0.06798733051538255
1.0885147904111676        0.06970969303617437
1.0886392369178979        0.0697201948450883
1.0987895498018716        0.07058020165170505
1.1111815402083365        0.07163736991483444
1.1113535917977195        0.07165211514045165
1.1214856043274708        0.07252549643077962
1.1215230059883448        0.07252873211924209
1.1292319028341762        0.07319418927261244
1.1305974722323213        0.073313061750828
1.1413495711257615        0.07425376936796688
1.1703829369926817        0.07683656181880025
1.1735104035710648        0.07711857856509291
1.1855223883516446        0.07820861821881221
1.2018521255111476        0.07970655401403927
1.2074258338774073        0.08022245474531284
1.2185463774669716        0.08125879646709254
1.2304720712239712        0.08238057543596985
1.252708399655367         0.08450096999137126
1.2564248624183407        0.08485901271453572
1.264772436560789         0.08566702722835166
1.2726516041201017        0.08643393648337255
1.2788551813657358        0.08704207310765551
1.3057179629717877        0.08971934341952653
1.3233323073659327        0.09151360146552995
1.3288632039419452        0.09208332626412649
1.3554006422732348        0.09485895700179965
1.3586337835718012        0.09520187937704051
1.3644468071019191        0.09582103599644355
1.3818921781710771        0.0976992357986606
1.4116571411448262        0.1009732535190642
1.415283183912202         0.10137808822150306
1.4270886977246433        0.10270733002504877
1.431633097857124         0.10322510699786545
1.4523139376605347        0.10560297293435186
1.4531869296483062        0.10570473355396233
1.4555282731220278        0.10597814432260866
1.459777345490016         0.10647482043879565
1.4803511613764253        0.10891522612586206
1.483571065722388         0.10930190060849476
1.4952674586435037        0.1107172980474105
1.519026145194039         0.11364447506750053
1.5331821686317177        0.11542175934610707
1.5398331567911634        0.11626534865501092
1.5524530500814322        0.11788105686825062
1.5580016003094734        0.11859766584131212
1.579186575065072         0.12136878880648456
1.5960952478599388        0.12362038674478282
1.6077661941167602        0.12520021959510003
1.6124253639576462        0.12583740433667762
1.6368212717593091        0.1292343094702013
1.6488682464142723        0.13094923524463062
1.6554313122393092        0.1318939403212899
1.6887111997566011        0.1367975817204965
1.6969683473633639        0.13804386482538314
1.7030571788236701        0.13897147556010436
1.71319421921106          0.14053010377749472
1.7144218876768613        0.14072007682639087
1.7204208888726478        0.14165214590916342
1.7221809610989052        0.14192650158396786
1.7371593569803316        0.1442818919470316
1.7534103293307723        0.14687908798078006
1.7568456848121081        0.1474336747386442
1.758380382677677         0.14768205532637463
1.7602791180294095        0.14799297361723013
1.7664327900567567        0.1490054822279228
1.7686841712583092        0.14937776810563952
1.7780263943707744        0.15093317475662757
1.8020244426630323        0.15500252798426248
1.8247434463986671        0.15897879556956054
1.8274677438562728        0.1594636858317541
1.8465150649140414        0.16288500375405687
1.8519688480276262        0.163880070611527
1.882447339517909         0.16956761116684368
1.8858460222648628        0.1702151440707393
1.8969044768886616        0.17234053448375983
1.9010287512595916        0.1731404422518225
1.9400047148295416        0.1808940752136186
1.943596746479927         0.18162710714447106
1.9455135408426205        0.18202009918949424
1.9504299850801672        0.1830339142973782
1.966324048097154         0.18639511781245793
1.9980666123797768        0.19332714119535252
2.0033382225541323        0.19449675310318681
2.039064586096089         0.20267303433797446
2.0496928191590493        0.20518937581775262
2.080511368749318         0.21270371253199705
2.0818513461689037        0.21303777811653088
2.0887465774766487        0.21476648605285464
2.131363012518652         0.22581055323772495
2.141477622416932         0.22855944485168633
2.147106815355359         0.2301051640345906
2.151776678615554         0.23139606194787243
2.1639266997289677        0.23479076192249954
2.1956282440063988        0.24397324001525023
2.200984616651958         0.2455711555700311
2.2097562731895484        0.24821690200271337
2.211314092513404         0.24868807542273313
2.223196607603156         0.25232361855998875
2.2288985426569594        0.2540942802908619
2.3001693605899436        0.27759988073492303
2.308011444515115         0.2803715659908052
2.3266983317586636        0.28712428529116935
2.335400196497943         0.2903342648399705
2.3591932373638844        0.29929447579603813
2.3835569550815627        0.30874781520356986
2.3890481434711663        0.31091801413859843
2.4132348338539154        0.3207917689830302
2.415383108934395         0.3216935738331136
2.432505455717421         0.3290259210171036
2.4747242116909796        0.3482041460550328
2.4785532766765357        0.3500208614584651
2.4788742295207795        0.3501737230070828
2.47937584669456          0.350412811273493
2.4815220937059266        0.35143469177742986
2.4820734706049885        0.3516978092862509
2.4837368724214666        0.352493056077623
2.484649147944716         0.3529301385841304
2.507509243449853         0.3639645485922032
2.530059904574522         0.375186109386822
2.531440838979397         0.375905058557097
2.582850711501756         0.40376267786433817
2.583832388474389         0.4043123739722888
2.604450218034154         0.4159543548142666
2.608997591823881         0.4185938729874029
2.6262094939294967        0.4288195394780673
2.6479373478138415        0.4422591255366652
2.669510496854261         0.4561892578654813
2.6859645578127287        0.4672065838463819
2.697354572807282         0.47503215141889726
2.7105400192686924        0.4842946361127772
2.7345707756743676        0.5017369682758037
2.7477259589550553        0.5112339431336513
2.7532466163067237        0.5154667700751112
2.7752124009725962        0.5326705641094069
2.7870262919226603        0.5421626273784631
2.794805379939624         0.5483374259526743
2.7962594948765576        0.5495024568323547
2.801754683187691         0.553935896071582
2.8280105342303328        0.5757893042967112
2.8317439771534856        0.5789868031186121
2.8393263724251288        0.5855497444367839
2.8430188752080414        0.5887792777902815
2.874125411679359         0.6167795909909843
2.8769005611269223        0.6193105107298328
2.884375233558001         0.6261541665238717
2.907380069677589         0.6474621867727971
2.9166265750791065        0.6554760053069316
2.9224407976237083        0.6606542013257137
2.9244093437491623        0.6624317405469982
2.92959366951123          0.6676417184651045
2.942165992486757         0.6803058890860614
2.9772123992888457        0.7158299014538136
2.980453267336795         0.7191519613434604
2.984671892406613         0.7234965837058337
2.9910171895374384        0.7300746576894382
3.0274895173559173        0.7688928763966453
3.031343205498044         0.7730947315806804
3.0426930931605685        0.7855814120481347
3.06213965830883          0.8073622495633239
3.0818702825405526        0.8299601368588639
3.095521951524927         0.8459794410967018
3.0986917447593156        0.8497337039395755
3.1030473163525745        0.8549137345696868
3.1132441961041195        0.8657855117421602
3.1735445245462746        0.9267984346712106
3.175048321386677         0.9282483241717675
3.192058545166168         0.9444058939598187
3.196377872185826         0.9484376580562097
3.230329967035029         0.977619563720288
3.2329249161305835        0.9798277023795152
3.240165624717352         0.9859724000264718
3.2521187311083315        0.9960624213408914
3.258343611358918         1.0012905340171714
3.2662307677822304        1.0078886633691433
3.27751661975106          1.0172793151186637
3.2849597883656534        1.0237389583024314
3.2882299910461956        1.0265315634587617
3.311484626486865         1.0439711988857592
3.323792263664079         1.0514561987937914
3.327270774000687         1.0533851504256027
3.330378639083461         1.0550182106537511
3.3311856745401593        1.0554283294809061
3.3318022320703466        1.0557377769088054
3.347400525026355         1.062450040785543
3.3484973279725683        1.062841188662345
3.362999811905404         1.067014534082093
3.3656463606437548        1.0675757848751124
3.3658635613142835        1.0676191007434899
3.374692792882858         1.0690273227170997
3.3803771600000876        1.069569781731337
3.389585391520012         1.0694959514441766
3.4007471465501635        1.0686438243287422
3.411050254735726         1.068474315842517
3.4298936152243193        1.0668409184102088
3.438132957416487         1.0666791378980522
3.4410376737541317        1.0653628018807422
3.4439317701477186        1.0640226818603686
3.4458026269049458        1.0634168103400015
3.474479759131316         1.051118458944987
3.474656602373812         1.0510250784398445
3.4749246954281623        1.050883104241724
3.4766510809571396        1.04995702510981
3.5246991400590857        1.0168862325173766
3.5267146886265284        1.0151387520614403
3.5296415483227968        1.0125495259676098
3.5366933686890616        1.0060599869064066
3.5414637355199337        1.001468668425943
3.5558222850626837        0.9866685667833239
3.567125479900829         0.9739823391181578
3.5713921130630455        0.9689565098878942
3.5845151447337407        0.9526837588926029
3.5990400182523405        0.9329722075411723
3.606647776492033         0.9221457938779763
3.638696032295011         0.8727496402838218
3.675685801898152         0.8081235221817107
3.678365398357231         0.8031249899819446
3.6962845223696728        0.7685981047870095
3.7000346165743987        0.7611693936114172
3.7011544616669845        0.7589230707528797
3.7019568085177177        0.7573110695928628
3.7326118219168305        0.6916144769400012
3.737473180085148         0.6808837321306709
3.7663938310213734        0.6152778705474419
3.7809677692189694        0.5810703016917915
3.790244278056525         0.558896409596024
3.8578667264397213        0.38784794986567994
3.859978729920221         0.38223923917877595
3.861173293890312         0.37905976643216255
3.8683890184725453        0.35945623429791973
3.8823397465009015        0.32083105397726475
3.9297144987357506        0.19341237157622726
3.94014158568097          0.16414814703992092
3.954438028049476         0.12418070044840664
3.964053964226292         0.0973756495169379
3.965060252161778         0.09457415738463501
3.966372947489716         0.09092065678686073
3.990085727635269         0.02564024939570076
4.011742591789236         -0.03368073974405985
4.018449839724229         -0.051994770206967834
4.039417161732908         -0.10906879278894775
4.069718916780706         -0.19107794121833113
4.0715517762532345        -0.19602046454876276
4.072500853840543         -0.19855038065909622
4.084158041284708         -0.2296822674627662
4.0859542144440315        -0.2344886653258659
4.088414745761789         -0.24111962591036346
4.0972508358042425        -0.2647943754727567
4.098901214348032         -0.26919236556748005
4.129324640699389         -0.34891778843682786
4.133542052405816         -0.3600007200210208
4.135490637563079         -0.36511593209207155
4.1360040043379405        -0.36646299056418086
4.162584132192163         -0.43588039871785134
4.1776350998777305        -0.4749025226683233
4.195486334188625         -0.5209172703639858
4.196341665539422         -0.5229753205722408
4.19986685080042          -0.5314572357592758
4.224572554079304         -0.5908929326419956
4.235799740532611         -0.6181108599513392
4.239150554298155         -0.6263491137228951
4.272247380149594         -0.7020936104575364
4.279531070307498         -0.717223272713184
4.291137224454836         -0.7406921201025506
4.302433021410677         -0.7627788868500895
4.314291472281802         -0.7851650007189334
4.3513790479818555        -0.8510172235094904
4.376893868694748         -0.892680353123676
4.383990635168178         -0.9037411494376437
4.422958540722416         -0.9603839019937951
4.438216080782654         -0.9806761228585168
4.459439530527978         -1.0049201075590222
4.4614612652728525        -1.0071110079629357
4.499092660760452         -1.043032642492786
4.501175483953679         -1.0445954948809104
4.510078896946296         -1.0507732264115663
4.540559301375131         -1.065749691078187
4.551873118006568         -1.068877272748407
4.5773376846301534        -1.070402034962755
4.5862344887108435        -1.0693325896890298
4.5940677717669605        -1.0682829961779716
4.597911858820938         -1.0676246741440603
4.619497401004732         -1.0640947632482658
4.629243844960481         -1.0619092648594262
4.633727693515264         -1.060780205038185
4.68455871073344          -1.042533097943094
4.692439235605456         -1.0388077641474132
4.703043466331538         -1.0334150894282756
4.7068193169958805        -1.0306728821766593
4.740068892116823         -1.0051644373732787
4.75732676430148          -0.9909608999416416
4.7616203831494515        -0.9873248771228376
4.7685408507667955        -0.9813785292409842
4.787865079095337         -0.9642136925334485
4.796113615786874         -0.9566354579534395
4.820197299967365         -0.9336480475794127
4.823774052021486         -0.9301247332479675
4.8562769262793335        -0.8942981313951532
4.863679095095311         -0.8858321691032759
4.870283714634704         -0.8789699398218358
4.88488677213716          -0.8637291520557003
4.893549820923344         -0.8546434289906851
4.8954431595394095        -0.8526533155882793
4.92106805324204          -0.8243695799320893
4.962917807149082         -0.7791091600471568
4.969188981845514         -0.7724264639713844
4.969923056311298         -0.7716459153808845
4.97265234707783          -0.7687469524181432
4.975844422227923         -0.765362671337801
4.9795414616576315        -0.7614717168502911
4.985380804800637         -0.7553472988386969
5.028696798592299         -0.7107275050763787
5.03056171615537          -0.7088385424208807
5.042839436502591         -0.696096467773089
5.056283347794088         -0.6822565208171567
5.060815890593321         -0.6776169468814008
5.063120798126783         -0.6752627351618383
5.079888855895063         -0.6586147591007275
5.0799365750715255        -0.6585679621938161
5.08000662503868          -0.6584992720523
5.131584580936189         -0.6098498056686463
5.162952752529907         -0.5821450236812153
5.17364860667055          -0.5730238007420114
5.185246907560874         -0.5633200585866096
5.193074421825738         -0.5572600831178245
5.195160052959074         -0.555553611619767
5.204761171847473         -0.5477622467184312
5.211970301878673         -0.5419814502921182
5.235938261740417         -0.5232835212428611
5.2390868058838915        -0.520866187859985
5.2466420233520825        -0.5151024368194888
5.261899097028215         -0.503621705521729
5.281396199688781         -0.48925926223757144
5.286084744840806         -0.48588489717127936
5.298922907451042         -0.4767822891974123
5.310052331673484         -0.469053717008116
5.317600090506506         -0.46389822518457074
5.327482206607102         -0.4572653729472974
5.331656754390826         -0.4545061280238607
5.334720957122915         -0.45249787277949594
5.342858872247422         -0.4472127106208133
5.358033896573281         -0.43775293460811765
5.376563852811504         -0.42647300892401613
5.3931462189692425        -0.41663152668933734
5.430013100677618         -0.395607155918276
5.432439504190871         -0.3942648379011362
5.435735402234926         -0.3924616407302497
5.447271010723241         -0.3862369957763035
5.451178828997            -0.3841588477367744
5.466603030012569         -0.3761071750405671
5.480926831019934         -0.3688454235669465
5.484675722718295         -0.3669791090034652
5.486327790955625         -0.3661611707302413
5.487664013137099         -0.3655016271073909
5.501254811623947         -0.3588959663366151
5.503075665687404         -0.3580165024590476
5.509802335672384         -0.35479046584095314
5.5102114115261855        -0.3545954408658847
5.510987575557849         -0.3542257749501034
5.519232960069832         -0.3503283654123595
5.519793833485398         -0.3500652213826031
5.530418736651512         -0.3451277160296531
5.540349733957201         -0.34059402889486784
5.540659895079957         -0.3404537003483844
5.542110656020566         -0.33980612193883974
5.544199448663358         -0.33887595357285055
5.581555602278694         -0.32268104432059086
5.5921463483447225        -0.3182414030361616
5.610815942833815         -0.3105783433521306
5.611939191826137         -0.31012396136736237
5.614685315424708         -0.30901665437848286
5.654013807114152         -0.2937140255920969
5.665731374384151         -0.2893555864610275
5.684375931761445         -0.2826887262926333
5.703603402728357         -0.27584470277563267
5.709088190032018         -0.27392466932842796
5.72419746249811          -0.26873286736860413
5.73801422352102          -0.2641558523553487
5.738746966033572         -0.2639156549027589
5.739614546743588         -0.26363158678076026
5.750549634510419         -0.26009733556105574
5.776996891036933         -0.25178162743518256
5.790863737384111         -0.24755277893788957
5.793085770532377         -0.2468835387663627
5.81256353736907          -0.24111638669671004
5.827269198760597         -0.2368802250591903
5.844022153839234         -0.23217804920762977
5.864939733394776         -0.22643854792529725
5.869727397022789         -0.22514787006055667
5.874152510118046         -0.22396254650619585
5.894181781752769         -0.21870984654513068
5.894555662124822         -0.21861323590375337
5.900450514678301         -0.21709698203446723
5.93391299238031          -0.20873847327048278
5.94940293368894          -0.20501241049652436
5.965544803406964         -0.2011974294033243
5.9762576083455565        -0.19871521164555972
5.98633674496079          -0.1964111483986036
5.992654889382782         -0.19498232601733323
6.0023700915739155        -0.19280776819072806
6.039981052866675         -0.18466466643738086
6.046625534752729         -0.1832715703247889
6.051129645760408         -0.1823402852804042
6.05890582282801          -0.18074311505569565
6.0630058810262035        -0.17990642761171832
6.07188608281482          -0.1781114053177628
6.078143051885125         -0.17685761166909994
6.086583773735011         -0.17518060517468395
6.095177061080733         -0.17349024838002242
6.099468200220142         -0.17265255932678458
6.106031960869145         -0.17138354738696332
6.11181944697176          -0.17027327504061596
6.138912647559338         -0.16518360603055218
6.1579667466840124        -0.16171064162621668
6.181191559379016         -0.15759641318612186
6.184342850102848         -0.1570482354406421
6.184605751874708         -0.15700261149612715
6.209925318532331         -0.15263885430967222
6.22116950154298          -0.15074412172297771
6.222401966760112         -0.15053805640225876
6.225693163122311         -0.1499933246390941
6.253536962437554         -0.14545631298511277
6.2602456258179835        -0.14438227764333098
6.262116221351354         -0.1440841242982299
6.265938623695584         -0.1434766672633548
6.26658171626253          -0.14337470358238527
6.271902400277133         -0.14253510395256874
6.290068773845375         -0.1397147698184049
6.295719451812623         -0.13884930589857933
6.324248776625703         -0.13456272122622817
6.337961877112643         -0.13255160648870257
6.38317983988383          -0.12614690717649313
6.384339628445136         -0.12598721217542963
6.403216775329593         -0.12342015090585269
6.403337460649961         -0.12340387263518354
6.403681647575638         -0.12335746010178118
6.404038717064888         -0.12330932928129526
6.40979787576675          -0.12253568613761404
6.4149775060136065        -0.12184416614227178
6.417744437202023         -0.12147641823724818
6.441849722964112         -0.11832148561422937
6.446544714329302         -0.11771718326431165
6.453917183152754         -0.11677308054202884
6.463282211391881         -0.11558231313702375
6.4700480460090555        -0.11472795142883659
6.483609073530318         -0.11303263421526132
6.4923605981777115        -0.11195085111703738
6.517253322850471         -0.10892650637073735
6.52559727566163          -0.10793019611468349
6.527116770245372         -0.1077499459103896
6.530413930083391         -0.10735977865756344
6.534103645368647         -0.10692471480540501
6.538583493661659         -0.10639869360571524
6.559012100609893         -0.10403069497126295
6.573845441843009         -0.1023428503606765
6.596098074513167         -0.09986973531371957
6.598639042771626         -0.09959010010202375
6.599970733719368         -0.09944377283786474
6.628546529579883         -0.09634132529756408
6.632438115796478         -0.09592436104667428
6.63921915761293          -0.09520098007762773
6.6635632269175495        -0.09263954688331606
6.666858883105675         -0.09229788226663406
6.671540598608526         -0.09181453972611091
6.684462044596121         -0.09049280453626282
6.68648599730032          -0.09028740754784619
6.70455130495254          -0.08847367908596966
6.7153305846076385        -0.08740824394370429
6.729148250431474         -0.08604453983657795
6.747594691816489         -0.08424880932543681
6.753077515159424         -0.08372053269576576
6.757043614300287         -0.08333995587842244
6.773226788974743         -0.08180848828271886
6.773524883651893         -0.08178046948416416
6.788233387425921         -0.08040654994441565
6.8054105304908905        -0.07882331588488008
6.813764760391938         -0.07806158582017707
6.838248666644233         -0.07585559913122503
6.843041699614019         -0.07542869401119803
6.8473943315779415        -0.07504300164015547
6.859470269085179         -0.07397983023789031
6.865446095899883         -0.0734574636489331
6.880874398062457         -0.07212029910736345
6.903427902810357         -0.07019535970513173
6.92001767294203          -0.06880616782618498
6.9203772485198165        -0.06877622127020405
6.933207296971479         -0.06771223625099854
6.9559666176357435        -0.06584655937379039
6.991723041291943         -0.06297159802816482
7.001925515509666         -0.062163859487006326
7.006615526040104         -0.06179442153112162
7.0085053324611275        -0.06164589278555915
7.017467422876788         -0.060944129724704685
7.019109776218148         -0.060816148065966996
7.020265832736053         -0.0607260051597074
7.022008985044911         -0.06059062834608797
7.050373776351424         -0.05841220269057055
7.065340168532417         -0.05728270318936761
7.070443837067639         -0.05689879756189907
7.0784627991741225        -0.05629903910698588
7.0953201073885355        -0.05504768534171182
7.100561400091512         -0.05466082231246326
7.106834440913429         -0.054199475112824795
7.1154792141297625        -0.053566681499255316
7.115593437617131         -0.05355834351890403
7.157313558169155         -0.05055969808918386
7.175564369251475         -0.049270995860728736
7.183604533194176         -0.048707731818772235
7.206223730219795         -0.047137738372224805
7.212666144520748         -0.046694519855775905
7.214140396483639         -0.04659334191131299
7.2201600365381715        -0.04617993338576074
7.244600977818567         -0.044515265888880835
7.246402919712834         -0.04439341595493137
7.25875914625701          -0.04356112531874601
7.296662240689853         -0.041044469180693356
7.299927872739347         -0.04083009849238304
7.309388044018781         -0.04021129148554764
7.315471667591537         -0.039815241305824235
7.329343430135506         -0.03891614994647384
7.348362447016914         -0.037692423935429896
7.359212044400833         -0.036999267658770464
7.366915197631044         -0.036509185428902274
7.387725327164143         -0.03519375583442921
7.390219008026077         -0.03503696325526489
7.3969199487605914        -0.03461652104039367
7.4138113920272755        -0.03356165341870995
7.444422927479234         -0.031670241970224305
7.448445509655119         -0.03142363888407462
7.453036702915778         -0.03114272864915346
7.45603692267305          -0.03095912018754109
7.46068887333651          -0.03067482976268352
7.463766218981542         -0.03048715741521286
7.4647616551610705        -0.030426492648573465
7.504496769850665         -0.02802170419290589
7.5111137088718625        -0.02762442467636281
7.515580845582339         -0.027357039569368986
7.552345186494486         -0.025172226266430772
7.557031997791905         -0.02489571985726435
7.566077603434955         -0.024363349979275483
7.582964747758955         -0.023374025846321946
7.58588415404235          -0.02320359499212479
7.609861697772996         -0.02181052234424603
7.63219609644629          -0.020520592617663563
7.67405123125944          -0.018120522826459574
7.6790925479202885        -0.017832963228693044
7.681623150783798         -0.017688739471582143
7.687031050269423         -0.017380809448261078
7.704783962425798         -0.016373166801895857
7.708459455747968         -0.016165172514283472
7.746866000822251         -0.014000326705810391
7.764358247392231         -0.013019527748718927
7.764888101339554         -0.012989869154851072
7.765269405807618         -0.012968527463743353
7.770243852424999         -0.01269024776118157
7.8051007575330775        -0.010747697901493276
7.810160328388884         -0.010466814891833652
7.82120913725351          -0.009853170762596484
7.82722648893801          -0.009519287397585887
7.833126383845427         -0.009192138156149453
7.842250353665229         -0.00868663664942543
7.843534581046974         -0.008615526946464745
7.84464381335412          -0.008554115185118588
7.847961202646255         -0.008370495860597956
7.85400173742654          -0.008036323253960436
7.8576883390747545        -0.007832484799034097
7.867285610187607         -0.0073022285663276315
7.87389420271791          -0.0069374292806667626
7.884078778285913         -0.0063759172102218695
7.8956402643251735        -0.0057388803841249576
7.9310981390646065        -0.0037859414081296483
7.944406300478754         -0.003053762710899057
7.950076941369882         -0.00274191294961249
7.962243321937603         -0.002073107177942776
7.971002029336946         -0.0015918539553689693
7.994052719795304         -3.262268127099871E-4
8                         -1.8727976855855536E-18
