0                         0
0.013457802914326713      6.378594970079693E-4
0.027172580866039856      0.0012884342047843607
0.03350175265458702       0.0015888472758227644
0.04672410977201127       0.0022168156064068445
0.05505620023006539       0.0026127889012154872
0.06692382712593947       0.0031771289982333328
0.0738051152392363        0.003504539559404211
0.0837901299350286        0.003979866857905548
0.09788889584104268       0.0046514502444571695
0.15147126618584023       0.007210608598587549
0.15581504416637998       0.007418471532535803
0.15730842889722327       0.007489943503856413
0.15884566953052148       0.007563519180686694
0.16366842047031993       0.007794378146690233
0.1644551328709212        0.00783204162109919
0.16487807459097087       0.007852282159245888
0.1672309446906741        0.007964904003971554
0.17207479492697436       0.008196873521298052
0.17289368546970307       0.00823610508138726
0.17976246174608057       0.008565614766928326
0.21239332384574375       0.010133760357243327
0.22490701563673932       0.010736348447509618
0.234756284139802         0.011211107191270001
0.24725693472762295       0.011814270383057516
0.25923359767753384       0.012392781891535672
0.27449841242485          0.013130599542115123
0.28548121522962044       0.013662953660691061
0.29760783502067967       0.014252213978826546
0.3145872067742935        0.015079861633839689
0.33199568835900256       0.01593155235040614
0.3534909930560632        0.01698755368240483
0.36305951045567275       0.017459179755568075
0.38601498174237703       0.018594336298565127
0.41023201262785236       0.019797532857344872
0.44031960037740553       0.0213004902995439
0.4513304879210874        0.021852681278562394
0.4664976989869282        0.022616439995615648
0.4799948470200004        0.023299072792320734
0.4812355767221335        0.023361964483114343
0.4865617675160225        0.023632213891092057
0.488204941250386         0.0237156760198322
0.4995446676599204        0.024292680228136965
0.5438338492544185        0.026564652110871112
0.5799724610467494        0.028438621728132475
0.6077382065511661        0.029890692626315777
0.6176295023005506        0.03041055691233262
0.6190589309690826        0.030485796436323834
0.6241739147107477        0.03075643106004275
0.6698879439421553        0.033187536214939646
0.6944731368902297        0.03451262690324406
0.7049960121779753        0.0350835569700394
0.7098178555402912        0.0353459261815625
0.7144802042614791        0.035600067987798724
0.7306185000015282        0.03648318140006185
0.7741065679897176        0.03888937236241665
0.7810156474441812        0.039276914676033094
0.7840493596746841        0.0394474544202984
0.7999544593968609        0.04034528781617067
0.8136453421372822        0.041118752456568035
0.8156683458999373        0.041233503621151336
0.8327577164329029        0.04220761177679875
0.8450001213454095        0.04291091080820991
0.8695182812161636        0.04432950616293635
0.8907610114550946        0.045569461710679146
0.8942951236235793        0.04577739054523888
0.8964104015631766        0.04590199855140178
0.9048173335614832        0.04639839385800636
0.9052110752814141        0.04642168795468803
0.9056278285440373        0.04644634784393934
0.9401081403688915        0.04850230730915515
0.9628975402658633        0.049875260060432317
0.9697543027984901        0.05029156263333862
1.000007382124996         0.05214611086949601
1.0116598390233806        0.05286814341689313
1.0144634031570725        0.053042504447145665
1.054994890694322         0.05559104647561739
1.075840009675979         0.05692198427737998
1.08321153767787          0.057395938200991536
1.0867781151973768        0.05762586910422946
1.0919012249589706        0.05795681776371323
1.120324735843961         0.05980754875990899
1.14234638396087          0.06126405229789207
1.1478955154430834        0.06163482675945726
1.1572115040608977        0.06225993189896494
1.172216120445188         0.06326852802068855
1.178792825715481         0.06371332842573574
1.207090019131514         0.0656460592950823
1.2087251191494097        0.06575870621453059
1.209402234479614         0.06580538195970209
1.2099571905285675        0.06584364877176208
1.210020481648581         0.06584801367119292
1.2105131567109189        0.06588199598703214
1.2109401052139535        0.06591145163998229
1.2120034878621422        0.0659848431766833
1.2139308713643089        0.0661179658334031
1.249126944187029         0.06857166820141532
1.2835841236486654        0.07101233897551987
1.2859093237026116        0.07117905428038424
1.3253816439939474        0.07404809750838617
1.3283903490497972        0.07426979893183594
1.3303980053200073        0.0744179738959298
1.3330496430127237        0.07461396920464451
1.3367380326254563        0.07488714725480415
1.3663234200180359        0.0771015816556393
1.411669066452986         0.08057577583602142
1.4447936002413868        0.08317493159476236
1.467823408551373         0.08501248748640455
1.469228752860556         0.08512497407094045
1.470956057203171         0.08526257807106691
1.4883346703629639        0.08665116589354217
1.4983549797760414        0.08746475478106279
1.528941128119608         0.0899774805441876
1.533728498081103         0.09037488241605332
1.5349670599360608        0.09047788468604026
1.549533543523711         0.09169509368796729
1.551434246424582         0.0918547119741101
1.5784840609753608        0.09414611124265404
1.5913015343086117        0.09524480059771587
1.6019922415350853        0.09616754031313836
1.6119513059861141        0.09703232860309371
1.6232396238696194        0.09801860438457195
1.6470214820536513        0.10011458394016517
1.6792599431138493        0.10301578740199087
1.6817679486260608        0.1032436536475461
1.6998289254287133        0.10489416798776174
1.7039870328688742        0.10527654044727422
1.723824914835902         0.10712013666044418
1.7552079305980437        0.11007428688730402
1.7577897544442314        0.11031937221426164
1.7649866710431195        0.11100420283764029
1.772601917311396         0.11173148055109058
1.7895185972788639        0.11336471416018078
1.8149838466434938        0.11584287812606721
1.8272343416547598        0.11704343319525191
1.8278052301132897        0.11709951351241488
1.8292260961453164        0.11723914142126396
1.8416599400981337        0.11846722777045647
1.8695568447354765        0.12125566991002895
1.878106750759272         0.12211637967135663
1.8799542535647362        0.12230300433731024
1.8970800898016205        0.12404376462242231
1.9479273576668539        0.12932704330883668
1.954951224376823         0.13007036964232316
1.956735308964234         0.13025764147822852
1.9643076039353997        0.13105431831726175
1.9694581155059074        0.13159789142474448
1.9702373846701104        0.13168025291857563
1.9847171627949605        0.13324251677175444
1.9954605656049536        0.13440790179910897
1.9973215464264473        0.13461031165977191
1.9990357275263484        0.134796237831354
1.999298859135317         0.13482478517866722
2.0355807177048013        0.1387792736078967
2.071605325449857         0.14274156063045684
2.0763233582442826        0.14326313390698894
2.0888062774681653        0.14464606085338924
2.0981986975326117        0.1456894319542136
2.105298855660185         0.14648598977812635
2.113165969596561         0.1473706114296676
2.1240727128733106        0.1486005384964491
2.1421462971729923        0.1506476384498049
2.1453282250035572        0.15100919897084125
2.1544517594121215        0.1520478266368875
2.185815812387286         0.15564011061638552
2.1957155109932183        0.15678098118273934
2.200516370033571         0.15733545712472216
2.21070482129163          0.15851479376022734
2.2215763332248164        0.15977712399678873
2.2323041001656945        0.16102847587206326
2.2700787847250012        0.16546497765646495
2.277595219790852         0.16635885949006088
2.2802848697328812        0.16666084024169964
2.303184486504681         0.16931361932159322
2.3233683506459357        0.17166837315847816
2.326280471729455         0.17200939845935975
2.330854948554939         0.17254574759766492
2.3326829279041656        0.17276217363799212
2.351871123921084         0.17503660237743005
2.355203647464477         0.17543210241377571
2.360070625424033         0.17600996868342883
2.3743946184101747        0.17771246953219916
2.377218392474644         0.17804840787804918
2.3872666457980927        0.1792446663412763
2.411010547170987         0.18207661724261376
2.422476712749598         0.18344681424548775
2.4329531792215184        0.18469422457257123
2.4560910564333116        0.18742112405727368
2.460231949467295         0.18790506844430405
2.466231783878182         0.18860407005141305
2.4776234836926436        0.18992409053476308
2.4824580251407884        0.19048156749211254
2.489404861485969         0.19127880003074663
2.5057247269473972        0.1931339966533851
2.5264009789616413        0.19544875147314203
2.5264327814271224        0.19545225227666524
2.5264655655791906        0.19545586107430046
2.526614012904715         0.19547220090131504
2.559260239346986         0.19903043963865674
2.5937546318321485        0.20285449861715665
2.6141980760127237        0.20506148607159078
2.625598661409085         0.20626351409790233
2.651835220707517         0.20895163491367363
2.65403460543434          0.20917202791646602
2.6740598261720585        0.21114346729410458
2.724113703281482         0.21579356314503254
2.728228490093726         0.21615819473539233
2.731209761314485         0.21642070569489033
2.7413853838559925        0.21730610835141817
2.754285924732041         0.21840443123134082
2.7595930436990477        0.2188488269295294
2.821791567027719         0.22373376943852402
2.829717266612226         0.22428284354462713
2.8382386909953503        0.22486317865920843
2.8450568953668345        0.22530725778236796
2.8638203099922523        0.22654257089533097
2.8988903247636975        0.2284229752554892
2.9085442565907753        0.2288676748629082
2.9211273793735817        0.22940004098608804
2.9604162192621906        0.23071802696446184
2.9712080181434346        0.2310114203909969
2.9941757021002386        0.23151476430818546
2.9954794290878404        0.23153839493053605
3.0037838451154935        0.2316764572515472
3.0327030861231363        0.23198915699536318
3.043639563332062         0.23198889184233956
3.0493767755926067        0.2319673777685085
3.0913781481859695        0.23137874122409016
3.1016442797762247        0.23116067500106408
3.106355298093474         0.23098104045349613
3.1203446100116903        0.2305001010297948
3.123058768118255         0.23039642001415006
3.1256863454723414        0.2302928356237975
3.1528489998022486        0.2290369246989204
3.1643045568218673        0.2284060581384275
3.178260726699772         0.2275563527996514
3.1838748591901362        0.22718940942870863
3.19303389726413          0.22655981631849756
3.1940563056631373        0.22648715462468416
3.2074148906308726        0.22549382530854647
3.2361768433878537        0.22307798932938655
3.2665729204055367        0.21991327959839066
3.2676461176144334        0.21979372229830496
3.2722387016902026        0.21927606957409915
3.278332649615677         0.21857411049283668
3.299173394897838         0.21606605189940958
3.2993947436655553        0.216037963473405
3.299646510336679         0.21600597805799412
3.3576181267040495        0.20759093772989373
3.379618947316466         0.20384995318099286
3.3911322963471666        0.20177219542538352
3.396222580976074         0.20086610628157134
3.402456353708779         0.19964899481419118
3.425510015810655         0.19499783765168896
3.4592046720738066        0.18771170303960566
3.4644177357750627        0.1865326523222691
3.4720118581564123        0.1847902439356852
3.50567246105845          0.1767126047219108
3.5153410550899364        0.17428545830918857
3.535132948416091         0.16916817219036528
3.568322536123749         0.16013796169307012
3.577894979481585         0.15742900044396857
3.578463072411017         0.1572667619389209
3.581520172992909         0.1563653653365387
3.5962125846028066        0.15194587941102586
3.6048842870982902        0.14926954095412104
3.6061774854514854        0.14889526551012594
3.619928000432936         0.1448401780536856
3.625222920661308         0.1432419080784348
3.6258534089426395        0.14304458784658944
3.642379217405454         0.1377924881298393
3.6795841899272923        0.1254034351460013
3.70184900908724          0.11765510036030803
3.7184668333651505        0.1117536689156904
3.7384963390739396        0.10450627311180877
3.7481747754216412        0.1009516264010349
3.7867301692124995        0.08645072970781982
3.8023194036540975        0.08043299987829149
3.802814214213368         0.08024053689665711
3.8102633822629444        0.07731587203079257
3.8128901494292964        0.07630116803126473
3.8133207291728626        0.07613466878752444
3.8190346233579078        0.07392067926251102
3.868326856845247         0.05447323527960611
3.8822330998603993        0.048873971737071316
3.88447750882758          0.047968187019816436
3.9009385529366196        0.04129555869796285
3.9368024266002712        0.026637749429789262
3.941169308043114         0.02484190206615445
3.9616273052044404        0.01639669301134745
3.976748392548734         0.010120689409554582
3.9890435141398273        0.004996355887384348
3.999041554088928         7.637238428444491E-4
4.0232037056741445        -0.00954130003243868
4.036580239919452         -0.015242756106653913
4.06138375391928          -0.02569182234950911
4.072757175910418         -0.03042975103026537
4.080576154489476         -0.033667499528054
4.089826330276701         -0.037477400702072484
4.102390933983918         -0.042616857698126676
4.106113376319805         -0.044131627282962146
4.108775982788344         -0.04521291278163833
4.146473650685966         -0.06032930939391997
4.1773872669137795        -0.07256090228951007
4.191792612615314         -0.0782100453217208
4.193909127444211         -0.07902911405124285
4.195327214389334         -0.07957694120794036
4.197830447301815         -0.0805697574085813
4.1979876381037045        -0.0806309135611622
4.205831061130864         -0.0836689964265584
4.239127779492868         -0.09627249857120114
4.254590064350464         -0.10196365128221836
4.259795042084066         -0.10385636646373048
4.266067028338108         -0.10615524125320001
4.274255436638911         -0.10912767384378178
4.288485178561652         -0.11421536241120472
4.320101972362378         -0.12516618708785818
4.3399106409214285        -0.13177877107038372
4.34975749420496          -0.13499467745745686
4.3620950837370795        -0.1389734142958989
4.374287035277875         -0.1428531990067071
4.389446161494062         -0.14757303627597299
4.391493888028393         -0.14820030519200172
4.417550467506941         -0.15596807692873915
4.436980962945104         -0.16150225462130055
4.43928791510163          -0.1621446644591345
4.449875566032704         -0.16505307904540656
4.462215259004323         -0.1683121619087259
4.4791048369623185        -0.17266683217876266
4.482007901733481         -0.173402985396948
4.5177709674364515        -0.18217451392328313
4.547017072627517         -0.18893902077084945
4.549553089230581         -0.18951531055937193
4.568187266285081         -0.1936347955638779
4.586945286392901         -0.1974311546417997
4.596956971033119         -0.19937336006665182
4.607066298220756         -0.201275173409713
4.611368928686605         -0.20206651617430532
4.6183750176228475        -0.20333196973218798
4.631638200485988         -0.2056491734084585
4.642141698843972         -0.20741141667721158
4.654550591088125         -0.20941040617827456
4.655972771118011         -0.20963377209588735
4.682208342924946         -0.21340984329722434
4.695323842239015         -0.2151679868145311
4.713794591077715         -0.2174824553925173
4.721209344039659         -0.21835841050333357
4.744435794003442         -0.22090524143341447
4.7646296436418165        -0.22287674716904862
4.775714076303464         -0.22386290701460865
4.77925097215314          -0.22416325784076888
4.7884366544294075        -0.22491093953104502
4.794338790297124         -0.22539967350822354
4.798796479880515         -0.22575689632488927
4.802375356732646         -0.22603628170099765
4.831924611389952         -0.22809075819855254
4.838451095082706         -0.2284680731072332
4.84081347161044          -0.22859824854061125
4.851237628538868         -0.2291502632066356
4.870476863674505         -0.23000302836608388
4.882900518460096         -0.23045838484440992
4.895660865851963         -0.23085438279752865
4.910533543034838         -0.23122423901986852
4.91432991225191          -0.2313028346613735
4.931467972106251         -0.2315775934692335
4.945266665698914         -0.23170357092794616
4.957488338524186         -0.23174419774466637
4.964986342136488         -0.23173613310880042
4.980035425752407         -0.23164424132216568
4.994734298761333         -0.2314491904646944
5.003178765340992         -0.23130759017592498
5.02513968979368          -0.2308383981153534
5.033498375392058         -0.2306215041030916
5.058335684332167         -0.22985237587369528
5.063135761723775         -0.2296822275489911
5.074538432593349         -0.22925010737002263
5.084622484768291         -0.22879119780707824
5.0870716843409625        -0.2286739603618127
5.10633952220304          -0.22767288856707307
5.113472580747413         -0.2272668378932346
5.129114950249132         -0.22636017329214686
5.143102778013704         -0.22564752007598154
5.155744436354837         -0.2248139592829741
5.163073765780632         -0.22431995478627492
5.176490632909524         -0.22338615170420295
5.210863065806111         -0.22081981471303963
5.2111546347619955        -0.22079697453129912
5.211221378092797         -0.22079174362939366
5.226442607416274         -0.21957414844906037
5.234578741164856         -0.2189031775624383
5.235592367070635         -0.21881860317298577
5.245981945648736         -0.21793917010398997
5.276394581923025         -0.21523339297256444
5.288596803097679         -0.21418067496177098
5.299755793379029         -0.21310367448788167
5.305781433004935         -0.21251793439909647
5.306260314547674         -0.21247125754621501
5.340892712655274         -0.20915519075398506
5.361525092030055         -0.20710584609263666
5.363339538836151         -0.20692298764983494
5.363496137881533         -0.20690718575429362
5.366310599854924         -0.20661660933527762
5.366559164136448         -0.20659091350712697
5.40543004969793          -0.20250655378162277
5.435001129031621         -0.1993115207615866
5.4350564153124985        -0.19930547621015005
5.439109721405645         -0.19886159788433416
5.470258578558872         -0.19540288491013663
5.512812596233059         -0.19054162496546015
5.514226872726284         -0.19037736254124776
5.5147233049297535        -0.1903196628005607
5.516093444246844         -0.19016030208202778
5.516604140393075         -0.19010086138878424
5.54195447044727          -0.1871077724621795
5.574830676125169         -0.18328039663521592
5.599161024784519         -0.18042996669639552
5.599481748401095         -0.18039230367400796
5.613522508935913         -0.17874121928474654
5.6262314743774855        -0.17723906229939923
5.655020509516168         -0.17384234301169682
5.6669096643642405        -0.1724420307815423
5.672193588641143         -0.17182014617476435
5.704127178994329         -0.16806778021568566
5.7242752036280695        -0.16570559272209046
5.7505732355669705        -0.16261722180337593
5.752075640521478         -0.16244137339022566
5.756546339156021         -0.16191847941183593
5.769547388979098         -0.16040040333908684
5.779074765321178         -0.15929343766522636
5.793591583989379         -0.15761571098690194
5.806506608284481         -0.15613219172159115
5.815164844686261         -0.15514243031928054
5.832267791242256         -0.15318407148038718
5.846248331293176         -0.1515820617353556
5.855938308671182         -0.150471078775865
5.861848088813817         -0.14979143427537744
5.883154868885354         -0.14735785410141833
5.890097857926326         -0.14657052442725663
5.894219065031516         -0.1461045013854797
5.9139880826356706        -0.1438826942516205
5.9312749834061105        -0.14195837400542713
5.9577669705868           -0.13905148689205377
5.982904222613468         -0.1363204306854556
5.995276009939489         -0.13498600683002016
6.007951126101205         -0.13362551459601033
6.069657066560373         -0.12709838738631568
6.075131436266804         -0.12652702194718182
6.082290532302038         -0.12578171408551184
6.0845571903767794        -0.12554618786773458
6.084628128322693         -0.1255388170321054
6.0861840117768455        -0.12537718142602067
6.086233690205416         -0.125372001681468
6.08749205664817          -0.12524085332981036
6.118640916559985         -0.12205317977577824
6.145791648129124         -0.11932185909545179
6.147967788541129         -0.11910465345068509
6.167377308915649         -0.11717857417033212
6.182220889946758         -0.11571921852126839
6.182285494689713         -0.11571289268326468
6.218859334539936         -0.11216764672177262
6.237050330580424         -0.11043102529235237
6.24580086333353          -0.10960196624037782
6.248531440393887         -0.10934410121113179
6.291927020950746         -0.10529964574549408
6.297510934758761         -0.10478512326621332
6.307197367270146         -0.10388891933419343
6.314746020098588         -0.10320488393999583
6.327503002535511         -0.10204900393652136
6.368353991909786         -0.09840465679193536
6.372376714164126         -0.09805049050766992
6.393065845361518         -0.09624231182493091
6.40154810314377          -0.09550807459101983
6.4036395867884925        -0.09532760332939066
6.4368152402368155        -0.09249511876406327
6.446662362051566         -0.09166532128549357
6.470184097420531         -0.08970344873628791
6.489199266144645         -0.08813833024184109
6.500567985049528         -0.08721149817948329
6.5218627547916155        -0.08549766852908759
6.523791830981727         -0.08534322239702812
6.527591310998159         -0.08503942028410963
6.562990911397365         -0.08223140876753791
6.570266395593863         -0.08166023365194465
6.589359112087659         -0.0801736336831734
6.601393108234263         -0.07924621362999136
6.618112296573424         -0.0779700069763898
6.63284657195364          -0.07685715622695256
6.651008606514406         -0.07550068243144185
6.671346029517198         -0.07400174459178593
6.671670691387013         -0.07397798733341858
6.689618363835051         -0.0726699693880975
6.715451240058485         -0.07080778402173347
6.723080274598489         -0.07026246621864743
6.730945561097703         -0.0697024705267183
6.734237548060332         -0.06946875221304538
6.750906869875872         -0.068291326966605
6.761048830354931         -0.06757988645952859
6.772732072861471         -0.06676495023817787
6.781997406115625         -0.06612218800051775
6.790755388064734         -0.0655163776353032
6.795611378296825         -0.0651817477557445
6.814514546067202         -0.0638877476177635
6.8169648238860026        -0.06372102145956865
6.834860195382618         -0.06252178370651035
6.846781176850978         -0.06173234982517396
6.856705292419654         -0.06107119308032147
6.863246521214047         -0.060637601340595454
6.886981263007951         -0.05907339259373728
6.897022479293153         -0.05841791010996227
6.900461315056901         -0.05819556399248217
6.906730220786244         -0.05779111937087446
6.920220300393995         -0.056924676045693366
6.925681687504057         -0.056575408612231634
6.937955050737571         -0.055793671074831665
6.949142219099567         -0.05508494026401403
6.954674960101083         -0.05473576853816351
6.960623035498804         -0.05436149624364451
6.97732555890755          -0.053316675209357574
7.0067116059945285        -0.051500479015520795
7.012290998349473         -0.051158820779604416
7.015266115998888         -0.05097696175878945
7.044815854733804         -0.0491845372617786
7.045598667100617         -0.04913739575927186
7.058637114755635         -0.04835480877932807
7.092947422357723         -0.046318868081013306
7.0967072488223675        -0.046097826646291834
7.097124766307217         -0.04607330579418545
7.107732232804685         -0.04545184629009552
7.111454824553693         -0.045234546491352834
7.114242210377753         -0.045072053663239776
7.150270017459079         -0.04298842748221215
7.17825006763985          -0.041391548236918145
7.188630138323342         -0.04080387498164186
7.198052840341926         -0.04027262437062905
7.211649161588756         -0.03950979045131182
7.223551381980572         -0.038845617470392294
7.243892524176927         -0.03771749698263284
7.2848140432461985        -0.035480898641502646
7.2904771308162655        -0.03517372503618181
7.314076879028212         -0.03389978624523176
7.317714099286721         -0.03370432667244072
7.336270624659795         -0.03271078655854071
7.352059737615239         -0.03187018256358871
7.367325358075683         -0.03106181415685065
7.367418719037697         -0.031056883568154718
7.387966697767333         -0.029975606972712208
7.408273240559172         -0.02891467412524873
7.428638242237195         -0.02785831361864823
7.435944373881673         -0.027481196096973932
7.456660469306141         -0.026415430584531503
7.464987637761926         -0.025988158380832627
7.484107591480451         -0.025008954592646005
7.513184600125357         -0.023538791463258803
7.513418990824597         -0.02352697899599531
7.513463550408633         -0.023524733419377154
7.513549592470233         -0.023520397399749055
7.53296421186754          -0.02254340216260253
7.535301274016314         -0.02242608206771672
7.5682412167033695        -0.020779065267382074
7.572815311903968         -0.02055132681873679
7.581118401274793         -0.020138530254729347
7.5946522224514155        -0.019467329375750846
7.6042351218836135        -0.01899336797937676
7.624900438557971         -0.017974937800992994
7.627355336370682         -0.017854287373285593
7.642643012205866         -0.017104533715833016
7.656372420606607         -0.01643190158512609
7.673822651548803         -0.01557909086678108
7.682184243700064         -0.015171289127384989
7.684744756648259         -0.015046519367994882
7.698468947245314         -0.014380476511670653
7.701520303740881         -0.014232577814589791
7.717896433842133         -0.013439981978847269
7.722241300722807         -0.013230018832474724
7.738316303531465         -0.01245439255409091
7.754952059906755         -0.011653680460669735
7.761040828280716         -0.011361117021045879
7.769873971038196         -0.01093716460394319
7.792452603606343         -0.009856057107095896
7.805976495775207         -0.009210275924753547
7.825723525334497         -0.00826867656514421
7.846672420042033         -0.007271032746591571
7.857597142000847         -0.006751283870510925
7.86307095681715          -0.006490997615353187
7.879068453262192         -0.005730807411095701
7.889506692439802         -0.005235198531942481
7.90057709964408          -0.004709927318484301
7.9363491193982405        -0.0030150930817812224
7.939612786174189         -0.00286065348435776
7.973021593684895         -0.001277058602171849
7.973640454185477         -0.0012477519026358296
7.977488146010232         -0.0010654987073194185
8                         3.876454384343264E-17
