0                         0
0.001305189720750294      7.459577348693192E-5
0.0025337995953775717     1.4482249256169924E-4
0.004454502535638441      2.5462391948241007E-4
0.06524000881377424       0.0037390315431956814
0.07986912634211929       0.004580355613465845
0.08850064501694635       0.0050772548145807065
0.11713488449275308       0.0067285346346166435
0.13320655596040615       0.007656862730481451
0.13618799135716333       0.007829194817854882
0.1593586042881452        0.009169766721604503
0.163721379230363         0.009422433753234625
0.18143784147983885       0.010450433417701513
0.18246992262662973       0.01051038434868127
0.18687223702001665       0.010766182944046961
0.18867826522436204       0.010870983803311893
0.207522745244138         0.011966795839479034
0.21517779257726208       0.01241313684060502
0.221752730955166         0.012797052620204655
0.236166115964324         0.013640447593951941
0.24686145018341568       0.014267867548767115
0.28430429314830974       0.01647501793990499
0.28518490997101364       0.01652712709360686
0.2854599949086313        0.016543406701217178
0.2858916125693103        0.016568951762488706
0.2865347025858891        0.016607062334229664
0.2868592913733192        0.01662627976909008
0.28880388663114226       0.016741442519007985
0.297413965770282         0.01725200847091839
0.363145678300353         0.02118530733650405
0.3757794874256617        0.021947552073507376
0.389337180667977         0.022769122167190948
0.4170970051884144        0.02446289039973238
0.4412129393034264        0.025946952999182118
0.4495110694819057        0.026460323700996706
0.481028560432772         0.028422844996504746
0.5081803941105819        0.030129604855758323
0.5182461011013443        0.030768376429577554
0.5184402714833024        0.030780720781814618
0.5260885460202849        0.03126762902616331
0.5292800713247919        0.031471502418470645
0.5383106850861087        0.032049809345588015
0.5554231478278421        0.03315148151454686
0.5713343475278765        0.03418234044227732
0.5799694491868483        0.0347412631853881
0.6041347900405396        0.0363206343515497
0.6099931513147145        0.03670643178520233
0.6227409276565528        0.037549854336696296
0.6561044870770528        0.039782746108273925
0.6594379515172704        0.04000778682494361
0.6660051741848731        0.04045208221159795
0.6745793789155353        0.04103404393073296
0.6854892721973426        0.0417776268540939
0.68618627411946          0.04182524983311888
0.6863636282990315        0.0418373698935255
0.7273221196560987        0.0446608880439183
0.7789703786100743        0.04831799594993711
0.7809242922153135        0.04845854179631011
0.7973198027351523        0.04964417790695425
0.8079857027028459        0.05042190534102613
0.8176719038645623        0.05113263874741314
0.8683512794514525        0.05492022958823896
0.8847398582688387        0.05616982361456811
0.8916331449290177        0.0566990389132006
0.9096730270893705        0.05809238028058103
0.9236257235854668        0.05917986510383389
0.9410482330766703        0.0605498207434984
0.9507623577759247        0.061322357934293116
0.9724972747171159        0.06307046547796133
0.9875922435423706        0.064300465142063
1.029704637500881         0.0678041854215558
1.030137081044362         0.06784070876961881
1.031486598765769         0.06795475758718436
1.03419076039176          0.0681836127752563
1.0858181257050963        0.07263586813636067
1.0867142074342293        0.07271453724282187
1.1092127429392953        0.07470530953962283
1.1150660314206404        0.07522935181128389
1.1252900815281803        0.07615120920713339
1.1409633156554162        0.07757815517214504
1.1533745956176689        0.0787216057690675
1.1552608239012465        0.07889642716473848
1.157546933025992         0.07910867973404606
1.1700789151416147        0.08027938871867608
1.1815188562872494        0.08135869069764103
1.192966522027389         0.08244885737458137
1.2060328110633338        0.08370555746839604
1.2150500510641933        0.08458052835389307
1.2342569906272074        0.08646277311020759
1.2395115898396867        0.08698294182019987
1.2492731943351654        0.0879554781594519
1.2542460384560812        0.08845424221376677
1.2671485446261102        0.08975880065512361
1.2675822943709325        0.08980291918925326
1.2694707569977288        0.08999520182371668
1.2909402032953217        0.09220397624671405
1.2979527605066903        0.09293449336086956
1.3070666754795677        0.09388900560908571
1.3204977138418283        0.09530815476912427
1.3377797377596246        0.0971561158683875
1.3426043935376049        0.09767641725772608
1.3458123177791284        0.09802343043203691
1.3579636358287996        0.09935248432375045
1.3656040150264865        0.10019565699699481
1.4029400361296627        0.10439929593743638
1.4360996294784227        0.10824871587040581
1.4446629377329419        0.10926005525476183
1.452326878116706         0.11017753464525468
1.4538666374729228        0.11036193344252157
1.4793448608817041        0.11345501684952644
1.4917392885434368        0.11498825674208454
1.4946998560077263        0.11535725492312016
1.5024642609467358        0.11633005568019332
1.5064374507168217        0.1168260607701426
1.515370421591304         0.11794910219509946
1.522356434972945         0.11883496339999694
1.559875588044942         0.123706521475866
1.5626083883226893        0.12406885963832935
1.5811764784436027        0.12656161027604612
1.5837387697937197        0.12690938805157215
1.5999550178637485        0.12913173595096464
1.6268890040087411        0.13290429591248623
1.6483885220276375        0.13598860259457562
1.6578567542928704        0.13736308307506823
1.6719201265945471        0.13942779477034523
1.6950307030279141        0.1428670533982007
1.7098753155523065        0.14513550477128442
1.7253041118345727        0.1475319008147123
1.7365271044531836        0.14929981879508397
1.743166088791655         0.1503554530063853
1.744510633134341         0.15057013156414134
1.753114713663313         0.15194908165172566
1.754539408106195         0.15217838293826813
1.7602477950893824        0.15309989843318159
1.7662888255863025        0.15408242629156232
1.769525516032417         0.1546115085668534
1.7983765116915715        0.15940958339863315
1.8200481015451948        0.16311063882764357
1.8269244543194587        0.16430235936036916
1.8296484973346532        0.16477677102477772
1.8626487742047557        0.17062839943787422
1.8861855908004042        0.17491979573140398
1.8864276530542279        0.17496472543725097
1.8896821001241788        0.1755700094085653
1.9043159952156694        0.17831877481229522
1.9129640317538135        0.17996811856289713
1.9367908621777161        0.184423214864078
1.9588155175608066        0.18873653050614564
1.9656620893425316        0.19010225612286685
1.9811270818031084        0.19323059740070522
1.9941479626907057        0.19591123645110187
2.0060914594158232        0.19839632864364454
2.0228103660786436        0.20192916398137364
2.046350040964517         0.20701030867607742
2.0582357777216953        0.20962345151671635
2.0835426531339274        0.21529360347678098
2.1052486944869337        0.2202722163257621
2.1110021042374987        0.22160623541680952
2.126545606226548         0.2253077819370443
2.144603634811602         0.22966153506623282
2.14843575202241          0.23059300318784062
2.171234085141582         0.23618922948714735
2.1760475720562917        0.23738274557990977
2.2045083082869477        0.24452492001844425
2.2293450026821144        0.25087682928203214
2.235123302899251         0.2523705394507148
2.240417734663433         0.2537444461771915
2.2492226224709175        0.2560404945611924
2.261882489155044         0.2594603768837293
2.269990812006515         0.26167359277503643
2.3034579390880072        0.2709522508478445
2.3265687814080422        0.2775643214854359
2.3322167448293936        0.27920044262435306
2.3344277976799406        0.2798431115132132
2.341190304548069         0.28181627072364296
2.348644535333425         0.2840044558607916
2.3571705600132598        0.2865084676924129
2.360068464953939         0.28736253122365507
2.364633737743106         0.28871106081663744
2.3860690187928886        0.2950929095280712
2.3901721041697304        0.29632392786686473
2.40109408116036          0.29961552271593866
2.4026511517063054        0.30008652964111715
2.404715725698477         0.3007117263935767
2.421007425150658         0.30567208694001463
2.4374298497174722        0.3107205545744659
2.466322368449667         0.3199960040771331
2.48018254020994          0.3245396759744786
2.491853872641074         0.32831677185017233
2.4963549997043373        0.32979134850583464
2.5026010739775213        0.33184432846576845
2.545136032738319         0.34603367380087396
2.5454121804271934        0.34612698439294864
2.545497384024699         0.34615577787594337
2.5762632752782717        0.3566482467024675
2.5944693611500496        0.3629470203005033
2.62982139544184          0.37516917986124365
2.631628610034483         0.3758080194387623
2.635902713711576         0.377318824072166
2.6684287416221926        0.38881306508743435
2.678298528922524         0.39229985440381976
2.6848181995562923        0.3946028482576574
2.69417754556249          0.3979085480572739
2.7180900504721253        0.40635238507844323
2.744363521807356         0.4156265883499959
2.7675720077135266        0.42392933471037153
2.7862164573281145        0.43065357355831035
2.806193071841113         0.4377485329621329
2.829376306644807         0.4461310059217706
2.8438146181329076        0.4504144900641997
2.86631233793369          0.45808362249997525
2.8663331850140024        0.458090587287303
2.880620589764782         0.4628342475597699
2.8806567831435017        0.4628461892862926
2.9022841526938556        0.46991411188101273
2.915344402641624         0.47411664405519455
2.9292164777772833        0.4785262922850601
2.947004617750017         0.484099206631046
2.9576659926905235        0.48739541789736673
2.9778123657897844        0.4935342390947552
2.9978491265531106        0.49983785053296464
3.025609884599154         0.5077830441300966
3.0347431687204702        0.5101967965604358
3.0491337802196794        0.5137988187843279
3.075687874826502         0.5197993906327067
3.092598349484186         0.5230829333327216
3.1029607934891343        0.5249133057500583
3.1214191432343776        0.5278316258906272
3.1345463417528285        0.5296404616826941
3.137256291522078         0.5299792679987825
3.1438950805641075        0.5307805893037411
3.1647121291830174        0.5330291481444096
3.171969991733187         0.5337189462784209
3.1946451516906174        0.5355603752777376
3.2092964168855307        0.5362882820159981
3.2133193893246874        0.5364330854836524
3.243276375180433         0.5367652240475074
3.258905722473605         0.5364162654304849
3.262390320543832         0.5362896439582505
3.2977876648135793        0.5335581951181673
3.3047681899646544        0.5327820595138357
3.322988805359536         0.5303269417985801
3.3368626011337996        0.5280412907434693
3.357771095752219         0.5239168706724635
3.3738556246483133        0.5201878062930781
3.3753439941518066        0.5198182904474211
3.3834115021812603        0.517743313227254
3.3886663017247347        0.5164742956757047
3.389606578615552         0.5162385651588934
3.413083417258469         0.5095009626959536
3.417178288391349         0.5081579948429117
3.4325991057927316        0.5026532953802836
3.4389214451730203        0.5001921491544317
3.4505798781152746        0.49548641575288177
3.458983526541445         0.49187620538181337
3.4615092024725986        0.4907475412617115
3.478273732749119         0.4829313753568964
3.5101373411075123        0.46652075758520156
3.5414796186082893        0.4483908395130912
3.5486095944440765        0.4439912645665999
3.551959436180542         0.44188900781106655
3.575086599830281         0.42676068256484634
3.6033741028525945        0.4067974176043303
3.609252581793106         0.40244728242372463
3.613468190898542         0.39937921510005087
3.615382536630227         0.39797582838293366
3.626795084402216         0.3894778575203351
3.6277806483372355        0.38873342157066404
3.633334628164531         0.3845068628781513
3.6342839589539606        0.38376812716765485
3.6425793563015736        0.3772745394594059
3.6536114758391705        0.3685318890086684
3.6586750625924607        0.3644783235680247
3.6595814948040246        0.3637499853826626
3.6601983893391306        0.3632180063882246
3.682954421948803         0.34323317470414844
3.694761652340483         0.33258669799671087
3.697977065406368         0.3296545874630257
3.7075208067286733        0.3208690355021081
3.739278965103602         0.29074317537551325
3.742951957001864         0.28717059722527444
3.7500868359472874        0.2801784113909427
3.807586605678475         0.22087346354385723
3.8180053021004086        0.2098034934971528
3.83198474933564          0.19479393385373847
3.847272251974956         0.17799723447013716
3.855514054852468         0.16878303054200414
3.90173488684888          0.11504799796485371
3.9260674769114847        0.08902881735693949
3.933086427629707         0.08086833029104548
3.942869364904176         0.06944395955010088
3.94703107132783          0.06456619515630335
3.9604871140361846        0.04872227294953902
3.9699832388959635        0.03747419300716122
4.000661578791107         8.808881629096318E-4
4.016001519371162         -0.017342458242500497
4.019632110233181         -0.02164823920812427
4.032298599728495         -0.03664864238741001
4.060584340679814         -0.0700244847485837
4.077465932314139         -0.08986379360277631
4.08025718094979          -0.09313830549311755
4.097930655490765         -0.11420875496432545
4.098991426258101         -0.11547505849330938
4.119976783585118         -0.14056478317468515
4.140144112425032         -0.1624620588332728
4.155630642204265         -0.1788081514158283
4.169507500512555         -0.19310922161062488
4.186523254981738         -0.21188542078022074
4.199139814037151         -0.22553517754623073
4.210347398475614         -0.23746623509412934
4.258372948223206         -0.28671050903056083
4.272954381309589         -0.3009042069688745
4.284278272894635         -0.3116834871935392
4.292151272139481         -0.3190523893537337
4.350805824397714         -0.3707123567401498
4.362888290971027         -0.3806445487321577
4.373408979052904         -0.3890955174681794
4.373955145803347         -0.38952922046872407
4.375299583229712         -0.3905947086494256
4.376487341766666         -0.3915639827368481
4.376750880030012         -0.3917741379967577
4.378087238759439         -0.3927453003884583
4.38171483888744          -0.39547135998743677
4.3824639372799385        -0.3960313440163191
4.425395936924403         -0.42643953178384947
4.45121233913481          -0.4431298912105657
4.492111933168933         -0.4671192861751153
4.493819058580934         -0.4680552217330401
4.496146017531556         -0.469322546144385
4.527246100211133         -0.4845902905746501
4.581174154425184         -0.5063590641032161
4.590083042876217         -0.5093807554662775
4.598279139655049         -0.5120168106674327
4.605924155820993         -0.5143513415497062
4.611521861449924         -0.51606025166101
4.611817372558518         -0.5161459720026307
4.614650029454518         -0.5169577591621533
4.616915265949401         -0.5175940381865297
4.627695769445377         -0.5204651017949231
4.673884826531628         -0.5298276406505413
4.703160893635391         -0.53329469373564
4.704616397439688         -0.5334171122582853
4.706537051608942         -0.533571411970573
4.724345579093948         -0.5347713362608071
4.741497055941276         -0.5354606204451078
4.771873150035472         -0.5355584948235518
4.776970598742088         -0.5354342776734339
4.77770547274629          -0.5354130363218113
4.7836799444025           -0.5352091685779019
4.806376327026518         -0.5342471602755796
4.8246239442272625        -0.5334059760881045
4.826977368639017         -0.5332669743489866
4.840079564327224         -0.5320890716409673
4.840575666036862         -0.5320389325055012
4.840577008134743         -0.5320387963165546
4.8706868239059045        -0.5282390018673517
4.870844199739436         -0.528215230378742
4.874356327879898         -0.5276741446645318
4.874671716038461         -0.5276245641633266
4.875395580999658         -0.5275101515192717
4.879135090821599         -0.5268545409916744
4.8852548235848445        -0.5257443083933299
4.914288461536932         -0.5198457455071663
4.9200714042363085        -0.5185463221706431
4.947276558359551         -0.5129647139263184
4.953259899590609         -0.511662394617716
4.981815867361038         -0.5050757855627784
5.000011924824255         -0.5000470776579043
5.0239252438081765        -0.49307889871805344
5.04711661488585          -0.4858889509648622
5.054823389923028         -0.4834647017656889
5.07595801452483          -0.4767271332001165
5.08488753190492          -0.4738410732960643
5.099991320347662         -0.4689061963882913
5.129612342773085         -0.4590336903939619
5.1423245674872655        -0.45471781645068754
5.163339724144697         -0.447479043121092
5.176057396887151         -0.443035427579196
5.18100632589331          -0.44129341875286154
5.22257364074289          -0.42691439210910037
5.232205725580183         -0.4235214881066844
5.253023775515396         -0.4163522311259992
5.258532009738993         -0.4143218362394089
5.269227541107529         -0.4103943844933141
5.307634725044993         -0.39645470829326024
5.328313702916361         -0.38903850757276487
5.335102949177851         -0.3866201169480331
5.338471869104052         -0.38542309957561166
5.342587384612016         -0.3839635281235498
5.359049240990121         -0.37815523030620946
5.400957753740653         -0.3635845252357715
5.4089612366640045        -0.3608371612900388
5.431597228652052         -0.35312813008415683
5.431683505874059         -0.3530989201931868
5.470565240592983         -0.3400493443277
5.471834949642849         -0.33962043074298154
5.477680351953728         -0.3376504170107017
5.513679878566236         -0.325684134162581
5.517255900630887         -0.3245110797104093
5.52268779650587          -0.32273463697570176
5.523508917380298         -0.3224696398992503
5.556744390666195         -0.31187407541658696
5.577710522059696         -0.3053209197829952
5.605947340217545         -0.2966552890866434
5.628445641827752         -0.28988224835134596
5.63944440183201          -0.2866506157370493
5.640546048086381         -0.2863276129815081
5.642060604748324         -0.2858779973323604
5.650779584368796         -0.28330391895618273
5.675419857486597         -0.27616084033038274
5.681347621943016         -0.2744713795714158
5.7003588168457595        -0.2691288246465385
5.702347376697116         -0.2685766718573521
5.715902987578027         -0.2648464404631958
5.715946101422682         -0.26483484437303706
5.771775587002126         -0.2498933483849624
5.772022000293137         -0.24982908003747634
5.810626784247225         -0.23994256295330527
5.8108400403677924        -0.2398889546177535
5.833706628757681         -0.23420486195427986
5.83750889958326          -0.23327202569518374
5.8617865607503425        -0.2273986407466077
5.897739891856404         -0.2189636777809979
5.905370989634183         -0.2172137597974918
5.9410442386792885        -0.20922104447013246
5.959071697743836         -0.20529953227249553
5.9829831279483585        -0.20021990191857833
5.984734338480509         -0.1998533424582503
5.998713098257206         -0.19695783809982917
6.008198662647403         -0.1949902272507221
6.0133061711884235        -0.19393853630698143
6.03847308836729          -0.1888058831960304
6.050686445022625         -0.1863925842540979
6.053323997235883         -0.18587332765181222
6.086626862181667         -0.17943466806747427
6.10105544614996          -0.17671281785176207
6.104671100105241         -0.17603716575882908
6.119845294831197         -0.17322962249980944
6.1607507633786085        -0.16588682858180634
6.1613066287164715        -0.16578931346662282
6.163720830636532         -0.16536649658774322
6.197339144853183         -0.15960469208934863
6.215209809996829         -0.15663677571138124
6.222073963193192         -0.1555143078151278
6.238670498606157         -0.15279737218558487
6.257436367948373         -0.14977979018792398
6.261364389508234         -0.14915509122790413
6.263601674162201         -0.14879867805631924
6.279778384003577         -0.14624795954864314
6.289744765832571         -0.14469950716518531
6.2910236206668655        -0.1445020858120518
6.307827944658056         -0.14196167602809773
6.320515443121115         -0.140069098777935
6.321634132021162         -0.13990327665958407
6.324631255249104         -0.13945985572320949
6.369364540786015         -0.1329869405868254
6.375973971121546         -0.13205365150614817
6.381798290027105         -0.131236153581313
6.381982579012931         -0.13121036225636365
6.385485598277505         -0.1307227906133892
6.406585894054049         -0.12781674413142288
6.414722503531275         -0.12671025014541518
6.449210697087716         -0.12210749423881417
6.451929350799797         -0.12175067127299864
6.4662537327799345        -0.11988509220607929
6.4699971726913805        -0.11940156963305222
6.474106166186926         -0.11887264782197722
6.498825338672532         -0.11573100910572229
6.506614769707798         -0.11475534104984095
6.528606581562215         -0.11203947068306595
6.543681959702212         -0.11021546113637458
6.564403516530541         -0.10775837412955411
6.582250819570993         -0.10568856855572352
6.5896188859758205        -0.10484263889759862
6.592605351360705         -0.10450113139568311
6.606886537993172         -0.10287897319295987
6.607709387964447         -0.10278605843641023
6.626348700195684         -0.10069797781871756
6.641267161375568         -0.09905001149694766
6.642104805910074         -0.09895809499879997
6.648070060072161         -0.09830540246916845
6.657097571223053         -0.09732727630746747
6.676514707544297         -0.09524754936008396
6.681809070628512         -0.0946861928193782
6.704799678402427         -0.09227690597806419
6.716333307751339         -0.0910856281381294
6.724244540640919         -0.09027521312292036
6.755670937123101         -0.08710990411380316
6.75959177865865          -0.0867210414738854
6.762655338868188         -0.08641710483483785
6.786743103824194         -0.08405860212038613
6.7896848896785835        -0.08377498860624844
6.803392879903042         -0.08246131035447421
6.819959045207831         -0.08089106248297705
6.833317742513267         -0.07963865884467644
6.870923143885179         -0.07617933492126207
6.873675581851778         -0.0759299780905174
6.877497102384583         -0.07558463633076606
6.879806840629703         -0.07537639689102962
6.8806935519687435        -0.0752965541588863
6.886895137692216         -0.07473970161839068
6.918580527844242         -0.07193646849083715
6.930293454665849         -0.0709178676172741
6.931165928712061         -0.07084213551097113
6.933241848514736         -0.07066296671982816
6.957763317379346         -0.06856543323199304
6.999833488803271         -0.06504785833525968
7.0045425815220135        -0.06466049442249323
7.009633052672651         -0.0642432020192287
7.01646280931419          -0.0636863970507504
7.0206066539047285        -0.06334981476081686
7.033380277652728         -0.06231822268242165
7.060938436836832         -0.06012319461830428
7.086011958684075         -0.058162349785157386
7.086979593352406         -0.058087369821276665
7.088899767284124         -0.057938732049697204
7.089510622330721         -0.057891489185706906
7.092446240041893         -0.05766473792983162
7.117620572516923         -0.05573295435888628
7.122970916502703         -0.055326414614656344
7.13385186522513          -0.05450399143099179
7.137581850728297         -0.054223408350768595
7.183519718022662         -0.050812902647500865
7.189613216272149         -0.050366765917274944
7.217809704390348         -0.04832956813712547
7.24219270655974          -0.04659245340249149
7.251097265619808         -0.04596374513578158
7.289941143917249         -0.04325669366390323
7.290383057923777         -0.04322622899206513
7.291385490967496         -0.04315715098848703
7.314725642350963         -0.041559656674312676
7.357696124663705         -0.03867316539546621
7.362956411457205         -0.03832467180481964
7.367693757418611         -0.038010494203489634
7.379259476387354         -0.037246020856691806
7.386417207038205         -0.03677472531438505
7.426319577718003         -0.034171513681515636
7.448193136373856         -0.03276193077099005
7.454497107745156         -0.03235798048771782
7.4748432386682335        -0.031064433697122855
7.4781354139600404        -0.03085594872266859
7.484295084365152         -0.030466487475390634
7.511744409986554         -0.02874250455709045
7.552837886265159         -0.026192866230379155
7.574549378681812         -0.02486092291176647
7.578390874496423         -0.024626347281549638
7.581142643385066         -0.024458515801251076
7.590044498490901         -0.02391680208078019
7.600215887077455         -0.023299509561936254
7.638345222475493         -0.02100139810138641
7.659163366563486         -0.01975726849089832
7.6645483797792355        -0.019436670500552304
7.670638831131662         -0.019074082669049974
7.6768203590093815        -0.018706629030903518
7.690273011993662         -0.01790888897909895
7.707083918432186         -0.016915736110606497
7.718510726051736         -0.016242175807493417
7.737594631643756         -0.01512069733091538
7.748008653882822         -0.014510522195045244
7.765769515239676         -0.013472834822456675
7.786223719671524         -0.012282397802467024
7.788002808174244         -0.012179112743094
7.804463940523491         -0.011225265110590481
7.8241759614723065        -0.010085565418184504
7.834636643517518         -0.009481524344405405
7.8470866658291305        -0.0087633062054041
7.849617040858613         -0.00861742607551412
7.86594817364233          -0.007676661243014901
7.871677580311472         -0.007346923384601914
7.875296779091235         -0.007138714333651476
7.879320774784128         -0.006907292673586839
7.88430536776428          -0.006620736123196006
7.893228718447661         -0.00610804899482424
7.924190832723459         -0.004331917052514331
7.942756972030336         -0.0032686133330479365
7.996517195142639         -1.9844929067449964E-4
7.997688423839123         -1.3170690358291817E-4
7.997718185369893         -1.3001102517395268E-4
7.997734358331801         -1.2908945539996745E-4
7.998580131622128         -8.089713361997452E-5
8                         -1.7602924798225115E-32
