0                         0
0.007702006264683636      4.401227455123693E-4
0.012913141540976239      7.380963390344261E-4
0.025944915804346696      0.001482920523480917
0.02971102806302478       0.0016983196774920958
0.06760395749274561       0.003869287013220963
0.0882765288740705        0.005056514439994995
0.09805532645961994       0.005618812883365682
0.13007292918133478       0.0074630343402754
0.1335222970848992        0.007662006871764942
0.1338828014784484        0.0076828053576606815
0.1442022728444643        0.008278423493075771
0.16363991620716392       0.00940168554439353
0.18802899873321763       0.010813598662103161
0.20034059574566104       0.01152920327080281
0.250147552393152         0.01443001992044287
0.25027834335052307       0.014437690552491712
0.2504193286304271        0.014445959337204217
0.2506117246349673        0.014457243821764866
0.283837656047496         0.016414014070958837
0.2988637566275326        0.017304161556160293
0.30800721437788636       0.01784741104594747
0.3485078518222298        0.02026683833786989
0.3885646110901578        0.022681732958711443
0.39761203626304936       0.02323020010770674
0.4239982244091974        0.024836136115697974
0.42443083125609166       0.024862544799701396
0.4262984250649903        0.024977331749025323
0.4264078345153194        0.02498405047112042
0.454872216930498         0.026740098338570616
0.47374755856185324       0.02791344749188261
0.48531218706716317       0.028635837179242406
0.5063600981770622        0.02995697655189564
0.5426309229712429        0.03226075071635478
0.5564732829968955        0.03314900964163368
0.5569116698726895        0.033177222425545425
0.5610950579826455        0.033446700367108284
0.5669397814958042        0.0338239597852738
0.5727598067748307        0.03420048834832762
0.5822737853931774        0.03481778084188947
0.6158285502896154        0.03701255993596191
0.6340389185513496        0.038216102658805276
0.64650403033343          0.03904663976586918
0.6561324414231577        0.03969190045913851
0.6596404756979061        0.039927804032940106
0.664371074679456         0.04024660435913427
0.667512615795511         0.04045874993578592
0.6700173093715538        0.04062813771169685
0.6902455845817572        0.0420042013916314
0.7131746171301135        0.043581339657188085
0.7191966813014069        0.04399861505735641
0.7291059679463472        0.04468800840877201
0.7629081399886278        0.04706554733759741
0.7648239382021471        0.047202365213961726
0.7738875234554798        0.04785048809408349
0.7868796091795631        0.048781715431130836
0.8160204689424478        0.05089734794279837
0.825641987016926         0.05160404859470746
0.8260684169184346        0.05163548448293869
0.8261475714004084        0.051641320534570066
0.8693925224708227        0.05487098813961977
0.8776238626255222        0.055495052936326915
0.8825974039409097        0.05587357042611754
0.8907294153174804        0.056494812028830825
0.9236367802584722        0.059038470104571666
0.937211471638135         0.06010682745134889
0.9378960445154805        0.060160995972100145
0.9687140851152589        0.06261593695161313
0.9765007488785094        0.06324478724116381
0.9922301471765973        0.06452563847623402
1.0017375232071317        0.06530666896827474
1.0304006273003272        0.06769253612341213
1.0317451701634508        0.06780560390357099
1.0367643076431208        0.06822859315443477
1.0432753003050028        0.06877944939653031
1.065420222842329         0.07067167034407386
1.0674220638378398        0.07084410735840968
1.0749864045289634        0.07149776762923009
1.0913740697122232        0.07292513077986588
1.0962636499999856        0.07335674842502757
1.126328992556379         0.07605013756905811
1.1357964875682374        0.07691324877810916
1.1526386673443905        0.078465751951488
1.1684485107706428        0.07993205231851984
1.1730140620218186        0.08035863063697253
1.1922266327839397        0.08217232053058174
1.1957763912724686        0.08251070825620756
1.2213339454605938        0.08497728800632778
1.2327456296395236        0.08609795970668116
1.2413572485145274        0.08694990161143083
1.2623833770885031        0.08905258117332165
1.2902402116835112        0.09188769019299506
1.294404003010796         0.09231551111331215
1.2951459621770791        0.09239235207936003
1.295838712411443         0.09246420022639529
1.3247990211678522        0.09549721894954878
1.3258360135224927        0.09560736818517138
1.3301970708077548        0.096071768398969
1.3520033727121463        0.09842221525359535
1.352407163068924         0.09846618418574567
1.3855641138883548        0.10213192318265009
1.3876789527615752        0.10236943828087268
1.4088653106418807        0.10477652419857782
1.4106919065626409        0.1049861893513136
1.4121484047311732        0.10515361602533611
1.4269895500180243        0.10687192263626097
1.4302148035404305        0.10724830400617104
1.4334388747947306        0.1076256043116437
1.4655606076256886        0.11144239397129735
1.4759616230823853        0.11269052352748019
1.485209836081936         0.11381434618752276
1.5081706328741054        0.11666989644066304
1.521928822256644         0.11840531299221467
1.5278047959665337        0.11915729201092168
1.5441670288696514        0.1212747857271872
1.616062420659929         0.13098940822957897
1.6250138907013287        0.13224542155984254
1.626997034535863         0.13252502812823988
1.6282683698966338        0.1327045322231133
1.6319760575984783        0.13322917760124853
1.6342451850652921        0.13355110460892639
1.6427104350357435        0.13475772540371064
1.6471119813096013        0.13538862475909785
1.6999552495632366        0.14315050626294681
1.703020510902395         0.14361137208354025
1.7066233479878465        0.14415455254722348
1.7355169327912614        0.14862792419885704
1.7369553631651233        0.1488535356298819
1.7459576077090313        0.15026530232550547
1.752788735834839         0.15134681187542573
1.7538731814035982        0.15151931370034122
1.7687581683031246        0.1539095289912903
1.7707355218292504        0.15423020262118078
1.776264938801994         0.15513084981064285
1.792191209415518         0.15775727218382607
1.7926417528647922        0.15783226947945997
1.7948516219420965        0.1582006792982828
1.795582935109964         0.15832280071262583
1.8061722786747985        0.16010244051880967
1.8084668192870654        0.16049163225837532
1.812749400536615         0.1612205225144208
1.8540387014086352        0.1684145316601215
1.8655067012745996        0.17045380930868684
1.8923586922224969        0.17533893966206604
1.9048581958951947        0.17766563835365998
1.9109997991689713        0.17882112006258347
1.9137812446774163        0.17934707998101493
1.9420856182993342        0.1847864895192177
1.9460668237021437        0.1855625720993498
1.9475641471486511        0.18585515673223352
1.9493851843220442        0.18621151345059794
1.9948231768745028        0.19528686078578772
2.0158274105737606        0.19960139052186626
2.0293835870769152        0.2024505124462846
2.0397448999562187        0.20465937055088027
2.0638384230025792        0.20990023784709105
2.083659615195165         0.21432138732980732
2.092847962821847         0.216404427724833
2.1131277750179205        0.22105410831213815
2.1289331753957406        0.22474232511884532
2.1416853290892393        0.227780714621916
2.1465471043508186        0.22894681472761436
2.171163853641107         0.2349164940277696
2.189921240427227         0.23954031420629693
2.2266303288209626        0.24886585483624224
2.2389319650425463        0.2520728262559897
2.2393588371705744        0.25218484742491243
2.2444580136319483        0.2535180360164339
2.2477342389012147        0.25437805841537997
2.2535674956194587        0.2559159882836998
2.27442030865292          0.26148372013052
2.2963076920614425        0.2674452182919744
2.298994786836669         0.26818540280912073
2.30699250702321          0.2704246135919576
2.3140747950151415        0.27242028766777776
2.33597113759781          0.27866617399877225
2.35353156004139          0.28375807500661376
2.373220203313247         0.28955475376007667
2.3817217310787218        0.29208640030016875
2.3860127458731935        0.29335234820514755
2.405922790969784         0.29926298593760137
2.422024457850563         0.3040872266797045
2.4265470401904015        0.3054853956937037
2.4327253560943998        0.3074075719333041
2.447192629367179         0.31196339188388006
2.4534261370227615        0.31395003597884164
2.456338854006579         0.3148832194552081
2.4620070539269947        0.316668705507267
2.492460874855645         0.3263723968233796
2.5033442858535913        0.32988552786160324
2.513333289025839         0.3331309319848513
2.5294639287728793        0.3384141465093248
2.534899145898007         0.34020612279531776
2.5543761763222106        0.34667108709650396
2.5787714200609937        0.354869405491189
2.581754249810376         0.35587951778179155
2.590626021440849         0.3588937862246202
2.5939677913047365        0.36003303060096786
2.600335629562785         0.3622097202312347
2.623885211344109         0.37040824651786614
2.64155510600608          0.3765269924950939
2.6428806401193796        0.3769801821658691
2.6537646140197846        0.38069219554670386
2.6754943148235633        0.3883976720232482
2.680854429536216         0.390299985701809
2.684529811363896         0.3916034862116869
2.693786212943169         0.39488309619069023
2.7234784847622744        0.40537198791418994
2.7330378403108018        0.4087387077477944
2.7568113400319456        0.41709007870184456
2.762587387263324         0.41911452237169367
2.79909020910957          0.43188855039682994
2.810502265475538         0.4359009073739152
2.817665692145166         0.43842405432228976
2.826923965319179         0.4411626462209679
2.8365432544568083        0.4444180902376384
2.8523791468982123        0.4497225854651157
2.8651712109381293        0.4539576917650927
2.876804109067355         0.4577703848602459
2.8929827518911337        0.4630117521970648
2.896848219842119         0.464253503279847
2.9096559969574596        0.4683388562325246
2.9209038222194876        0.4718898240226917
2.94942224932546          0.48073892172665267
2.9673598313525407        0.4861365871615061
2.9817048057604945        0.49038611307352825
3.003879470918567         0.4967765611679094
3.0061377291979317        0.49739457763147155
3.00911578516069          0.49820031522818475
3.053026220190389         0.5088573063746096
3.0998975243729965        0.5177046550266207
3.1124533666366094        0.5199392968161234
3.1143088094602693        0.520260969719141
3.119420035890868         0.5210530017394118
3.1224927181321487        0.5215184995867118
3.126962283216776         0.5221813516691959
3.1384000496129434        0.523800607722158
3.142421332193739         0.524343594455747
3.1661258994292076        0.5272662204693097
3.1683231966495016        0.5275130457416203
3.180977650504484         0.5288549946398194
3.1860489645017958        0.5292826650821486
3.208076099928849         0.5306233617996247
3.239774409615515         0.5310780021902837
3.2425352651180988        0.5310352177673449
3.2686261875810323        0.5299790395817272
3.2730393593423655        0.5296838188750065
3.304056536622143         0.5266572906215388
3.304092879731715         0.5266527671281442
3.3049140157040084        0.5265499536353463
3.349763246400743         0.5192678787042885
3.363620687201278         0.5165669237659998
3.367691698533381         0.515629439830407
3.408755574172649         0.5034641486629899
3.4228040875043075        0.4986038812668118
3.4474641554205627        0.48914335397784575
3.447514696488878         0.4891227288816206
3.450102443686336         0.48805995102865507
3.463117744129463         0.48251369392978666
3.471206638496697         0.47889784620670695
3.490503863641147         0.46980634964927126
3.516757303206771         0.4562403615729682
3.5204567248051664        0.4542178192582442
3.5228324652964           0.4529045086170067
3.577113523656895         0.41981904597397873
3.5825760994107716        0.4161627668927065
3.5842705164780626        0.4150465622038165
3.6082294323711377        0.39864679044436546
3.6332409854995102        0.3784237947152952
3.6556066654302883        0.36225482870122466
3.674303731369829         0.34599310690501306
3.6863909428109007        0.3352408303800714
3.690262751637782         0.33175686725788067
3.7190239599744768        0.30527271710618786
3.7239909447977055        0.300591164151502
3.7280199223019777        0.2967703904621988
3.7688828356290873        0.2568386204239863
3.7727668817282964        0.2529312338631051
3.79371734479535          0.23152004416150065
3.7993052279117774        0.225713844446329
3.800474771164624         0.22449892934056837
3.806109967367492         0.218622021351275
3.8571775908809043        0.16361977628337257
3.867073915338012         0.15284208850447306
3.869834190508302         0.14974321700376905
3.8785251136585805        0.1403752018620393
3.883923102301324         0.13453324704319097
3.9062071232021474        0.10965978465058714
3.9156006395031087        0.09908353592591078
3.931004208928282         0.08162345710109686
3.943103934468404         0.06780633113867701
3.959968400504615         0.04839847849572894
3.968050783788823         0.03903537347212509
3.979818014002623         0.025331946340539997
3.9800007457346602        0.025118478481780605
4.012680103118116         -0.013892519217175315
4.02681332274142          -0.0306944898925689
4.047026956183531         -0.053979878982209156
4.047042995621989         -0.05399838269939729
4.047452574642041         -0.054470903340964785
4.0483187690430835        -0.055470300701220034
4.071999557906386         -0.082840816519923
4.075936853405323         -0.08740058505621445
4.087500546217038         -0.10080729267958541
4.111810590389389         -0.12906403060594335
4.120027368084058         -0.13863690638778367
4.1290467113747615        -0.14907279634840076
4.1329552902319975        -0.15358802541249877
4.184978466213433         -0.20752168033442633
4.194136222154348         -0.21655184101607006
4.196214686420928         -0.21874634065485526
4.199890824856828         -0.22265785864642837
4.2009852442118305        -0.22381924899049652
4.205748305079172         -0.2288571917917438
4.210264008357285         -0.23363601073377843
4.245693368544532         -0.2700996715897472
4.252471677514032         -0.2768676301773834
4.255302004142869         -0.2796738409881953
4.259553862387613         -0.28386755429006993
4.295771944111111         -0.3185235245629539
4.304447875618617         -0.32654176637953347
4.316454743434003         -0.3376821284198796
4.330443572811688         -0.35035956772625476
4.338902534402224         -0.3573879303621037
4.344195968694873         -0.36169074828059977
4.347632980134657         -0.36444524090890085
4.362170549642827         -0.3762723133002878
4.3796385885981675        -0.38975863500252916
4.389349862148845         -0.3969140861966214
4.409008285507378         -0.4105088679167642
4.444155924873061         -0.4330840215346217
4.462639781552245         -0.4440652009521321
4.468615171022868         -0.44748380392123227
4.483313562296598         -0.4556198637006739
4.503361451670401         -0.4660910184365159
4.505214817347697         -0.467022564767557
4.505802059699022         -0.46731643888845326
4.521617261490217         -0.4750901270448561
4.559705273600253         -0.4921161937374512
4.5839468015653715        -0.500976978607137
4.59535798890931          -0.5049599516496857
4.602398082520443         -0.5072413818742167
4.631977403662285         -0.51536056906843
4.64017678211518          -0.5171918623156021
4.651666243796302         -0.519451740977922
4.674643793875324         -0.5228990951451769
4.67689642605193          -0.5232325172362674
4.682339484444509         -0.5240073019507263
4.694783534819175         -0.5256146124454538
4.706645609303378         -0.5269342949770721
4.710448443245625         -0.5273134720732415
4.716756545479794         -0.5278954483256448
4.723083908698033         -0.5284202885603605
4.725567954058572         -0.5286102056134571
4.738059994670259         -0.5293137933260081
4.748917285580613         -0.5297281320702996
4.77594880336789          -0.5299631207112491
4.7785373180320985        -0.5298606064413125
4.78792067105266          -0.5294412572186757
4.802443056548094         -0.5286447170751241
4.805953571850085         -0.5284252680312507
4.827351110008209         -0.5268611893859998
4.827898693723148         -0.5268160567563919
4.828150157166883         -0.5267952453987721
4.842467846980399         -0.5255216597619778
4.844346351723411         -0.5253416347474209
4.864735127205717         -0.5229695161295047
4.869882837693393         -0.5222773937333952
4.8833922131066405        -0.5202540792624482
4.883825825965636         -0.5201841725355072
4.908444582472604         -0.5157087578431877
4.90955688300901          -0.5154830546393413
4.91582715636006          -0.5141727102721836
4.917920533869353         -0.5137208666171956
4.918832619013993         -0.5135217474831782
4.921885828600956         -0.5129583706059018
4.98732345476937          -0.499005910189028
5.007986492526267         -0.493129640293772
5.018944390250214         -0.4899330379305533
5.032141291604907         -0.4860093755798367
5.060284410049433         -0.4773722117611926
5.074995334063288         -0.4727112470946393
5.089965135249453         -0.4679529489626036
5.10260851615473          -0.463890068569922
5.133075545560283         -0.4539339069219356
5.1342825547668625        -0.453534650128186
5.1345514058173904        -0.453445668995416
5.135770579695581         -0.45304193234331736
5.165924461702276         -0.44293691259140416
5.194582550494722         -0.433120461417245
5.21167915314785          -0.42754513617966766
5.253101257497052         -0.4127825205905282
5.2695367899833325        -0.40697706881576745
5.2874623576874455        -0.4006790347002979
5.291706161052321         -0.39919315447524706
5.364863834976761         -0.3738886503093198
5.3665247120058925        -0.3733152777306382
5.36690004905073          -0.3731856997638022
5.37038827951535          -0.3719814004847965
5.371249863255555         -0.3716839266781981
5.371430143397455         -0.37162168168949616
5.373057178567442         -0.3710599064747604
5.380563787735855         -0.3684677835772781
5.397948170187978         -0.3624630078182878
5.448044402335265         -0.34502426080845283
5.452977510625621         -0.3434017809429372
5.464326473678828         -0.33960499196499555
5.480256411615263         -0.3344326769655176
5.499164913932833         -0.3283191537770421
5.512707440025733         -0.32395707279609565
5.5283548463109575        -0.3189702884287186
5.559724029714704         -0.30914507529322754
5.566397246889755         -0.3070845575035074
5.609624792398246         -0.2939886475918592
5.609650723791031         -0.29398092244904805
5.6097856736177985        -0.2939407224870021
5.632582101008399         -0.28719065277233724
5.664905697254937         -0.2777848994398779
5.683718079195116         -0.2724149413890181
5.69662266731996          -0.2688531336764131
5.702280848136504         -0.26737067631738765
5.702356017620893         -0.2673510823692972
5.707170109814772         -0.2660028179001235
5.707275671303628         -0.26597334981999216
5.718866433330516         -0.2626856592535151
5.718946719481724         -0.26266305431535036
5.725933305443537         -0.26073149144670205
5.775319066962064         -0.24771435406431597
5.777957180118895         -0.24703545246530328
5.829568376402266         -0.2340893174128433
5.830755449362665         -0.23379906659879485
5.8347867599612675        -0.2328158943087977
5.845706943064857         -0.23017221084455938
5.848303289496526         -0.22954786483101955
5.872995598499752         -0.2236908650912385
5.907418311182915         -0.21576978440332106
5.916094819167645         -0.21381804847006258
5.920414677143713         -0.21285297310787762
5.940041209999119         -0.20851731464934198
5.957177651477706         -0.20479741319396258
5.967943792184242         -0.20249166481860503
5.970435952339773         -0.20196137180252277
5.98516864497239          -0.19885293864671083
5.999808603002869         -0.1958089002850114
6.021295905370561         -0.1914220427323342
6.037358065272807         -0.18820566036130928
6.050855262970755         -0.18556301918728232
6.053600252974339         -0.18502804255170668
6.077793403319846         -0.1803717343613452
6.090934268344349         -0.1778868132661294
6.105037895164488         -0.1752544697432788
6.110308113456668         -0.17428002361494355
6.1159987567316305        -0.17323621702470254
6.148282068747298         -0.16743519769638096
6.160022025091271         -0.16537645534813772
6.177860033731983         -0.1623002280717864
6.190122657928572         -0.16022179147862528
6.192036486557335         -0.1599014591020003
6.209614398833674         -0.15698312972234998
6.232539502214322         -0.1532416067351667
6.2355955382645565        -0.15274836276134113
6.244499029803335         -0.15131874354089572
6.246215444387565         -0.15104468483014122
6.248168177276135         -0.15073345060549
6.273507884510929         -0.14674849810986815
6.284597655902857         -0.14503592907340213
6.295586995848324         -0.14335774092471287
6.3069735303247665        -0.14162262295059
6.317173535059685         -0.14008777516368923
6.318925938934036         -0.1398255437844608
6.371314436514428         -0.13228125699605275
6.38236020723943          -0.13073516109471814
6.4133507406970605        -0.12648022297359918
6.414196032762961         -0.1263658777394186
6.417374348709247         -0.12593675066557256
6.424332982569396         -0.12500170266397345
6.449499899180195         -0.12167601297110826
6.455992073863886         -0.12083128838719975
6.461639165237503         -0.1201009189904283
6.491426532846487         -0.11631606829679605
6.499287089277326         -0.1153362731447255
6.509350079516059         -0.11409352204317481
6.519724776079674         -0.11282587875244844
6.527875769720797         -0.11182892003224096
6.538087674081919         -0.11059062283845958
6.544586611571641         -0.1098087773618231
6.5493461190467155        -0.1092382185659835
6.573367124260056         -0.10640462135976009
6.580389787550084         -0.10559070607384277
6.6265091703084416        -0.10040484810209131
6.632913938437614         -0.09969952227875971
6.648084352164191         -0.09804333023849035
6.655257160099067         -0.097267332979242
6.716437495069428         -0.09083312092836246
6.719241262413556         -0.09054617530378448
6.725198505387523         -0.08993879831698881
6.72849871197167          -0.08960281731403229
6.73334683491253          -0.08911118835257012
6.739229073711062         -0.0885177923448818
6.747071152459286         -0.08773197261851161
6.78512340428284          -0.08400226071823393
6.811519195584977         -0.08147441478731092
6.816057182244607         -0.0810447047278928
6.822377220317306         -0.08044887952035655
6.822886231596378         -0.08040102543609028
6.82321319363969          -0.08037029696957515
6.823838880368772         -0.08031165647272358
6.831194843491739         -0.07962436126446643
6.8357363688191946        -0.07920197964110588
6.836184954018892         -0.07916041023509593
6.837072166467895         -0.07907823550031827
6.839958314753638         -0.07881129628649633
6.874315154254512         -0.07567822553896718
6.876569285810459         -0.07547554225313552
6.903305158321441         -0.0730985573990303
6.921191860008375         -0.07153613010186277
6.9235746483111225        -0.07132967328972312
6.928426944768899         -0.07090910561843594
6.92980307285261          -0.07079010254744784
6.951112271259424         -0.06896265807495326
6.968456527131584         -0.06749646765889948
6.96928683634449          -0.06742675556282086
6.969853476052792         -0.06737924438612924
6.991754023317094         -0.06555764179384037
7.007568838966254         -0.06425913345888473
7.021692516997535         -0.06311103942693153
7.032042277955149         -0.06227664656472139
7.045531223814645         -0.06119796509003664
7.054132027945594         -0.0605171587448177
7.067488117415815         -0.05946717079346956
7.07422744531128          -0.05894069717847193
7.077037022777368         -0.05872187538273428
7.081950537639825         -0.05834125622967638
7.138071134813775         -0.05406879752648237
7.154487409577599         -0.05284504918207616
7.163881430195889         -0.052150072028096295
7.171596801087665         -0.05158216740495562
7.1716012023775555        -0.051581844182090525
7.1865066438545995        -0.05049207170667941
7.2411189826039415        -0.046573541570697694
7.27882775036046          -0.043937629659181104
7.289654044794808         -0.04319138077806757
7.308237769605595         -0.04191910084818907
7.3145332608026745        -0.04149109890111618
7.318268009339773         -0.041238633224358154
7.326365621591542         -0.04069254135250384
7.339667905512176         -0.039799314457542354
7.351638258400808         -0.038999627645474266
7.359568978304477         -0.03847195162939718
7.370769136437874         -0.037729647340713136
7.41249272322948          -0.034994314230646244
7.415216338976723         -0.034817400119545
7.419455225649439         -0.03454246095110214
7.426304571397192         -0.0340992344000793
7.42692333747366          -0.03405930508279829
7.427487442628713         -0.03402291329449212
7.460625520763976         -0.031902217171250274
7.471809346078453         -0.031194099036144403
7.476535771802144         -0.030896312645092447
7.47770367930871          -0.030822336660100126
7.488321178320064         -0.03015333631502289
7.499883151606693         -0.02942759477278381
7.512164668613677         -0.028659904678069476
7.516026685435132         -0.028418796334891958
7.523831639271757         -0.02793456027758907
7.530003524480575         -0.02755205002067962
7.543660228129177         -0.026708225477863903
7.5520427683400655        -0.026192033597675093
7.564631117033327         -0.02541935265984936
7.607624349923904         -0.022803049858305047
7.608833234716341         -0.02272999106277113
7.612117531952513         -0.02253164485528172
7.657968624945956         -0.01978394629222754
7.67042687216984          -0.01904425160548144
7.674006241303507         -0.01883227460493623
7.678982964679837         -0.018537576016819095
7.690193826922405         -0.017874807439932038
7.711406751140294         -0.016624852204454022
7.731092219804409         -0.01546972321951657
7.743676200925798         -0.014733736532241318
7.749707502260358         -0.014381662316590601
7.769285984685678         -0.013241781242833584
7.788178198305312         -0.012146208595315545
7.792772277994811         -0.011880440955197642
7.8213250231612905        -0.010233388152098604
7.8380537554915986        -0.009266165066454685
7.844993347336689         -0.008866168696067791
7.850788439205267         -0.00853230709670328
7.885226462216942         -0.006554161812265978
7.885513944060672         -0.006537671095511585
7.90768169267988          -0.005267190052115141
7.917797275713744         -0.0046881787973424485
7.93651811775191          -0.003617820603953587
7.942756972030336         -0.003261466298393442
7.9628029487125005        -0.002117654169867818
7.994367196282667         -3.2020772206053146E-4
8                         3.881410081752526E-17
