0                         0
0.001300643732032886      7.306334094340648E-5
0.051343719952067796      0.0028904486488713446
0.05155092161677201       0.002902139174466731
0.051619134965885834      0.002905987885529044
0.07508146952119224       0.004231110143692664
0.09071162575064068       0.005115362143742068
0.12489478475559676       0.0070544704662319725
0.12987007628057617       0.007337040184989817
0.17313372474603064       0.009796913776780457
0.17424775178679489       0.009860293583728696
0.18576456206379027       0.0105163508017061
0.21320640956415554       0.012085731028985715
0.21486878302543452       0.012181079348050475
0.21502376588898867       0.012189970279884315
0.21591453815232242       0.012241066006921344
0.24008100779349378       0.013630553987370987
0.25581506688332734       0.014538914393814086
0.25752281559838336       0.014637647034811588
0.2625016314903832        0.01492545751253299
0.26392066337886944       0.015007523731932629
0.26897449375071003       0.015299930104806386
0.295213681342891         0.016821362817561206
0.3265860542086341        0.018657058855272902
0.32878650814598276       0.018786485142446355
0.33925023493975337       0.019403067336800032
0.3628991396820359        0.0207993520837405
0.376536968983198         0.02160871815140956
0.37831965533871026       0.021714740246499803
0.403861254346457         0.02323948776109875
0.4247982878389684        0.024497314946857578
0.42814342557029067       0.024698943824827152
0.4300112972888014        0.02481160980053512
0.43340181475000167       0.025016264244702862
0.45406761411193874       0.026267733904769806
0.48109200901238525       0.027914802213996358
0.49712345489556703       0.028897521965933724
0.5173562227843322        0.030147366930606444
0.5297847512568274        0.030920926017720465
0.5393202205322628        0.03151741584095993
0.5602866110284898        0.03283811491814498
0.5708636932560314        0.03350915197570478
0.6018622724273156        0.03549421992146431
0.6148266533628437        0.03633257946167128
0.6234497671614123        0.03689286831240571
0.6393257903084796        0.03792998146906289
0.6563188605261921        0.039047161669506954
0.6721450214733191        0.04009450492841562
0.6824402364313652        0.04078020298642044
0.7152641447976565        0.04299214997391572
0.7189235628088273        0.04324109169555196
0.7218630057925601        0.04344032161382212
0.7560969364897835        0.04578686459451012
0.7870853527444643        0.04795260694883697
0.7903558695199975        0.048183488887528096
0.7930720565492976        0.04837557313376447
0.8280929851623262        0.050879436692230606
0.8589065606912725        0.053124305313360654
0.8617881762311685        0.05333624174666057
0.8642623201902395        0.05351848268594547
0.9000890338348689        0.0561856978019754
0.9267781851089386        0.05821705452166555
0.9314597424113764        0.058575419761707916
0.9330829602631561        0.05870007525349652
0.9737563816615807        0.061870954612115475
1.0171258692120868        0.0653523424810261
1.0362115221698762        0.06691720956771545
1.0440622256423153        0.0675667235166221
1.0532015062571665        0.06832711952175145
1.0864492269425208        0.07113214817218275
1.0985667170103066        0.07216924656125334
1.1001231064287151        0.0723030320099665
1.1292489602218423        0.07483096579999046
1.1388848250466181        0.07567879631810374
1.1392562257274859        0.07571163267818405
1.1426666183084269        0.07601370114262912
1.15423702707862          0.07704589194918159
1.1552132734111744        0.07713350293542089
1.204875837660207         0.08169486408536111
1.2071378328405138        0.08190746685407821
1.235296877162155         0.08457833053479669
1.235635860701055         0.08461082176144943
1.2413207063820009        0.08515692726877956
1.2550154819238355        0.0864819399306033
1.25586418823211          0.08656449426029514
1.2646914882520188        0.08742617272168314
1.2666691043675216        0.08761997860710632
1.2667469252845516        0.0876276107307505
1.3065865873675677        0.09159140473599986
1.3106146180026361        0.09199845745149801
1.3189672740946417        0.0928467694008141
1.3355022943326473        0.09454802773195738
1.3493163131626829        0.09599166836800094
1.3571114623326133        0.09681528059999656
1.375518325353088         0.09878579626681719
1.386695754858168         0.09999838294493273
1.398375758671704         0.10127658754531285
1.4029746796288143        0.10178308628743356
1.40556933915977          0.10206964860015832
1.408721761670105         0.10241842022857067
1.4193903390352898        0.10360493095253649
1.42824455788219          0.1045969034052079
1.4318583248285186        0.10500365653510783
1.4514154940878987        0.10722394085680204
1.4605635385281956        0.10828183657025812
1.4724923600827424        0.10967345128106021
1.492261827517764         0.11201002581953086
1.5134771631434312        0.11455712134030552
1.5226659954472166        0.11567761209418717
1.53684794026646          0.11742747425530406
1.588112523602759         0.12396044145755918
1.59621898033277          0.12502119428902655
1.5988148235604722        0.12536268231667747
1.6129207029680694        0.12723372516053572
1.6186224351589518        0.12799739536312502
1.6186506437295183        0.12800118407838412
1.6186672573720842        0.1280034126104741
1.659096649757236         0.13353381101887968
1.6770753535865717        0.13606202146707333
1.7085829867098834        0.14059497147416
1.7097889400910213        0.14077105754244718
1.7113468518368653        0.14099881687757754
1.7134582426902056        0.1413080003892852
1.7503101957761826        0.14679862980407302
1.7644547167660143        0.14897002627487851
1.7882289715631638        0.15265216232891152
1.8084110764473647        0.1558630343396701
1.8134332045676642        0.15667270897443708
1.8198099357201905        0.15770690710004964
1.8282581756637941        0.15908763558416034
1.8380918539996498        0.16070995909101635
1.8589055967992942        0.16419754962532832
1.8745522865778474        0.1668674693161955
1.8874684049364807        0.16910257472386514
1.9094950795400278        0.17297917700719687
1.9154104213347023        0.174030718304666
1.9230054939677808        0.1753893982027773
1.9290554313501103        0.1764785406692104
1.9444060257117834        0.17927631473081734
1.9548336607709027        0.18121872236671327
2.0038203090928675        0.19060757781820103
2.0244958281686394        0.19470085764666756
2.036364552963295         0.19709296661463777
2.047329210587839         0.1993210334707188
2.0609619556280263        0.20211560440060536
2.08519343496559          0.20716455247128476
2.094512271374272         0.20913932365722632
2.1183181321315327        0.21426747167568178
2.1403645976264425        0.2191235393295445
2.1506500384998217        0.22142423673804748
2.1557891567965117        0.22258216389728228
2.1606109793243142        0.22365875982128394
2.165774241654939         0.22481903786805588
2.168380767925519         0.22540769657435367
2.185969087847405         0.22943115381997362
2.1955355133128514        0.23165706663829008
2.2022697528847743        0.23323984334836692
2.203991409853258         0.23364659448115907
2.2139803445366493        0.23603929648464203
2.228854994117725         0.23963975674940924
2.253352394947001         0.24566712355605463
2.2819060458330314        0.252845914376333
2.3124329896199827        0.2607034834099299
2.314218844673635         0.2611690031149689
2.332998389071938         0.26605406273671767
2.35210370062279          0.2710695958303458
2.366395978628047         0.2748517691744743
2.3816566291316965        0.27891479885051834
2.394048016377723         0.2822806215092253
2.408062051734002         0.28615924414490307
2.422199283505518         0.2901619451590586
2.424571905734183         0.2908367057833815
2.449498774173915         0.29797780932717544
2.456884398197905         0.30011190945450195
2.4603859338941105        0.30112660494673227
2.470846496211747         0.30416909707706274
2.4741605306971843        0.30513648693407214
2.4993913673053547        0.31255662246043203
2.5132132372100653        0.3166603329132493
2.5238891601783755        0.31985339886755076
2.5433827052750875        0.32573631948156595
2.561334683783172         0.33121412343087586
2.585749361316548         0.33853484524665167
2.596371286830499         0.34176969768854837
2.608270424821998         0.3454106903857098
2.60893327984786          0.34561404959485303
2.609452308191033         0.3457733231079975
2.6155678137486755        0.34766556625037676
2.6220238409208583        0.34966399632807543
2.6663453288642276        0.3634063246442306
2.682134063163849         0.36831141379216054
2.6902798896470688        0.37084405787468344
2.7117545619779806        0.37752726986698115
2.7238808345568746        0.381305266870776
2.732097704422148         0.383924836586932
2.7375451280082594        0.38565268132836783
2.7427467391558666        0.38729599817416405
2.7706647125953174        0.39600647457613897
2.7817751188475226        0.3994215978850247
2.793193483485076         0.4029184709475231
2.8038183096751825        0.4061470981797663
2.8157501358598482        0.4097439034399169
2.832668472832023         0.41479130425617894
2.832740330088337         0.4148126105906607
2.832846636065014         0.4148441292462825
2.8642853613940407        0.42422769217038814
2.8852944848917708        0.4295687220053874
2.8917890151983565        0.43137459026281466
2.906398873293657         0.435387306670601
2.929071039153008         0.44178965908372514
2.948863553506606         0.4470459217577206
2.965488015694024         0.4512210502296492
2.9778161270048726        0.4541757993601125
3.008461500540328         0.4609991204785091
3.010984829089698         0.4615400120904955
3.0116204869100613        0.4616757124766707
3.0439544683555746        0.4682827102025706
3.059789344456139         0.4713067962415847
3.074490117770919         0.4739897927552711
3.1029319596290055        0.4780441709776072
3.1197786004258403        0.4801203704432293
3.126618906128395         0.4806763080202533
3.139217473947344         0.48210487752488684
3.141694204612896         0.48235824973195446
3.1533535458350412        0.48342976280047995
3.1724758129266437        0.4846629677395398
3.179298255538586         0.48498524892782824
3.197527155242039         0.4855426942781891
3.1975279929897713        0.48554270974159186
3.197531418832739         0.4855427729671322
3.218354299870219         0.4856387010311628
3.2408630576839768        0.4850938350360124
3.2533339200545455        0.484501882998518
3.2635002581834858        0.4838561123027239
3.266415167217577         0.48364791691142556
3.2757018180102593        0.4829161600481293
3.3082330649020646        0.47953084520145617
3.312028421174381         0.4790525831535025
3.3152434788441276        0.4786338276917076
3.3613049928365624        0.4710048033684363
3.3707789465449114        0.4687923533300178
3.389843581974575         0.463674953150181
3.3970860896917574        0.4614979328573168
3.3974852093760033        0.4613742326290176
3.397597716343597         0.4613392926642886
3.403184325762305         0.45956539609908914
3.404101646666016         0.4592668275722735
3.405824453803938         0.45872176715282076
3.418691745009924         0.4545137764210565
3.4637873721315238        0.4378580196235167
3.4924575216332157        0.4257250363339542
3.4961355262688842        0.42408168036052296
3.499225907697009         0.4226266084678046
3.51775242918928          0.4134975081364689
3.536833589284131         0.4037255756323259
3.5540419336294393        0.3943443241690392
3.571203591212012         0.3840741887738116
3.571574566212153         0.383846005427867
3.571665329032072         0.3837901382303542
3.5834198075019654        0.376422636791012
3.5865228123877944        0.3744339300130612
3.610778008562673         0.3582584472856194
3.620460293660126         0.35148929205693613
3.6373679603555464        0.339787534085509
3.6402786944849628        0.33774235015135307
3.663920029166966         0.3207973598715758
3.6828524112762873        0.3061407127742976
3.6901877522847135        0.30030946055237767
3.708194497154132         0.2856336779686307
3.7113488901017977        0.2830099528578924
3.7150241569576767        0.2799331094352751
3.732146201095424         0.2653170432432658
3.7587777510366314        0.2416607978994953
3.762542850033919         0.23822573516930112
3.769053235378819         0.23214609827748733
3.7862246021707193        0.2158537119858887
3.7946726878974877        0.20777218515169224
3.8109672388579137        0.19207316397312965
3.828692454403894         0.17482867775917582
3.8490929222616352        0.15482127642943852
3.8768081412698043        0.12736535964754903
3.891547671451482         0.11263482794009895
3.898887897634068         0.10526569732372458
3.915241033974615         0.0887683505483646
3.9161683757938266        0.08782952990236848
3.919362617590438         0.08459303713863527
3.9274470774574985        0.07625602526216611
3.929737764440256         0.07388441515468612
3.9716969855379975        0.02971136197147075
3.9825918851638864        0.018894520738769113
3.994665513455391         0.006162372605559924
4.0031824400983815        -0.002806373607614563
4.012080716010369         -0.01216546767099956
4.016566520719112         -0.01687922876282972
4.037499568353906         -0.03883747084229683
4.042822249945234         -0.044410701256636216
4.068772932074767         -0.07042226809732503
4.085489470954707         -0.08720423182803277
4.089033073398081         -0.09076434088514376
4.114315460800951         -0.11694065499583971
4.124071898931387         -0.12700593504899008
4.126008463179585         -0.12900140883058936
4.147231488944668         -0.1508180930803502
4.162350641505872         -0.16595720010209453
4.165972754951989         -0.16950921049357726
4.194786780595075         -0.19673456417911125
4.205103576740814         -0.20653429731781017
4.205409119880223         -0.20682259810798773
4.218099312898335         -0.21869864379863885
4.229831723601901         -0.2291943104310325
4.252352404068516         -0.2489763043098798
4.259949847408617         -0.25554165308183807
4.267901555304273         -0.262354681768117
4.268155893339909         -0.26257394798211176
4.2682762692545255        -0.2626777039727269
4.275223384126676         -0.26864307162739115
4.30724345016959          -0.2955643069227423
4.318781806683411         -0.30503416481998197
4.342862974017985         -0.32440377360053163
4.344506790764514         -0.325706524026232
4.34533382755491          -0.3263610237720521
4.3456500043152015        -0.32659934849039557
4.348270472659756         -0.32856722781984177
4.367153790825775         -0.3423599675815497
4.371541432584344         -0.34558835688623746
4.391215787102174         -0.35942404364244346
4.413389242742333         -0.37376168414875904
4.426825298382936         -0.3818316094723746
4.4268307135428895        -0.3818348099572439
4.449413320249773         -0.3948175663684585
4.44942531172726          -0.3948242668890377
4.457559421102275         -0.3993220974490044
4.478810022227073         -0.41062710992533213
4.4881055428395555        -0.41536952570950836
4.49561605310009          -0.41911116748792143
4.510790690327005         -0.42642527672526803
4.53707513360323          -0.4378494767190373
4.554442642158154         -0.4446943989058126
4.558441610046378         -0.4461911775907109
4.562630670323001         -0.44772727092771125
4.563111315186002         -0.4479014361979007
4.572606383528393         -0.451254132109008
4.57813983271504          -0.4531308020793325
4.579363545337763         -0.45353814975576756
4.628616342755743         -0.46762589681748623
4.634319753936287         -0.46897005785137436
4.664426814676283         -0.4750461474228304
4.67628479069578          -0.4769687530288871
4.696965959313439         -0.47982607386382187
4.697032950186503         -0.47983296191003016
4.697110660258979         -0.47984359854549363
4.710003549141192         -0.4817493916911956
4.746585013027206         -0.48477159507059303
4.756325695901932         -0.48525356969793404
4.773817866230978         -0.4857783416975887
4.789878666077949         -0.48587469537198985
4.819540877826394         -0.48508249943070314
4.822491515498842         -0.48493486178287454
4.849824636012119         -0.4829751207562113
4.853522495990903         -0.4826279084947871
4.869753783014707         -0.4808724759342121
4.888657335095754         -0.4783529388610154
4.929201508983975         -0.47282105894766896
4.937329051670628         -0.4714740215636461
4.93787525877041          -0.47138071691176797
4.938416430303758         -0.471287927431259
4.93924760190435          -0.4711345746575166
4.9438783512949644        -0.4702720788046793
4.954864854460599         -0.4681707576996466
4.957475579978306         -0.4676600327304604
4.95996138429792          -0.4671824448216685
4.973361507016676         -0.4645361026593954
4.9988564850442785        -0.459166590517595
5.005420747998597         -0.4577130778370687
5.0138557395647645        -0.45580264265920384
5.033890643913168         -0.451072487327065
5.061102330114832         -0.4442141111843577
5.093243652748269         -0.4354695800210956
5.097650388757352         -0.4342163162517856
5.123736506200198         -0.42672798425831854
5.1279890065709015        -0.4254813809836633
5.14968946306089          -0.41910691054993343
5.150545174061812         -0.4188558882831984
5.1519768226262554        -0.418435973013425
5.173868039463954         -0.4120241127101063
5.178433677776882         -0.41068898933891207
5.178822175423932         -0.41057541553753435
5.179441626716882         -0.41039433555099064
5.1867808084397975        -0.4082499553156095
5.1948679175726395        -0.4058892498672886
5.248364123555072         -0.3897939643630258
5.26154511616116          -0.385764744895888
5.2617214102787155        -0.3857106248275546
5.271741763658725         -0.3826245334691126
5.277456002312658         -0.38085587630786866
5.2889115437803875        -0.37729099369044206
5.306654263972776         -0.3717190378872276
5.307881289904            -0.3713314293188304
5.329503291890139         -0.3644529912149531
5.335498392634235         -0.3625296619540358
5.3458440936091325        -0.3592396820543842
5.346717382034319         -0.3589627600589343
5.360388713696795         -0.3546435324269809
5.372034031066699         -0.3509880928876425
5.381934336803888         -0.3478975581740797
5.409358044954105         -0.3394191124981665
5.413410663065959         -0.3381764412288956
5.417869489438884         -0.33688639210640814
5.426960852342342         -0.3340574571076859
5.438206436977506         -0.33062733994862487
5.4428912236456295        -0.32920365936731066
5.475575736798149         -0.3193572408259682
5.498646824813411         -0.31249773578006496
5.5039913941613445        -0.31091940733205864
5.512440292249125         -0.30843255277892645
5.533998540434317         -0.30213275017293567
5.553112316193562         -0.2966021564021261
5.588986852519549         -0.28644413028178933
5.599762066991889         -0.28346428661154704
5.601799843477892         -0.28290478691685444
5.610275651552691         -0.2805846075567231
5.614400778322936         -0.279459455944052
5.620789252851178         -0.27772221762353994
5.622339502955258         -0.27730161588977653
5.624218793721844         -0.2767901287145266
5.628858735920852         -0.2755301829300523
5.647616566267974         -0.27047882204394846
5.675951040657602         -0.2629768456616853
5.6791837943494645        -0.2621307389296436
5.680541246959018         -0.26177605283506605
5.744283205585157         -0.24560070278196103
5.746438417512777         -0.24506812709304657
5.749788009004427         -0.24424253631974502
5.751941619474644         -0.24371309332156038
5.754288938906069         -0.24313724870302356
5.757338689953257         -0.24239098376082796
5.772791472982397         -0.2386427428479762
5.776373197401628         -0.23778182747942445
5.821953143239079         -0.22708477529583132
5.825970953667895         -0.2261648507553449
5.839608002555789         -0.22304669824646414
5.844124068621508         -0.22202654847713255
5.859647427529816         -0.2185672124339663
5.895196661511413         -0.21086093495706498
5.927716150344192         -0.20400305900858015
5.930646190890547         -0.2033941486500107
5.93798978020545          -0.20187456170991538
5.963434225440043         -0.19668163918982323
6.0019752190202285        -0.1890293387354949
6.0109294369522           -0.18728829728966637
6.018246779875653         -0.18586747511984683
6.030999888078252         -0.1834142601836482
6.03171258843257          -0.18327802900080392
6.034509720012942         -0.1827460016088217
6.087672334103744         -0.17297279207904392
6.097066052379823         -0.17131377972955675
6.105440364861597         -0.1698564977416595
6.122152863054686         -0.16697737478129912
6.134354510424864         -0.16489988519070442
6.134395917483971         -0.1648928703505834
6.16228180752881          -0.16022282825598358
6.165492770243588         -0.15969203256685427
6.173181864828739         -0.15842679683630356
6.182389652370877         -0.156922479889943
6.192272962696529         -0.1553209202643527
6.196675720394456         -0.1546118408494609
6.200321666813659         -0.15402557914797457
6.212009219232615         -0.15215785883591323
6.217945881326491         -0.15122150530874798
6.2328936611693555        -0.14888865100451698
6.2450435710375265        -0.14701399759063505
6.2551497236993985        -0.1454735869549413
6.273412653523003         -0.14273344039141128
6.289664166923004         -0.14034222710957478
6.310051491476431         -0.13740525970667145
6.328047694435293         -0.13487080978239044
6.331412586770893         -0.13440072181483448
6.336498858920911         -0.1336925403847689
6.337127044588484         -0.13360527522138158
6.33891186282853          -0.1333575744907573
6.378666459076865         -0.12793215689133552
6.406563006959176         -0.12422995785151664
6.420040664702725         -0.1224723152611195
6.421874504202179         -0.12223472237100237
6.427914587356451         -0.12145357632071978
6.4354457630198105        -0.12049134393707218
6.460507905302288         -0.11732967430769271
6.469010110451508         -0.11627553588754791
6.482280153004324         -0.11464893264090098
6.521898632240112         -0.1099280269096355
6.522461517794221         -0.10986241557623538
6.522800337644202         -0.10982287596836078
6.535691417902318         -0.10832589716537816
6.538718396718087         -0.10797647513717876
6.5697952523561005        -0.10443498203758188
6.589160106467292         -0.10227047497531858
6.59105833583329          -0.10206004804889139
6.5975966147888006        -0.1013376400520984
6.602459540643801         -0.1008027259338848
6.614652371958933         -0.09947246860741657
6.630621498052809         -0.097753858563427
6.637417554344449         -0.09703067433280288
6.642338583692659         -0.09650969521869816
6.648245718523817         -0.09588729116817278
6.654430838903972         -0.09524090522743665
6.689486443575574         -0.09163487691795705
6.690361318160081         -0.0915461326491992
6.69990421096198          -0.09058208940562869
6.7153914460844115        -0.0890329576073075
6.716121879197135         -0.08896036629749134
6.741849189987629         -0.08643063487017198
6.74569462730512          -0.08605704230238827
6.760118821306611         -0.08466499978349942
6.794867906696902         -0.08137827388842836
6.810826888251551         -0.07990522311725841
6.812001622497483         -0.07979768185551225
6.816639274729356         -0.07937431828231031
6.818595427816338         -0.07919509602447927
6.819103033032075         -0.07914863554592967
6.839568449960229         -0.07729131216193139
6.844205312022179         -0.07687598820632233
6.845160806944034         -0.07679056554313304
6.864071153202978         -0.07511127595585365
6.87502327749384          -0.07414855601759926
6.879555046279821         -0.07375231690894563
6.904541298184128         -0.0715898534625949
6.917844384877339         -0.0704538760551216
6.923190220260491         -0.0700003439022018
6.9388385560541215        -0.06868187358595611
6.950059161984485         -0.06774482706668547
6.9508807230080745        -0.06767649183193981
6.973507073202838         -0.06581640425170782
6.979246669929289         -0.06534922896203489
6.986665462283247         -0.06474817582938035
6.991646820074833         -0.06434636997837732
6.994033562076433         -0.06415435530518818
7.011638554766515         -0.06274659601770398
7.028572542798508         -0.061409917007258244
7.037894365542171         -0.06068139329908542
7.0415986046290655        -0.060393335241227905
7.103916247846388         -0.05565002395800858
7.1082066129883765        -0.05532943300292484
7.12581163344837          -0.05402197818547873
7.127889490385165         -0.05386851847711796
7.128103315787774         -0.05385273668243959
7.128307132017347         -0.053837695412407564
7.140879532750289         -0.05291211812675194
7.141650978596729         -0.05285554359949784
7.1632763357555955        -0.05127994336961511
7.179637357277919         -0.050101127421523936
7.214918719611325         -0.04759788306840873
7.24122453161807          -0.04576595091091706
7.2498776585694165        -0.04516959410472553
7.251663263376353         -0.04504689333048232
7.260783332058114         -0.04442211196047874
7.2690527747575695        -0.04385837851532812
7.279865495664781         -0.04312524938741265
7.283236441974725         -0.04289700469740847
7.286414556059612         -0.042682176210881335
7.292147948412749         -0.042295503454241185
7.2995304640702106        -0.041799283307786636
7.304065089450802         -0.041495419575166025
7.310756861387321         -0.0410483042969805
7.323112408141251         -0.04022682665833645
7.328536869838603         -0.03986783950124812
7.332013194016637         -0.03963831341710473
7.334298800414581         -0.0394876326486174
7.336023207431703         -0.039373765519043404
7.339930076787565         -0.03911721838167329
7.386925304204134         -0.03606213692666831
7.401032342824203         -0.03515619286890025
7.4056086602416205        -0.0348634091078672
7.432799053763815         -0.03313497534326456
7.439346658133984         -0.03272161109251297
7.446054332116672         -0.03229928946616913
7.460700783225201         -0.03138183871602922
7.473007264171907         -0.03061504221743934
7.501917706367264         -0.028828333883532876
7.529303958089933         -0.027154782353897514
7.531849668318323         -0.02700015311364584
7.536647979718637         -0.026710029021289827
7.54050093261094          -0.026475975648483936
7.557207872325653         -0.025464827618011884
7.57811248713848          -0.02420712222388171
7.5951273705732945        -0.023189590644504834
7.603498105772081         -0.022691026405796205
7.614974180676307         -0.02201064661869234
7.626033509877036         -0.021356733043643564
7.638959091408374         -0.020594659792898137
7.644592813094949         -0.020263241683206354
7.64978833921851          -0.019957998580098498
7.65234463493884          -0.019807953115550288
7.662970469239622         -0.01918524287055599
7.66915250755208          -0.018823687504067398
7.68232353171596          -0.01805518131895903
7.688832813191861         -0.01767592861987901
7.699216628065351         -0.017072348261059585
7.708992235573883         -0.01650571169831902
7.710088300659985         -0.016442275188821614
7.730349530722274         -0.015270690526928688
7.7356081697226315        -0.014967291441391323
7.736068163748412         -0.014940765175203582
7.736969287229498         -0.014888774651662908
7.759270893704425         -0.01360511710629804
7.764550981896351         -0.013303642952225412
7.764930398610802         -0.013281984513070277
7.774477435509323         -0.012737222288041987
7.82394059486265          -0.009920666535272136
7.833464716833918         -0.009380247934792313
7.8683771462322865        -0.00740451438476759
7.884081575815626         -0.006518483732932294
7.884595185331225         -0.006489534617507614
7.9017002293337395        -0.005526448834581718
7.902647789046498         -0.0054731553609404
7.903719080218944         -0.005412910223291066
7.906380017032472         -0.005262877046353115
7.942863307216887         -0.003208333070201699
7.950731749415999         -0.0027658390196160657
7.965358843886667         -0.001943673388146319
7.997758259605987         -1.25634494483658E-4
8                         -4.5926805635586584E-17
