0                         0
0.02126607030642928       1.297529715351089E-4
0.02566015105885474       1.5658535739015108E-4
0.036894760541444         2.2522406189889071E-4
0.03909644627154466       2.386812814273119E-4
0.047513990660635275      2.9010830381682036E-4
0.05523691056686777       3.373183923199278E-4
0.0780481244793166        4.769131692272912E-4
0.10722035473011497       6.556601369890047E-4
0.11332570733492686       6.931015494140448E-4
0.1279475363354859        7.828158837617692E-4
0.1366213416579038        8.360653722286201E-4
0.1634821331011567        0.0010011090857896326
0.1651092595366782        0.0010111137246116009
0.16875329395475325       0.0010335224966239577
0.17708931661857905       0.0010849770072356934
0.18685305323537432       0.0011453084439227957
0.1908740861645359        0.0011701751102474957
0.1943051872929482        0.0011913871915701776
0.2314139851666899        0.0014217304850358565
0.23154916346608684       0.0014225710938117904
0.23989876344282102       0.001474542634845876
0.2471688239552785        0.0015198738321008161
0.2604510381037661        0.0016028364643931538
0.29389711599391843       0.00181281841663423
0.3089573336164163        0.001907871324050465
0.3155462539101623        0.0019495553696473262
0.3367619306448588        0.0020841788646328015
0.3496474982103472        0.002166235383371579
0.3680840308366829        0.002283972330316601
0.37281626522043604       0.0023142556117394797
0.41401227888121533       0.0025804082799737245
0.4200295578804374        0.002619552537675193
0.42177916723124786       0.002630953086195247
0.42282196009239614       0.0026377509563028563
0.42403001560385495       0.0026456289371531386
0.4260926980315309        0.0026590870121523127
0.4305888300295419        0.002688452387477533
0.43856867813221534       0.002740598467628785
0.4743670030511293        0.002976347613762387
0.48203546292600313       0.003027234575562632
0.48995491085224624       0.003079930195607897
0.4978537055344101        0.0031326332584112847
0.5276159894905608        0.0033325155129452343
0.5355934872190564        0.003386483064385192
0.5482542119383684        0.0034724824666949087
0.5550373231350633        0.003518734154134965
0.5748799815342318        0.0036547419560078458
0.5809938482668539        0.0036968608538796585
0.5862177828930035        0.003732928264499796
0.5996568726113203        0.0038260511669881616
0.6339503954177926        0.00406637408828054
0.6380860864741107        0.00409562712746418
0.6390266093217652        0.004102287159260037
0.6391242602595077        0.0041029788180116985
0.6485115058449653        0.004169620156223538
0.6534781702583651        0.00420500069036584
0.6717153265343776        0.004335636144716117
0.6752069236132194        0.004360776278394793
0.67594296032727          0.004366081179966234
0.6817095884818609        0.004407707412440884
0.688892335176627         0.004459772650243
0.6963394188822094        0.004513770714638774
0.7032819571689581        0.004564318613862346
0.7127322708372057        0.0046334482920326915
0.7426304602100245        0.0048546078713291715
0.7498625902397521        0.004908664339684596
0.7603165103029318        0.004987187440607458
0.773503701179644         0.0050868909743089115
0.7963685852434218        0.005261482328026735
0.8028834132787451        0.005311627141478035
0.8173510634369043        0.005423617837704534
0.8417877769093078        0.005614453379113488
0.85009815445784          0.005680189271323342
0.8752831078260763        0.005881993950069185
0.8890696012592927        0.005993280844750887
0.8932612884904009        0.006027325911691076
0.9063540153829874        0.006134293418580322
0.9237879291176814        0.00627820483567636
0.9357823962903038        0.006378194588683428
0.9421717933024261        0.006431784531283197
0.9594337018817005        0.00657769837284564
0.9722927504092871        0.0066874696422864095
0.9819940218089163        0.006770891723529714
0.9910822981144501        0.006849516345210895
1.012566964596513         0.007038092134406989
1.035679383664955         0.007243669466883307
1.0379617772765426        0.0072642017628367465
1.0391025173429378        0.007274467287636371
1.0543179832147298        0.007412228249253454
1.056723114807601         0.007434146851457636
1.0583429316741788        0.007448930597339506
1.0816011109446415        0.007663149203187104
1.0957007750282368        0.007794784997150604
1.1036389344374338        0.007869484708894401
1.1099783028911783        0.007929443847814289
1.1168505860869746        0.007994748744154394
1.1320821892069062        0.008140621541754862
1.1529598856601384        0.00834310210403831
1.1822305178895995        0.00863398733629112
1.1857068037539082        0.008669021640853298
1.1946799468300031        0.008759932351479129
1.197569235462267         0.008789313821509447
1.1988204471463073        0.008802060451564965
1.2284319575845064        0.009107770781329171
1.2290605238624108        0.009114344257763212
1.2424825853171535        0.009255545439695262
1.24765456131933          0.009310380718813176
1.255950827451898         0.009398459847100997
1.2565533392862762        0.009404886171743657
1.2728929471292894        0.009580692235785459
1.3202696801483473        0.010108039778991993
1.3228919598745896        0.010137888073549213
1.362159241253351         0.010592771604912768
1.3704085873594083        0.010690412016920173
1.3728897825117514        0.010719929227333337
1.3810503722935032        0.010817462458125003
1.3840370786281158        0.010853332019417848
1.3885621614147103        0.01090785393953583
1.3943386548308205        0.010977763504027287
1.4132883119673376        0.011209538176680706
1.4438547369108514        0.011591273419718834
1.4552177100601817        0.01173640799895251
1.4725911206392832        0.011961940266463746
1.4808881172831116        0.012071195533158394
1.4927495041356802        0.012229124838726946
1.514198305228514         0.012519899629834878
1.522557904015429         0.012635039373237955
1.5268023567689077        0.012693834505249664
1.5303176899643351        0.012742941113163589
1.5422879095284134        0.012911199984961146
1.5514642705771258        0.013041508192492828
1.5578113432841612        0.013132310091917121
1.5704313876295608        0.013314483399970035
1.580235340464166         0.013457502465342821
1.5929146774938616        0.01364440812593954
1.5993534359703057        0.013739950191208156
1.6143564357091251        0.013965603201012021
1.6512218965637575        0.014538088034974094
1.6534763117653772        0.01457392752262563
1.6556429619808286        0.01460846198471711
1.6714572453088878        0.014863205579398898
1.6888388718704355        0.015148630890518383
1.718363764326468         0.015646694405613164
1.7282792065351347        0.01581759231189703
1.7342576455858782        0.015921516272991917
1.7598835341484989        0.016377065736095243
1.7650657938435705        0.016470907507140285
1.7785116513541284        0.016716467887472445
1.7795455885002522        0.016735371487107176
1.7797694827781707        0.01673946872168082
1.8211292104315144        0.017519235658634946
1.8344703907371278        0.01778047320658353
1.8425921883369116        0.017941828456107988
1.847166026804887         0.018033469432649163
1.8707353736876127        0.018514530473351817
1.8904291301201266        0.01892782820865237
1.8988342640380247        0.019107363495721
1.9145625708316028        0.019448374893270233
1.9213494811099396        0.01959780513204415
1.9404771817618118        0.020023899313568065
1.9563107149392251        0.02038908590445533
1.9688303683754742        0.020683617182237792
2.011221369533424         0.021709423961805183
2.0117963042460434        0.02172378261318443
2.012071248919956         0.02173065341105178
2.013580557205842         0.021768419262882217
2.0471708030037323        0.022629834383569202
2.0561064815622654        0.02286593680175759
2.0640514860065924        0.023078315690833687
2.0844937594624007        0.02363537212329746
2.0944604449673476        0.023912508616638666
2.115957799597151         0.024522638869873974
2.132127714557309         0.024992705347101095
2.15681329327872          0.025728768309443317
2.1613036331537625        0.025868239042619937
2.171568518204406         0.026190688689538253
2.1914968098135175        0.02683107690973743
2.2046941699453013        0.027266396533669083
2.225091727860928         0.027939401647519842
2.232185083938697         0.02818247109480121
2.247799297208726         0.02872864479049257
2.254232415653253         0.028958118151153806
2.2620605109302954        0.029241684289053643
2.275635829550722         0.029742027226586896
2.2946779039966088        0.030462216267874306
2.3009339510862663        0.030702745086184792
2.316226918359976         0.03129990941405233
2.321442931306574         0.03150656879272516
2.3242869656190317        0.03161988914752482
2.3444088317040475        0.03243452947333232
2.3529753634102573        0.03278820122631301
2.3762154626720022        0.033768287466611556
2.395941879251022         0.034623828243977105
2.405716939000536         0.03505581692243185
2.4089242538741167        0.03519871868633191
2.412325457901297         0.03535254353659433
2.413533057086628         0.035407425328187185
2.440724696108583         0.03668013979679437
2.4455875380631564        0.03691520240531309
2.4494822380349306        0.03710509784250077
2.4494976749942428        0.03710586073301862
2.456756603440669         0.03746694402126423
2.470344520591907         0.03815545302951542
2.4996778956299295        0.039697801469645334
2.5188629501238786        0.04074795822525377
2.537190687241834         0.04177361002389177
2.5390428197006494        0.04187846598591292
2.547866479394234         0.042381048625359685
2.5602330963841817        0.0430938985351833
2.5732733130503425        0.043863422973781326
2.5786024534219107        0.044184554381082056
2.5886148584147155        0.04479833192386085
2.614656601245584         0.046458518361995674
2.6202186617359784        0.04682504652991487
2.6413311386836766        0.04821194838886586
2.650907863674494         0.04886626568177605
2.654624909244932         0.049124466814232506
2.6726151577571486        0.050405930826655065
2.6765290828925474        0.05069098028819649
2.6923597111133573        0.05186672877568431
2.7004130851583077        0.05247889394311394
2.7065360430605594        0.052950656014924824
2.7106452478125505        0.05326555034786923
2.713729465103892         0.0535024069427596
2.717629059518419         0.05380250576339752
2.7180276960478507        0.05383322267771701
2.720640142365078         0.05403470488316312
2.738414058733502         0.05541380524658351
2.746346511389951         0.05603396820523428
2.765900930015605         0.057671130927787036
2.776741991676921         0.05860073851484204
2.778669467700116         0.05876765710168077
2.7939676092627272        0.06011002865579158
2.810426492010485         0.061589080289115826
2.8222685214375907        0.06267557706886748
2.828515316883278         0.06325006151211358
2.8457577419832076        0.06486289371314412
2.876634477595219         0.06785061588283309
2.8801111001810025        0.06819502676156278
2.8828714345121322        0.06846963228580985
2.904130662638038         0.0705820071030138
2.908659814408489         0.071053894168061
2.90917039391791          0.07110712632877013
2.9133104599223283        0.07153902808431664
2.916426650252401         0.07184605714324013
2.9644780859627993        0.0767816263693341
2.98117622655414          0.07858524247195198
2.9902622342225174        0.07958582092251974
3.0114956432927005        0.08197679097543092
3.025887022269151         0.08363927533214176
3.0499177308236964        0.0864908477370406
3.056640080913504         0.08730546427754914
3.063108320407015         0.08807578316796326
3.0954701364172204        0.09195809265408532
3.1025288799667896        0.09281115779912674
3.125629243369273         0.09548941033337015
3.1473115832149823        0.09791938877816735
3.1703622122172272        0.10041365155778159
3.176664380289521         0.10111722439735465
3.187456648696445         0.10228903670778355
3.209643284625841         0.10456701960625048
3.2204366405491056        0.10561147361570612
3.234093260867834         0.1068732116359975
3.24124599243615          0.10750740197583679
3.2515391812209558        0.10838788341317719
3.25198453840951          0.10842512300166791
3.252032051620035         0.10842909173727056
3.252368573860354         0.10845717799520053
3.2732997658896843        0.11017481763328033
3.2974770747151494        0.11200153412405411
3.320815897010663         0.11355208352096931
3.3225660727086934        0.11364580521863234
3.324226085366814         0.1137328630712107
3.340962363463668         0.1145107468099421
3.3549370831496805        0.1150211109622082
3.3588214201099675        0.11514047484871628
3.3640053633858376        0.11528453172450422
3.3841689443337373        0.11567912995531418
3.401797938323729         0.11580808964731375
3.409985353076143         0.1157994434018903
3.419177343003424         0.11573793522092705
3.4257850985561533        0.11563824711221764
3.433446937492783         0.11544896366434348
3.435800333652133         0.11537474828379593
3.501324415700783         0.11191435481685376
3.5013558813339394        0.1119119298276557
3.5061353909288675        0.11153507495066932
3.5123814625894663        0.11101710256386917
3.512440807567015         0.11101204276161623
3.5164761926167905        0.11066186833146967
3.516492838033125         0.11066039895241686
3.5231733774735847        0.11005411737343773
3.5801850171305625        0.10353650388008354
3.5802143660900696        0.10353252923723699
3.5895229569485143        0.10223461415277249
3.590013507544752         0.10216443773872236
3.6440780240230617        0.09333921608338792
3.6493525794042947        0.09240104484492016
3.652392261904494         0.0918516093256193
3.661321499692459         0.09020015440371415
3.6658757752750355        0.08925568422202487
3.6780597820130856        0.08678824181134864
3.6816677808323557        0.08605078486859111
3.6891416839903757        0.08450245627764683
3.702447484286394         0.08172036720026624
3.7124037502697513        0.07956389536523584
3.715212769874787         0.07894390702607923
3.7355349824645443        0.07430684139337206
3.7409937087411986        0.07299291466562072
3.7499462204370975        0.07080287253645814
3.7560258018607873        0.06929073058291811
3.7588375500648725        0.06858456745039271
3.760874484774384         0.06807030558147284
3.7678927280439747        0.06628110390784424
3.800871423158044         0.057514243929412005
3.8029113890351867        0.05695248669210446
3.835273212081325         0.048020666434718806
3.85909696807729          0.0413453063740796
3.8768124230795187        0.03632648226881098
3.878539408002707         0.035834714638970026
3.899840030492553         0.029732598325623794
3.9177338815712845        0.02454075035517239
3.9398081427941465        0.018050099626699952
3.942755975565486         0.01717614856885707
3.9621344540873573        0.011388855629969642
3.9624029144383903        0.011308167839976227
3.9630782785776013        0.01110222217021263
3.968081624790114         0.009577564444708461
4.008335821205541         -0.002620801161137652
4.012914182469087         -0.004000513591087921
4.026134793992135         -0.007975803083916811
4.0366167872369           -0.011118320041296835
4.043029415497356         -0.013036779731429885
4.069524657646202         -0.020717699246264105
4.073566790187282         -0.02187372256309507
4.079932777035849         -0.023685880884834823
4.094591545413613         -0.027945353715962337
4.113507042031508         -0.03339562248082919
4.144590911492299         -0.04215148693623283
4.146694136105318         -0.042753390510934144
4.148825795815143         -0.04336199039848062
4.183899781441765         -0.05316744998405285
4.187783149477207         -0.05422894996850711
4.189146089535623         -0.05460036146675454
4.1934314239500035        -0.055764283114757694
4.20301927231475          -0.05834716159922604
4.228928534062879         -0.06518004173991084
4.231598042965927         -0.06587187339506079
4.236539414965742         -0.06711471865129076
4.246428957857448         -0.06956490501900735
4.253353820760006         -0.07125103312449568
4.277918326964815         -0.07683297159054245
4.285054952274952         -0.07841243940085856
4.317949751686937         -0.08544687054536847
4.324105015375836         -0.08677673697540957
4.324517726416609         -0.08686471332985385
4.3474990749587645        -0.09152729430268405
4.369933173670925         -0.09556069630891045
4.37062584617437          -0.09568117179113902
4.403473260698152         -0.10111509660780918
4.409142556274189         -0.1019877691110819
4.425607298783893         -0.10435757763718655
4.459253310632947         -0.10843879663144583
4.4602479077752415        -0.108543878393434
4.464503998949679         -0.10898345176531259
4.47038607406723          -0.10956402369290598
4.482400627862044         -0.1106527645610604
4.4901186154280905        -0.11128336957702274
4.496159684858005         -0.11182537232972481
4.504273772125254         -0.11251304246225943
4.510391244073427         -0.11300093417187723
4.511644118765924         -0.11307644441646135
4.516907272081539         -0.11338735692568591
4.519878862834123         -0.11355840691105651
4.520495791174375         -0.11359351198715704
4.524905691047285         -0.11379015665389386
4.527451009906485         -0.11389801142027206
4.5625148150510775        -0.11496328680494593
4.579693004839655         -0.11531130575434989
4.586715750140445         -0.11539331998076273
4.605650549156713         -0.11544017505364675
4.608288838739521         -0.11542652277891362
4.638105756112937         -0.11492910556866427
4.669008658727125         -0.11374824568056537
4.676163381215961         -0.11337830277058464
4.689419806204057         -0.11259692479402192
4.696325148797666         -0.11206134140215918
4.702612657469252         -0.11172944375191071
4.733895008383222         -0.10937102996364971
4.739179710739219         -0.10892780454243685
4.763193587508124         -0.10675506565363341
4.767076030532051         -0.10639541861404957
4.805381569233446         -0.10272213352783442
4.811395481656745         -0.10212483642436632
4.8290469983978745        -0.10033942064323864
4.830035517665765         -0.10023800998306447
4.830855875869291         -0.1001537360328663
4.872915176658054         -0.09554530468719775
4.883409731170925         -0.0943317577893542
4.88429369998671          -0.09422837831809024
4.887081711851703         -0.09390114081709212
4.903083380960501         -0.09201580290307193
4.915278864244528         -0.09055934401120239
4.9180257427799425        -0.09023279972742837
4.94159020066118          -0.08745422605308678
4.9617383031617575        -0.08511077455089702
4.9706055206422946        -0.08412486154166661
4.981860137082368         -0.08287674300603008
5.002465407214285         -0.08060104599320213
5.007242428711075         -0.08007519493235184
5.013755675755501         -0.07935927366638745
5.050126153899118         -0.07538383166459277
5.073071078213422         -0.07289533220332607
5.081911085548247         -0.07194060682025938
5.094900187709023         -0.0706104121994919
5.095539946609376         -0.07054521041482832
5.1041299432187195        -0.06967261479778689
5.12442142796582          -0.06763252007253856
5.125798788164378         -0.06749511918608563
5.127584394167705         -0.06731719707353725
5.129323306933689         -0.06714311697099638
5.133807489126427         -0.06668552678176146
5.141519608560911         -0.0659120332048977
5.167640306328581         -0.06341900732275191
5.175863367927999         -0.0626746891236297
5.18845765491301          -0.061537898461155593
5.191039756155329         -0.061307327230747014
5.220175721728016         -0.05876445240108232
5.2300306198540625        -0.0579288241330806
5.235229608589894         -0.05749296923291458
5.2549518096466885        -0.0558855489454361
5.257050129361565         -0.0557180350104675
5.258725073367369         -0.05558480406791607
5.271628368925384         -0.05455178259361475
5.289168901785725         -0.05317284680200072
5.302034918936209         -0.05217995654399997
5.318028920349087         -0.05097178446119639
5.353029558368868         -0.04854930600176652
5.355015177530398         -0.0484148071185016
5.359565322490202         -0.04810778294816414
5.362282001780576         -0.04792539733796975
5.364809188436203         -0.04775637103052114
5.36901711720443          -0.04747629492762189
5.388430242659166         -0.046184241069
5.398418861746938         -0.045538889413325824
5.406100408365038         -0.045052874627952544
5.408026348571975         -0.044932173965037986
5.425372563100474         -0.043865925309700425
5.443043895166695         -0.042818298765746464
5.456799277563221         -0.0420297950916634
5.478059095059629         -0.04083721145380434
5.488424499934914         -0.040269556451010935
5.492829083165105         -0.04003108072633722
5.494175567476476         -0.03995850449996509
5.496548162376457         -0.03983099180898491
5.51699374753832          -0.03875180362455293
5.529540811697638         -0.03810695244356731
5.53155185738973          -0.038004828015564346
5.541687135634785         -0.037495323047716196
5.551416995840337         -0.03701433508114816
5.551450117190553         -0.03701272855733351
5.576928830740515         -0.035796228296855095
5.581214729294336         -0.03559663312627328
5.5815224356038655        -0.03558235574447255
5.609320275813432         -0.0343207897804226
5.612097609053306         -0.03419781347210759
5.616435534672862         -0.034006851916125624
5.6366796122502905        -0.03313603148186564
5.6503636356714           -0.03256316134738395
5.65092886248486          -0.03253977204705516
5.655437815215599         -0.03235396664717334
5.674759171836364         -0.03157340242897528
5.677500545097576         -0.031464707029303096
5.691358784038159         -0.030923038290306196
5.700349638681617         -0.030578592797928975
5.7180096435505865        -0.02991085980058641
5.719564323013124         -0.02985296331162028
5.737054894861521         -0.02921149913576584
5.744924886580292         -0.028933066291713022
5.754099279923292         -0.02861174817161494
5.7729684166986575        -0.027961930135076824
5.7762091384209775        -0.02785160123555479
5.788194062530168         -0.027448235055552956
5.801905266947604         -0.026996207552081996
5.802512462624021         -0.026976419359850186
5.804835374496229         -0.026900896677939625
5.807585745188356         -0.026811845045462464
5.83637246372909          -0.025902629356255043
5.848391299212175         -0.025535813724967292
5.854691608071802         -0.02534653874669949
5.869392476040914         -0.02490789044427171
5.884302636167863         -0.024472162209420726
5.8924245837828           -0.024238693034776302
5.8926725759544425        -0.024231607472041602
5.897721399822534         -0.02408790903123975
5.897778706810235         -0.024086284047483288
5.9011714636189625        -0.02399032279897452
5.904842189772664         -0.023887037651798206
5.930379848686825         -0.023188266242949555
5.937301250269314         -0.023002557123995654
5.949135861289309         -0.0226886538947559
5.971460149480775         -0.0221090014910174
5.989176529318007         -0.021660604029622436
6.004764038807226         -0.02127471571930503
6.008147292097025         -0.02119208229570877
6.019505348446835         -0.02091760048122157
6.0481572278611315        -0.020245253655317114
6.051048273126109         -0.020179008129140055
6.055231013671222         -0.02008368245391916
6.0606059361988045        -0.019962249791307386
6.079978505564287         -0.019530660273765748
6.093442859263589         -0.019236740729435518
6.117235989981141         -0.018729468845282073
6.122320424615257         -0.01862307550921225
6.123183123916241         -0.01860509340683994
6.124427712623181         -0.01857918705843533
6.13826207379334          -0.01829547982003477
6.172550828715709         -0.017611230655563304
6.192452017673882         -0.01722646146837468
6.198624637311501         -0.017108966066875526
6.199078852529514         -0.017100354633141718
6.20583225409106          -0.016972875653495333
6.234375012192752         -0.016445649749461465
6.268245529418044         -0.015844258086257754
6.272821561999821         -0.01576502565511163
6.284141078162067         -0.015571095783856787
6.287950817836464         -0.015506038213667537
6.300204185977895         -0.015299447025784407
6.31507458271322          -0.015052363802929075
6.339218683456295         -0.014660011988169153
6.351787962755598         -0.01446007732108062
6.353235091411718         -0.014437248353326378
6.3813861080424426        -0.013999330360480016
6.38599670600436          -0.013928939315569834
6.390567039747882         -0.013859532879520764
6.4192417989716875        -0.013432473034196445
6.4205138748477975        -0.013413863525545093
6.420685723602671         -0.013411336340636544
6.422269101543766         -0.013388074686855465
6.428735115136359         -0.013293517658404743
6.4319720965344604        -0.013246885785946133
6.438439022805618         -0.013154101443995644
6.464600006512459         -0.012783898239947425
6.486606974947162         -0.012479181878400263
6.490746006284077         -0.012422638553388298
6.492779996471477         -0.012394942436662027
6.495182859378806         -0.012362300127833339
6.505642386715201         -0.012221176814961108
6.518560747547765         -0.012049048463290218
6.5320941224736195        -0.011871298080539749
6.545127525857068         -0.011702602782434441
6.54530629448216          -0.011700305899649889
6.555730225170614         -0.011567169794931326
6.569661360391963         -0.01139167743022129
6.571210164008855         -0.011372339242680185
6.5714082484757625        -0.01136986846906921
6.571693957517482         -0.011366298978338922
6.574187723863589         -0.01133518016436563
6.611180283433931         -0.01088134445637541
6.611248416924538         -0.010880521379020128
6.611614814369615         -0.010876096119713111
6.630877610537649         -0.010645713114499132
6.631486437682381         -0.010638504123306778
6.652168361468921         -0.010396255552549673
6.65540480036873          -0.010358811354191325
6.660700358611529         -0.01029798812156273
6.665091979380633         -0.01024774422308069
6.688336178284509         -0.009984784908827624
6.705150288741223         -0.009797687081566014
6.711550212076363         -0.009727160261315747
6.737690565374183         -0.009443033308300399
6.7398316151746025        -0.009420041984834428
6.750751850774769         -0.009303437160365136
6.7676956237839985        -0.009124699741795313
6.770394288049739         -0.009096477351922629
6.787775849390443         -0.008916318536164102
6.7925180684708435        -0.008867660557375923
6.796443429880119         -0.008827593241334794
6.821866534156671         -0.008570556587607468
6.821946102703736         -0.008569760065877199
6.832362809814196         -0.008465911585354549
6.848489157695148         -0.008306817175249344
6.848563704233352         -0.008306086465131498
6.856505164580531         -0.008228521835499663
6.862726081125423         -0.008168113393508761
6.874669692742579         -0.008053000192106453
6.874805225613404         -0.008051700451182486
6.894257221708011         -0.007866678929809677
6.9022171231173015        -0.007791837403777338
6.9192801486986495        -0.0076331091107366454
6.922568761212322         -0.007602766558036298
6.935034785642738         -0.007488378094617944
6.967343817127906         -0.0071965499906578865
6.975170702286139         -0.007126856387832729
6.981423682700022         -0.007071440333505435
6.989734016894578         -0.006998152693172786
6.999439995863818         -0.006913079218481648
6.999512598871408         -0.006912444968812664
6.999740744496139         -0.006910452125589189
7.035691212028652         -0.006600309930696574
7.054288606112209         -0.006442900676897852
7.06402177254823          -0.006361342067214522
7.085300430632854         -0.0061850090088739615
7.091568216389663         -0.006133574041403559
7.1166537225009305        -0.005929658120272732
7.120513626907942         -0.005898548874804572
7.124671701833825         -0.005865116253369627
7.13381726248383          -0.005791873271821524
7.136512292938926         -0.005770366235204816
7.144949378790371         -0.005703260805069755
7.170608164356266         -0.00550127328644202
7.175006765705789         -0.005466894987549154
7.181577399669117         -0.0054156980977842165
7.1952455911797735        -0.005309802909554543
7.208718971207183         -0.005206478424619252
7.215611579942556         -0.005153902557185662
7.218584810732949         -0.005131282108752539
7.220800478854605         -0.0051144483276952
7.240117467138735         -0.004968735031699336
7.2594222102036           -0.00482457457468395
7.271337135484984         -0.004736327103688703
7.275856743804781         -0.004702998282498309
7.282040272922734         -0.004657528898314975
7.283906879929559         -0.004643832599332205
7.293602068689105         -0.004572913360606158
7.318716964802395         -0.004391016490299605
7.320967170884376         -0.004374843719941105
7.332848003435085         -0.004289792904816922
7.350233169949951         -0.004166160542933412
7.352036659448786         -0.004153386307134056
7.356702903626174         -0.004120379520793535
7.372725594214551         -0.004007531615498782
7.384776748241613         -0.003923154308155258
7.389440553265963         -0.0038906152192881792
7.405061819835657         -0.003782093987948529
7.413234072630491         -0.0037256103990182996
7.417743521189892         -0.003694531347554104
7.432622898475332         -0.0035924298097244536
7.451935411779256         -0.0034609312361583433
7.460592898574047         -0.0034022579329305714
7.491865276306399         -0.0031919582844927973
7.49444916184869          -0.0031746830462758826
7.503511256110682         -0.003114217673043663
7.533075678258886         -0.002918269718971517
7.543179985752886         -0.002851761970230419
7.544318227347916         -0.002844284675214764
7.545981194093006         -0.002833365742841449
7.5508667777143135        -0.002801324182800642
7.554090059801444         -0.002780214762061512
7.5643674949139506        -0.002713067260944897
7.570541284807656         -0.0026728479148509306
7.573446061571865         -0.002653955044532713
7.606275629389495         -0.0024418218364307396
7.628267627404442         -0.0023009755558428494
7.641683813808147         -0.0022153645669088103
7.654123338220727         -0.0021362157545642274
7.660433480593226         -0.0020961508672109213
7.66276230750234          -0.002081378865705458
7.676198928164426         -0.0019963003605324055
7.704912992711987         -0.0018153527872321294
7.711617043124036         -0.0017732755815879227
7.733083049270045         -0.0016389789359465164
7.746076964385702         -0.0015578430854212807
7.78593100966265          -0.0013102344641680139
7.802608377344028         -0.0012071774950321512
7.808551082021017         -0.0011705343492984998
7.80875264180604          -0.001169291078606652
7.808900462355908         -0.0011683793220763363
7.812576022755769         -0.0011457913705665741
7.816570616543539         -0.0011212417190134012
7.816909238320191         -0.0011191609053332122
7.837908945153808         -9.901983709413972E-4
7.876329985448477         -7.546542201409555E-4
7.904496409911543         -5.823102233168784E-4
7.912288502540498         -5.34681940450042E-4
7.920448671949898         -4.848269542631755E-4
7.944132182414541         -3.402652682540403E-4
7.960707263073347         -2.3921123776779953E-4
7.992422203279547         -4.612541513928425E-5
8                         -6.649633301716148E-18
