0                         0
0.0137224450592681        8.23477971787464E-5
0.016966405533064752      1.018264768270187E-4
0.030149769142115507      1.8103376483744255E-4
0.05376525523118598       3.2310507249313255E-4
0.07783947230245626       4.6818254735771626E-4
0.09271227525431125       5.579490015387876E-4
0.09336438265685572       5.61886101050631E-4
0.10687673601920754       6.435065673912801E-4
0.10734141593838212       6.463149635758642E-4
0.1175518759240618        7.080414943414475E-4
0.12862387865889688       7.750139235039669E-4
0.16531902204377955       9.972548532882126E-4
0.1674434868003103        0.0010101346163743647
0.19005249687244752       0.0011472938725712006
0.200046076513451         0.0012080868125873708
0.21492743672687864       0.0012988422911384277
0.2389048740497104        0.0014456480005927792
0.2664784747324569        0.0016153518906490037
0.28186892173445516       0.001710483010881023
0.294229369409534         0.0017870975381526666
0.2971911863517595        0.0018054840495078195
0.3125727405237838        0.001901145103699395
0.34418071236074527       0.0020986411846690193
0.34748459397122733       0.002119356243076974
0.37844107716626724       0.0023141074369748735
0.38273562609469103       0.002341190863024122
0.3858246167379231        0.0023606843165794415
0.38685519439404176       0.0023672214760151675
0.38744455879506723       0.002370960707066944
0.39588153195255604       0.0024244805433725125
0.39892151855586067       0.002443801324840854
0.4203510001448544        0.0025805373257058823
0.422882814972128         0.002596753369330805
0.4316077494208846        0.002652734836855881
0.44236886615675447       0.0027219924728120242
0.4451207153187632        0.0027397406453189424
0.4490950292045472        0.0027654001189597282
0.4635345331499486        0.0028588944564518965
0.4754065976097771        0.0029361280849231597
0.4799613313626395        0.0029658436001956468
0.49294350558922717       0.0030507443128883803
0.5031643761280176        0.003117848524869185
0.5140930691084797        0.003189855086614397
0.5334214586268875        0.003317850969881738
0.5390026617787522        0.0033548981547160853
0.5579514412717471        0.0034813913265537115
0.5662505274481064        0.0035371395139457023
0.5922020030886959        0.003712831089088913
0.5944202561241053        0.003727944660835133
0.5989498227535399        0.0037588528041745243
0.61538840134014          0.003871553283939051
0.6166039075353398        0.003879919579930002
0.6247633359710575        0.003936198211116418
0.6490968105508784        0.0041052947148070215
0.6826228410271109        0.004341159030006148
0.6921096909677071        0.004408508901391478
0.7029994338084412        0.0044863482619639785
0.705300983273118         0.004502851375586205
0.7260608968721228        0.0046526835799538604
0.7464004540227751        0.0048009419862149565
0.7511791759565638        0.004835984535111733
0.7707980494136578        0.004980244147707459
0.8008727640441724        0.005204850275363272
0.8078596950844669        0.005257630695480648
0.8184000900569186        0.005337682719586403
0.8414713772351113        0.005514701344910146
0.8574439967366507        0.005638699461419075
0.8719633329604021        0.005752441530521721
0.8849647247819474        0.005855067913902863
0.888098465662116         0.005879917331930251
0.9022655126261409        0.005992805841900678
0.9315416934298579        0.006228938656042893
0.9502856625338352        0.006382773733639183
0.9510669264992996        0.006389221741216199
0.9923779840774443        0.006734958733043298
1.000540132090762         0.006804509283276141
1.0017489686222172        0.006814825946498957
1.0090137315208734        0.00687702232912245
1.0443832144911853        0.007184639457631659
1.0498299821278767        0.007232719829833121
1.0663503101454597        0.0073797066040406515
1.0985847771631296        0.007671515623438696
1.1130881321309873        0.007804970392133882
1.1296377331291145        0.007958891761642745
1.1309516516687028        0.007971186803489929
1.1342722489278265        0.008002426293505695
1.1371337962499557        0.00802941217980022
1.1434601122175052        0.008089286354599497
1.1482347654172909        0.008134669999611249
1.158718755180701         0.008234909734540583
1.1771844536123122        0.008413429825530045
1.1858301492466046        0.008497875279228895
1.193306573699849         0.008571343238323535
1.217139041295568         0.008808279211806422
1.2172371691339308        0.008809264787650048
1.2172829197781763        0.008809724129663481
1.2466454645601943        0.009107530964941433
1.263373010500644         0.009280834443159755
1.265970656236422         0.009307984395636917
1.2906342966668218        0.009568942273739073
1.2934028125105697        0.009598594179649448
1.2995720715286174        0.009664930151247331
1.3147395292654973        0.009829551145202236
1.3234627936118764        0.00992521520935718
1.366100543697936         0.010403241518205845
1.404427761847403         0.010849335679668124
1.4075197057569084        0.010885999710411123
1.4082248207114307        0.010894375053880013
1.421844871237693         0.01105750777124298
1.439985096062333         0.011277938693596768
1.446021685312083         0.01135209234999355
1.4484175557187633        0.011381499013259671
1.4730091804612073        0.011687665555156681
1.5239907541874955        0.012347533913026959
1.524347942072241         0.012352286129521486
1.5243711349926405        0.012352594760508184
1.5306198038981789        0.01243601357690826
1.5344900023581418        0.012487946990845308
1.5363635995970601        0.012513161738816577
1.572316376658503         0.013006277942471106
1.5758697349422919        0.013055971084897902
1.5817054303726032        0.013137955666879392
1.5822597623139443        0.013145836336912709
1.5829808222826638        0.013156093930120249
1.5915475431728026        0.013278535377296653
1.5967461899754776        0.013353354005004288
1.6089078116600737        0.013529905748886302
1.6108093475602077        0.013557583499664195
1.6287314026571726        0.013820810013395832
1.639787579163603         0.01398532588017016
1.6523266352612869        0.014174904882280567
1.6699873344500735        0.01444662554181213
1.6718514382039686        0.014475627137008576
1.6733186370779678        0.01449849685070444
1.673935642251465         0.014508125663644367
1.674421549173604         0.014515713323100473
1.6762880520309724        0.014544584659102761
1.6795730374850515        0.014595570816456778
1.740199386787649         0.015576282597619541
1.740723937356165         0.015585096821844677
1.7696147337371504        0.01607927430798478
1.8063379508866662        0.0167321745249865
1.8067061435064138        0.016738852984533217
1.8067291008535082        0.0167392694850895
1.8069117155758478        0.016742582919403087
1.8072270736380043        0.016748306455761284
1.807445928450326         0.01675227586373655
1.8079313284221885        0.016761082821724164
1.8087712885062996        0.01677633315279123
1.8691845287641722        0.01790755455729779
1.8898872468335561        0.018320219714343885
1.9044934553549364        0.018617391192273604
1.9474436869887306        0.019509207895608973
1.9610766905547423        0.019804835880457797
1.9677398604310623        0.01995152560745144
1.9685765441845073        0.01997005366850493
1.9805167865208513        0.020236874249161273
1.9838561421183192        0.020312335984384363
1.9875710329732195        0.02039667767397031
1.99858253249201          0.02064934308103999
2.039661934218426         0.021623224999337123
2.053098092356641         0.021952275122291545
2.0795565894416264        0.022615393831776173
2.1008573175842913        0.023163849257340826
2.11167325047945          0.023447326719456266
2.1373568293782554        0.02415020380843954
2.1466233757053352        0.024409690512414692
2.1610649930973893        0.024814554096377256
2.163759405565331         0.024891154762842822
2.170895428201787         0.025095644769281934
2.213542809208707         0.026366682321095746
2.2437000798755653        0.027316075285482085
2.249473113862944         0.027502599168701715
2.2558886281134494        0.027711683507908293
2.280462242712079         0.02853009924879157
2.3234552829150408        0.03002891883098417
2.3351868221605576        0.030452699439627213
2.339956326096516         0.03062812518095916
2.3469197737977026        0.03088867866868664
2.3684466130888646        0.031688784253609124
2.393429792295695         0.032664099025104
2.4046261016477097        0.033114930872015724
2.412903763376261         0.03345370820144717
2.4274695070050782        0.0340611226034428
2.4460744962882335        0.034857914115495624
2.4741644571992           0.03610540944759667
2.478820331975947         0.03631735184511801
2.498719200280773         0.037239752483946335
2.5159915328032234        0.0380749858422667
2.544216137534081         0.03947469380540679
2.571086308121714         0.040847419584503566
2.595906201380461         0.042150228431851615
2.5981763537828915        0.04227378611731018
2.60552751247704          0.04267592451626295
2.6079062783117024        0.04280691755592834
2.6159388108155768        0.043254430484685163
2.640803348137575         0.04466063978996922
2.6429873006232554        0.04478750639415208
2.653561681313113         0.045409435039951526
2.6832600933470054        0.04722403670764184
2.702396575433957         0.048446347777508614
2.7193831862881805        0.049568190533427224
2.7235909530968234        0.04984867041311089
2.7367151601231265        0.05072716444587109
2.7496955800623657        0.05160388760568637
2.755255441200041         0.05198180079594331
2.788239722858674         0.05425326553812802
2.792164253257845         0.05452688589021193
2.793703994804052         0.0546349072444377
2.7939314744071644        0.05465089145216442
2.799177429374659         0.055021310830115834
2.8142132200229417        0.05610215678882817
2.8189056242498554        0.056445286479410134
2.8399956972936655        0.058021654154165034
2.842559980393051         0.05821713163933795
2.854764002442053         0.05915877953507458
2.8671421072871905        0.060132978854449556
2.8721757924990623        0.06053236202786805
2.906662440117766         0.06329330084561158
2.90668480926096          0.06329508986916754
2.9067961205740267        0.06330399314512544
2.912136919846048         0.06373293673888564
2.918858571315374         0.06427767734550317
2.92280982591694          0.06460044336008333
2.9334746429242675        0.06548102988118171
2.9389226213199797        0.0659361648510018
2.986294986247811         0.06989086826871953
2.993333599721419         0.07049060466731122
2.9980349755817595        0.07089294318138507
2.999343989629966         0.0710037354069408
2.999374609398564         0.07100632801356999
3.000617828644333         0.07111163175285456
3.012338176389399         0.07210812679481479
3.0235476699453514        0.07306753600388152
3.061285864280146         0.07634313317199368
3.07328881665632          0.07739971070352268
3.083048409258597         0.07826405902996214
3.106066433761566         0.08031698036110096
3.1238512297994925        0.08189588779502073
3.1480879888781392        0.08388129987554112
3.154571750737456         0.08438689375560375
3.1629351458591803        0.0850231374494758
3.1790194387762           0.08619632873846096
3.1881428510270373        0.08683230457234202
3.2091192285034493        0.08821357356499157
3.2196088580413367        0.08886198254532122
3.2232298919963345        0.08907926287426347
3.2325408074910738        0.08962252636765289
3.2555868536928774        0.09103727408757045
3.2938857790037837        0.09297328373294537
3.2960822524535374        0.09306273069341951
3.302288006926884         0.09330596796973661
3.3228786782926685        0.09401271760528206
3.325380393008318         0.09408808306375045
3.3478429126990483        0.09466603056470399
3.3520132692836597        0.09473671426797317
3.376004673176046         0.09492060116898715
3.3802895565821705        0.0949125382875412
3.38190183149907          0.09490653093701476
3.4113139695559376        0.09451156329415723
3.4294913226913577        0.09406116814643493
3.4403173912975387        0.0937270270675669
3.4451135110297453        0.09356327330075007
3.4536408894140025        0.09324828009298035
3.4634052646838946        0.09285798276135107
3.498908745976876         0.09111158587229196
3.5110279967399376        0.09039792111741818
3.519126223632907         0.08969697254793925
3.5221179999118495        0.08942827786506197
3.5278450043369           0.08892732317335209
3.534695431829595         0.08830692856108363
3.5540414853677413        0.08643036318941245
3.5626860563249365        0.08553238448735906
3.5703392563484426        0.08470673849211469
3.578270906977714         0.08382067822235016
3.6073497030268613        0.08030778014037246
3.6110574314857935        0.07984075600328558
3.6209060765012424        0.07856230897223405
3.6338167638910237        0.07680293444930777
3.6442516701564505        0.0753117602487471
3.6502158321819214        0.07443169102993695
3.665241321295486         0.07212497337934107
3.677299135258919         0.06997671886174059
3.686214145866446         0.06832133661080189
3.7046615083822707        0.06539056030503293
3.7104430060677083        0.06429814717577143
3.723873724057907         0.061695925735408455
3.7393031635417935        0.058729899292986054
3.804838613726744         0.045355223975141655
3.807376080191426         0.04481208589652375
3.8078950107823024        0.04470077799411821
3.8090893864542834        0.044444291111847625
3.8098554709853873        0.044279558013069105
3.8101675890136835        0.04421239322237622
3.81081670688962          0.044072063518684576
3.8141984035165395        0.043339160287596386
3.8156998731834713        0.04301276752859098
3.829278890384965         0.04003343398814097
3.8760832214052           0.02938473363688955
3.882771127655089         0.027806371545025795
3.9016931234051393        0.023336787576110532
3.9201325580244326        0.018975578439522505
3.946059047651886         0.01283419690046822
3.9779754734992188        0.005258901796756579
4.003477524645593         -8.058821895462094E-4
4.017933392002113         -0.004287985791271422
4.028398459655413         -0.00681566537813651
4.043718067331184         -0.010526295578011869
4.073168087979518         -0.01749531753574158
4.081947780984419         -0.01960955892564841
4.082573097342092         -0.01975958510274276
4.110961941508961         -0.02645104268815994
4.11124352566358          -0.02651626760720569
4.115538148895033         -0.027508264239647133
4.123193369092644         -0.029263519286346296
4.139792738352842         -0.033045508186356196
4.1509420592401085        -0.03555452031393582
4.166167860918367         -0.03894034002589873
4.17326804799047          -0.04050322834153964
4.190028006890362         -0.0441520371019548
4.211305136766185         -0.048702552470908704
4.220665892683275         -0.05067556580417762
4.234064632813563         -0.053468891165821625
4.2346398963139755        -0.05358712312272371
4.2414695877592274        -0.05498294071455774
4.242157926765115         -0.055122815075026164
4.244100282892267         -0.055512384278273055
4.24808871131534          -0.05630640577928486
4.299304078982272         -0.0657949924608852
4.304219903420096         -0.06663669640791924
4.304421035259955         -0.06667087735672832
4.305049442912193         -0.06677754040455598
4.321981371128087         -0.06957128963677513
4.342622931732759         -0.07284832370351953
4.353491636083549         -0.07451695343443754
4.361844990114514         -0.07577274550363924
4.375414416282359         -0.07776328726317093
4.397877673186651         -0.08091064095735909
4.401120616381003         -0.08133680718814391
4.410538529945586         -0.08253410247708871
4.420487720009228         -0.0837337424237277
4.421452335564637         -0.08384649047199838
4.42767149417209          -0.08455829349063868
4.4586924563464425        -0.08771786988356634
4.466761395981589         -0.08843299374844686
4.467490254846915         -0.0884954204966904
4.499943811607278         -0.09091069854301656
4.500772829911848         -0.0909725439861133
4.5080321914904165        -0.0913936064630032
4.513116415277857         -0.09167758216633004
4.54133520108452          -0.09307932519015051
4.54804260816212          -0.09336336532214891
4.555793843500062         -0.09365867004927278
4.558034141388518         -0.0937374416101495
4.582011891130373         -0.09439576460940546
4.59836307512505          -0.09465088715394007
4.6127633801810175        -0.09474542044612132
4.623830836876267         -0.0947352335742464
4.654667168977658         -0.0943270784475051
4.658779101366083         -0.09423041656786756
4.669732916861974         -0.09392441565654375
4.682879710910053         -0.09351742526873216
4.6867473102488475        -0.09338899885091873
4.7056636864424215        -0.0927039146410967
4.70878326188136          -0.0925818507777103
4.719038193561078         -0.09216246811968763
4.737555460410707         -0.09133478798224182
4.760955584404167         -0.09007451010450002
4.774402393955299         -0.08924987399668623
4.778361819159331         -0.08899309089565044
4.782564259331853         -0.0887128005922385
4.786494917936074         -0.08844627992809276
4.796143288078794         -0.08777420863056365
4.818478338122822         -0.08612106008678734
4.852578995715868         -0.08344619319563296
4.858136561733416         -0.08301082689947532
4.862209970782917         -0.08269182751513045
4.864568908203792         -0.08250402627807808
4.871051302100694         -0.08198488928642839
4.893363666353157         -0.08020454854414273
4.921483363184956         -0.07788570711165872
4.923155538143497         -0.077745175132484
4.951988836279505         -0.07527538911533817
4.9692787509437215        -0.07374913106977163
4.979461465950605         -0.0728347392585405
4.982236213223121         -0.07258357689258566
4.982573568398674         -0.0725529822061393
4.982880671755148         -0.07252478061364291
4.984508269065693         -0.07237542071151352
4.985125340411956         -0.0723188395610374
4.996912042579782         -0.07128168708607661
5.035816373160811         -0.06791997631831632
5.073932256251362         -0.06471811608591091
5.08343081898845          -0.06392792817518127
5.084068083155361         -0.06387529579361885
5.092218563240946         -0.0632063718297994
5.135688484657583         -0.05977135497295899
5.1362069058386455        -0.059731736977717
5.1440043998601785        -0.05913968150629248
5.145520238646322         -0.059025419929474944
5.159811332483962         -0.057961531849999484
5.164799845721562         -0.05758905551770414
5.183163521485855         -0.056220408151435586
5.190015566300356         -0.05571073540478968
5.2037273073059955        -0.054705067738715384
5.209592713972195         -0.05427988629375458
5.227377593284585         -0.053009011486778904
5.231613232371408         -0.05271040854443171
5.249018720214879         -0.05149414871702824
5.251375902950821         -0.05133236295315353
5.25230796306065          -0.05126858358284666
5.293148685637707         -0.04858119838938784
5.310019067546518         -0.04753232314088961
5.315939188922048         -0.047172738169823515
5.331843882154175         -0.04622852331192174
5.358710850559559         -0.0446484500748953
5.35872322533213          -0.04464773250056498
5.3587364987956105        -0.0446469852893766
5.36981849444408          -0.0440271141173254
5.387060516181126         -0.04307846746041638
5.4076053889000555        -0.04195424419865479
5.421467161523387         -0.04121108692259761
5.445664347316552         -0.03994349433206199
5.4480588854338645        -0.039820105418731794
5.460945835824756         -0.039162393691791114
5.477047493600363         -0.03835564933847087
5.500423516381009         -0.0372321870012836
5.5123067806719925        -0.03668029148631994
5.525052972888632         -0.03610271919052002
5.541094865057696         -0.035378722790453496
5.559244880743976         -0.03458358108515445
5.5604698700513335        -0.034530832801235235
5.564622105489677         -0.034355300972148686
5.583187245233736         -0.0335813102861105
5.592230887290019         -0.033210689324161144
5.595657010038464         -0.03307137945083207
5.607776376554925         -0.03258274897514256
5.6336865692811315        -0.03156739091526146
5.6626989338165705        -0.030477836571090752
5.663893087238627         -0.030434062688048037
5.664776927396598         -0.030401674659092576
5.665578900918549         -0.030372322488324638
5.680319706460095         -0.029838890943951528
5.691283124715833         -0.02944963260125829
5.7250791753961385        -0.028289845123832803
5.749726761541219         -0.02748239123179916
5.75054787726116          -0.02745581155290328
5.768924694987804         -0.026868475188494546
5.77358471232824          -0.026721827402112333
5.77533467308379          -0.02666699650249909
5.801045174921111         -0.025876477355005444
5.805530766289523         -0.025741448148101847
5.818902180455226         -0.02534402295190758
5.837670058735451         -0.02479906951818726
5.8506661766851416        -0.024430100849808893
5.855358913180924         -0.024298643864989544
5.862848392943054         -0.024090790876809896
5.8675631064351785        -0.023961174028790177
5.872241112907083         -0.02383448247685644
5.8766433865455205        -0.02371578947790659
5.902021239601591         -0.02304159834684105
5.90431429757213          -0.02298152363402502
5.907708239881993         -0.02289286380443142
5.911933781753692         -0.02278501334021001
5.916712785302418         -0.02266363373100143
5.938637794172823         -0.022114895075311797
5.945599989807747         -0.021941929855330788
5.955421917111052         -0.021700527332730264
5.9615513261561865        -0.02155142623864143
5.970554532266296         -0.021334574234353886
5.990723357789863         -0.020858095664537026
6.015746505346433         -0.020284829118135225
6.026271122509967         -0.02004963560898829
6.036670823725149         -0.019819011422077294
6.043939026909765         -0.019659673638025465
6.046170042543696         -0.019611221506895954
6.048532343094665         -0.01956009097113872
6.058880790397835         -0.019338199694671605
6.063442640626316         -0.019241467626855333
6.068262662554532         -0.01913998119596466
6.077135197901115         -0.01895510282704544
6.079113117826737         -0.018914230339912776
6.082681713918746         -0.018840802688115707
6.086543814978797         -0.01876179282336125
6.10928075864432          -0.018301930244222026
6.110260400732505         -0.018282356573729695
6.1371666970082135        -0.01775250548173497
6.13722940569271          -0.017751289526484127
6.1583334599819555        -0.01734702403428319
6.172657729195889         -0.01707961916395442
6.1824010464896055        -0.016900140231377488
6.191088519577823         -0.01674175553509105
6.203771649571468         -0.016513308825439197
6.210117708518486         -0.01640024505401174
6.214219027471749         -0.016327614576443335
6.2363187985658275        -0.01594219679396535
6.24471238687438          -0.015798442728264698
6.261901957055018         -0.015508560474929094
6.263382606180979         -0.01548387501437725
6.272755271691382         -0.015328658418342363
6.303441180720644         -0.014832688497939277
6.306412504135945         -0.01478518515605202
6.331779108316786         -0.014386384135388681
6.349796033673599         -0.014110836412169474
6.360096214211008         -0.01395558418893144
6.367332741125857         -0.013847500392619155
6.390686996197876         -0.013504261562369299
6.4036407016293655        -0.013317551805671572
6.406165595420517         -0.013281464046248019
6.419485775050163         -0.013092729251768905
6.426398127786099         -0.012995879299455691
6.432914511028202         -0.012905260457903397
6.457485369585127         -0.012569533453562412
6.466522051668481         -0.012447639204103224
6.4898235052765845        -0.012138089249767059
6.50913694510325          -0.01188671677614499
6.519927570810897         -0.011748777784775306
6.51993725867057          -0.01174865463777819
6.521702951041543         -0.011726230906194395
6.530903237918166         -0.011610060419931581
6.530945204900902         -0.011609533086533511
6.557874561713951         -0.011275979076294074
6.569448767210201         -0.011135578479432133
6.575844378609637         -0.011058678575690664
6.590705887557136         -0.010881524109428442
6.6381035808171225        -0.010330894736263632
6.639244953204588         -0.010317896722652693
6.640344079695852         -0.010305393037224723
6.656608168410719         -0.010121889521942278
6.673827650346113         -0.00993070399511468
6.704590616289112         -0.009596255396551474
6.708871192632825         -0.009550374237000055
6.726118633440105         -0.009367133043918657
6.727950063373733         -0.00934782836028084
6.728238656668763         -0.00934478904157659
6.728730221437634         -0.009339613807973397
6.72929466824873          -0.009333673874518434
6.729628944499662         -0.009330157446302296
6.731801687785718         -0.00930732504834411
6.735676957423923         -0.009266715379976413
6.809444402631342         -0.008521035338888634
6.8178823032687905        -0.008438652615286476
6.829090341085448         -0.008329990730903208
6.870633706052712         -0.007934859933576404
6.873639475549066         -0.007906737535005034
6.875899933309782         -0.007885652258693407
6.882241248960948         -0.00782670595017542
6.8840515969282094        -0.007809933071922237
6.888713567375564         -0.007766886171043405
6.897690914361801         -0.007684361397809794
6.91027421433711          -0.0075696154105501685
6.968513385384082         -0.007051396954903582
6.97314815280961          -0.007011064804626817
7.006168510589924         -0.00672759525774333
7.009147223089292         -0.006702358245467009
7.052839093910962         -0.006338538118716982
7.055752206130631         -0.006314704046348466
7.074427592837539         -0.006162353785907447
7.097393506203155         -0.005977518524222687
7.097690218113655         -0.005975148675890784
7.10001858536914          -0.005956568008084722
7.113656101211209         -0.005848412843828957
7.124597454313682         -0.005762446352700781
7.1286832299792975        -0.0057304642255111725
7.132449155710809         -0.005701043531587891
7.136714702503864         -0.005667786539068868
7.167706050849053         -0.005428349208093598
7.190406279531504         -0.005255439102667084
7.205105878172531         -0.005144585030131282
7.21748578489869          -0.00505212400737626
7.228920215843701         -0.0049673494467919535
7.241499530123407         -0.004874780140806974
7.249095736234613         -0.0048192325761517805
7.264958705814642         -0.004704088164060909
7.27146685630408          -0.004656906005798055
7.295310292245915         -0.004485287284736271
7.310140501172768         -0.004379525401151559
7.313324839666113         -0.0043569144581995355
7.315654049098782         -0.004340397494826068
7.344738957816404         -0.004136184071018943
7.3494326065782785        -0.004103462322446037
7.360091691884572         -0.004029388016837006
7.37115586923044          -0.003952856415452099
7.378575830194389         -0.0039017362876062446
7.390429196848375         -0.0038204121689447003
7.398333952075201         -0.0037664114020642117
7.409339367423316         -0.0036915385563406674
7.42785218511186          -0.0035664044259404604
7.453188950615269         -0.0033967991809856447
7.471134921517888         -0.003277824679210574
7.471305115262857         -0.003276700954382955
7.471369472472831         -0.0032762754509809452
7.479999012684841         -0.0032193088692549104
7.4802104462191625        -0.0032179153255774222
7.481015259578902         -0.0032126118204418366
7.487042873438584         -0.0031729105722797
7.508437575551194         -0.0030326183901509037
7.531836118129495         -0.0028803034887198964
7.556956118401244         -0.002718081665917412
7.558110916818855         -0.002710656462616268
7.570597525713952         -0.002630716339877804
7.599527097810933         -0.0024465302828444906
7.599757818686056         -0.002445067095637079
7.5997616341222205        -0.0024450428996422606
7.635477629262063         -0.0022196354235593458
7.650994631183014         -0.0021223847535990514
7.676397640923255         -0.001964062459461267
7.7015614707489           -0.00180813495726346
7.7024723448740495        -0.0018025026717038567
7.708379330513218         -0.0017659977500574927
7.715905761418791         -0.0017195355522596797
7.716407279596986         -0.0017164416019461895
7.72215595142615          -0.0016809978201863462
7.728046742018802         -0.0016447131309143513
7.74207899662398          -0.0015584246598713363
7.753561674488638         -0.0014879652706633309
7.763552259231617         -0.001426772137909316
7.768573749255246         -0.0013960539562976227
7.7945417873614105        -0.0012377392236097027
7.808551133125929         -0.0011526799968047906
7.823219906477228         -0.0010638791785674265
7.8380922557223895        -9.739538205887015E-4
7.849934407837913         -9.024147180898307E-4
7.870420250363882         -7.787930588706933E-4
7.883339510122011         -7.009195066994201E-4
7.89027903332954          -6.59118052432411E-4
7.896770960391776         -6.200304766890325E-4
7.9248554978861305        -4.511320033908307E-4
7.931099394395985         -4.1356338530669566E-4
7.942587669712607         -3.444783777350824E-4
7.974945670778895         -1.5015937142021037E-4
7.981146865622451         -1.1296435872629126E-4
7.984690697082044         -9.171480582453855E-5
7.985809517198579         -8.500863004493125E-5
7.9868132216741365        -7.899293186929154E-5
7.99137159810925          -5.167800929700991E-5
7.996646281210337         -2.0082430592723476E-5
8                         -8.17827324319034E-18
