0                         0
0.019153469918087904      1.169826096739199E-4
0.035184978985276304      2.1501652269377233E-4
0.03673454655024136       2.244980016194939E-4
0.04132768492130566       2.52608410969403E-4
0.043509022094748176      2.659615067040988E-4
0.08395237955060197       5.140246535386012E-4
0.08754763355928599       5.360929437438864E-4
0.10847392120090042       6.646185747383891E-4
0.14294592392238176       8.766241972451747E-4
0.14296778520055622       8.767587582487035E-4
0.14297522017911252       8.768045222190119E-4
0.14297940826332484       8.768303504600964E-4
0.15063414657472868       9.240590455898266E-4
0.15251257117853603       9.35655184825569E-4
0.1606471093959438        9.85721044181216E-4
0.16313691758576862       0.001001061410873513
0.16949577426442478       0.0010402746330750896
0.17443417330444924       0.0010707626366371023
0.19486176185878082       0.0011972149537186794
0.20292085456403677       0.0012472244553431383
0.23109458968356167       0.001422592766190003
0.2353831760840756        0.0014493609059768823
0.2491276615263143        0.0015352812918994862
0.25775771537289005       0.0015893322410531602
0.2815908191379079        0.0017390110866931886
0.29415373775747217       0.0018181519295305895
0.30414759682058434       0.0018812034824801898
0.3145418585093194        0.0019468932367077833
0.3182367560417322        0.0019702718102881265
0.3190540195212798        0.001975444797751812
0.34108820247070937       0.002115753224572453
0.34575756550554054       0.002145589209683107
0.3480709713388566        0.002160359933227988
0.35923113809927343       0.002231751091462454
0.36538613640771755       0.00227122026887564
0.3685760516540722        0.0022917025511238393
0.391669996042752         0.0024405337241208986
0.39839429011501615       0.002484049495661399
0.4168689400055797        0.002604025691702348
0.43894833473014033       0.002748311103337465
0.44758039551870143       0.002805029284371495
0.4556918378365389        0.002858484973423014
0.4786213162739168        0.0030104234891640716
0.4824331524237009        0.0030358008251193864
0.4853753287490514        0.003055404371368431
0.48690147938993833       0.0030655805416896025
0.5138996323881632        0.0032464497848100605
0.5191480425303974        0.0032819060209483522
0.5245100444239582        0.003318193923787521
0.5440861711150254        0.0034510932566798195
0.5494308894796919        0.0034875561904745916
0.5533942491474225        0.003514644595998549
0.577492114347469         0.003680252473708772
0.5940084941149413        0.00379465682487963
0.6108572012054782        0.003912248277447869
0.6162269831626583        0.0039499334060098526
0.6275482759390778        0.004029675999674308
0.6290668002063143        0.004040404356952036
0.6292966584079012        0.004042028972266206
0.6312691843950067        0.004055977831987745
0.6356779242105691        0.004087201431357207
0.6462542197900987        0.004162369007072003
0.6629360547146749        0.0042816873969000096
0.6847700795386541        0.0044392585742240274
0.7239467587406722        0.004726273198663925
0.7240012089203247        0.0047266765622067065
0.7242387194015113        0.0047284366550247
0.7385039043777896        0.004834537314060499
0.743994159836836         0.004875575384011917
0.7493510091305335        0.004915681090746465
0.7659503146995656        0.005040739031946283
0.7829708944282829        0.005170198809226787
0.7922327969182303        0.0052411679027922955
0.8048853438242012        0.005338712743979197
0.8212306059847114        0.0054657437219090745
0.825704674638256         0.005500714870040049
0.83031426633672          0.005536835177586632
0.8459624517431388        0.005660133087324006
0.8624868079447296        0.005791879537180631
0.8938731012968977        0.00604586794944281
0.8972937425766818        0.006073845821674809
0.9067022789187222        0.006151100460124822
0.9107302903008234        0.0061843099136937515
0.9116840857100417        0.006192191577670655
0.9131747560363964        0.006204519802764002
0.9604077385957049        0.006601339643422293
0.966328217108475         0.006651990744819748
0.9834034609333964        0.006799210475064281
1.0036875940415648        0.006976290935462761
1.0136201205718312        0.0070638709162245605
1.0243051696400856        0.007158605387120525
1.028080008141617         0.007192273489217196
1.0336137872113895        0.007241818561420676
1.0511296787448643        0.007400121979749763
1.0583190906217732        0.007465748850141523
1.0679382533699997        0.007554147835042531
1.0885147904111676        0.007745521448463846
1.0886392369178979        0.00774668831612095
1.0987895498018716        0.007842244627967255
1.1111815402083365        0.007959707768314967
1.1113535917977195        0.00796134612671688
1.1214856043274708        0.008058388492308876
1.1215230059883448        0.008058748013249151
1.1292319028341762        0.008132687696956967
1.1305974722323213        0.008145895750092027
1.1413495711257615        0.008250418818663013
1.1703829369926817        0.008537395757644499
1.1735104035710648        0.008568730951677017
1.1855223883516446        0.00868984646875694
1.2018521255111476        0.008856283779337726
1.2074258338774073        0.008913606082812567
1.2185463774669716        0.009028755163010311
1.2304720712239712        0.009153397270663345
1.252708399655367         0.009388996665707949
1.2564248624183407        0.009428779190504005
1.264772436560789         0.009518558580927998
1.2726516041201017        0.009603770720374764
1.2788551813657358        0.009671341456406201
1.3057179629717877        0.009968815935502983
1.3233323073659327        0.010168177940614474
1.3288632039419452        0.010231480696014091
1.3554006422732348        0.010539884111311109
1.3586337835718012        0.010577986597448987
1.3644468071019191        0.010646781777382656
1.3818921781710771        0.010855470644295661
1.4116571411448262        0.011219250391007175
1.415283183912202         0.011264232024611489
1.4270886977246433        0.011411925558338792
1.431633097857124         0.011469456333096203
1.4523139376605347        0.011733663659372472
1.4531869296483062        0.011744970394884745
1.4555282731220278        0.011775349369178782
1.459777345490016         0.01183053560431067
1.4803511613764253        0.012101691791762495
1.483571065722388         0.012144655623166129
1.4952674586435037        0.012301922005267876
1.519026145194039         0.012627163896388988
1.5331821686317177        0.012824639927345274
1.5398331567911634        0.012918372072779034
1.5524530500814322        0.013097895207583445
1.5580016003094734        0.013177518426812501
1.579186575065072         0.013485420978498325
1.5960952478599388        0.013735598527198129
1.6077661941167602        0.013911135510566709
1.6124253639576462        0.013981933815186448
1.6368212717593091        0.014359367718911293
1.6488682464142723        0.014549915027181223
1.6554313122393092        0.014654882257921137
1.6887111997566011        0.01519973130227743
1.6969683473633639        0.015338207202820395
1.7030571788236701        0.015441275062233861
1.71319421921106          0.015614455975277237
1.7144218876768613        0.01563556409182125
1.7204208888726478        0.015739127323240423
1.7221809610989052        0.015769611287107584
1.7371593569803316        0.016031321327447993
1.7534103293307723        0.01631989866453116
1.7568456848121081        0.01638151941540495
1.758380382677677         0.016409117258486112
1.7602791180294095        0.016443663735247832
1.7664327900567567        0.016556164691991466
1.7686841712583092        0.016597529789515546
1.7780263943707744        0.01677035275073644
1.8020244426630323        0.017222503109362543
1.8247434463986671        0.01766431061884011
1.8274677438562728        0.017718187314639387
1.8465150649140414        0.018098333750450817
1.8519688480276262        0.018208896734614163
1.882447339517909         0.01884084568520491
1.8858460222648628        0.018912793785637753
1.8969044768886616        0.019148948275973368
1.9010287512595916        0.019237826916869216
1.9400047148295416        0.02009934169040212
1.943596746479927         0.020180789682719052
1.9455135408426205        0.020224455465499412
1.9504299850801672        0.020337101588597632
1.966324048097154         0.0207105686458287
1.9980666123797768        0.02148079346615033
2.0033382225541323        0.021610750344798584
2.039064586096089         0.022519226037552763
2.0496928191590493        0.022798819535305898
2.080511368749318         0.023633745836888615
2.0818513461689037        0.023670864235170147
2.0887465774766487        0.023862942894761676
2.131363012518652         0.02509006147085838
2.141477622416932         0.025395493872409653
2.147106815355359         0.025567240448287898
2.151776678615554         0.025710673549763658
2.1639266997289677        0.02608786243583333
2.1956282440063988        0.027108137779472293
2.200984616651958         0.02728568395222573
2.2097562731895484        0.027579655778079314
2.211314092513404         0.027632008380303733
2.223196607603156         0.028035957617776577
2.2288985426569594        0.028232697810095818
2.3001693605899436        0.030844431192769296
2.308011444515115         0.031152396221200643
2.3266983317586636        0.03190269836568555
2.335400196497943         0.03225936275999679
2.3591932373638844        0.03325494175511541
2.3835569550815627        0.03430531280039671
2.3890481434711663        0.0345464460153999
2.4132348338539154        0.03564352988700342
2.415383108934395         0.035743730425901565
2.432505455717421         0.03655843566856713
2.4747242116909796        0.038689349561670354
2.4785532766765357        0.03889120682871839
2.4788742295207795        0.03890819144523147
2.47937584669456          0.03893475680816593
2.4815220937059266        0.03904829908638115
2.4820734706049885        0.039077534365139034
2.4837368724214666        0.039165895119735936
2.484649147944716         0.039214459842681196
2.507509243449853         0.04044050539913371
2.530059904574522         0.0416873454874247
2.531440838979397         0.04176722872856637
2.582850711501756         0.04486251976270428
2.583832388474389         0.044923597108032134
2.604450218034154         0.04621715053491855
2.608997591823881         0.046510430331933694
2.6262094939294967        0.04764661549756308
2.6479373478138415        0.049139902837407275
2.669510496854261         0.050687695318386836
2.6859645578127287        0.05191184264959801
2.697354572807282         0.05278135015765526
2.7105400192686924        0.05381051512364192
2.7345707756743676        0.05574855203064484
2.7477259589550553        0.056803771459294605
2.7532466163067237        0.057274085563901254
2.7752124009725962        0.05918561823437856
2.7870262919226603        0.06024029193094036
2.794805379939624         0.06092638066140828
2.7962594948765576        0.061055828536928314
2.801754683187691         0.06154843289684246
2.8280105342303328        0.06397658936630127
2.8317439771534856        0.06433186701317913
2.8393263724251288        0.06506108271519824
2.8430188752080414        0.06541991975447574
2.874125411679359         0.06853106566566494
2.8769005611269223        0.06881227896998146
2.884375233558001         0.06957268516931911
2.907380069677589         0.07194024297475525
2.9166265750791065        0.07283066725632575
2.9224407976237083        0.0734060223695238
2.9244093437491623        0.0736035267274443
2.92959366951123          0.07418241316278944
2.942165992486757         0.07558954323178466
2.9772123992888457        0.07953665571709045
2.980453267336795         0.07990577348260675
2.984671892406613         0.08038850930064824
2.9910171895374384        0.08111940640993763
3.0274895173559173        0.08543254182184949
3.031343205498044         0.08589941462007562
3.0426930931605685        0.08728682356090392
3.06213965830883          0.08970691661814714
3.0818702825405526        0.09221779298431826
3.095521951524927         0.09399771567741133
3.0986917447593156        0.09441485599328618
3.1030473163525745        0.09499041495218745
3.1132441961041195        0.0961983901935734
3.1735445245462746        0.10297760385235674
3.175048321386677         0.10313870268575198
3.192058545166168         0.10493398821775766
3.196377872185826         0.10538196200624556
3.230329967035029         0.1086243959689209
3.2329249161305835        0.10886974470883502
3.240165624717352         0.10955248889183021
3.2521187311083315        0.11067360237121017
3.258343611358918         0.11125450377968571
3.2662307677822304        0.11198762926323813
3.27751661975106          0.11303103501318484
3.2849597883656534        0.11374877314471459
3.2882299910461956        0.11405906260652905
3.311484626486865         0.11599679987619542
3.323792263664079         0.11682846653264342
3.327270774000687         0.11704279449173358
3.330378639083461         0.11722424562819453
3.3311856745401593        0.11726981438676726
3.3318022320703466        0.11730419743431167
3.347400525026355         0.11805000453172695
3.3484973279725683        0.11809346540692717
3.362999811905404         0.11855717045356581
3.3656463606437548        0.1186195316527902
3.3658635613142835        0.11862434452705437
3.374692792882858         0.11878081363523325
3.3803771600000876        0.11884108685903738
3.389585391520012         0.11883288349379735
3.4007471465501635        0.11873820270319359
3.411050254735726         0.11871936842694636
3.4298936152243193        0.1185378798233566
3.438132957416487         0.11851990421089471
3.4410376737541317        0.11837364465341582
3.4439317701477186        0.1182247424289299
3.4458026269049458        0.11815742337111132
3.474479759131316         0.11679093988277636
3.474656602373812         0.11678056427109387
3.4749246954281623        0.11676478936019155
3.4766510809571396        0.11666189167886779
3.5246991400590857        0.11298735916859748
3.5267146886265284        0.11279319467349343
3.5296415483227968        0.11250550288529003
3.5366933686890616        0.1117844429896008
3.5414637355199337        0.11127429649177153
3.5558222850626837        0.10962984075370275
3.567125479900829         0.10822025990201763
3.5713921130630455        0.10766183443198836
3.5845151447337407        0.10585375098806712
3.5990400182523405        0.10366357861568594
3.606647776492033         0.10246064376421975
3.638696032295011         0.09697218225375817
3.675685801898152         0.08979150246463474
3.678365398357231         0.08923610999799406
3.6962845223696728        0.0853997894207791
3.7000346165743987        0.08457437706793552
3.7011544616669845        0.0843247856392091
3.7019568085177177        0.08414567439920724
3.7326118219168305        0.07684605299333377
3.737473180085148         0.0756537480145193
3.7663938310213734        0.06836420783860497
3.7809677692189694        0.06456336685464387
3.790244278056525         0.06209960106622527
3.8578667264397213        0.04309421665174269
3.859978729920221         0.04247102657542002
3.861173293890312         0.042117751825796315
3.8683890184725453        0.039939581588658256
3.8823397465009015        0.03564789488636326
3.9297144987357506        0.021490263508470282
3.94014158568097          0.018238683004436266
3.954438028049476         0.01379785560537915
3.964053964226292         0.01081951661299375
3.965060252161778         0.01050823970940454
3.966372947489716         0.010102295198540737
3.990085727635269         0.0028489165995230067
4.011742591789236         -0.0037423044160059104
4.018449839724229         -0.0057771966896623395
4.039417161732908         -0.012118754754326734
4.069718916780706         -0.0212308823575915
4.0715517762532345        -0.021780051616528337
4.072500853840543         -0.022061153406565396
4.084158041284708         -0.025520251940306483
4.0859542144440315        -0.026054296147317555
4.088414745761789         -0.026791069545595052
4.0972508358042425        -0.029421597274749838
4.098901214348032         -0.029910262840830218
4.129324640699389         -0.03876864315964658
4.133542052405816         -0.040000080002334674
4.135490637563079         -0.04056843689911808
4.1360040043379405        -0.040718110062685796
4.162584132192163         -0.04843115541309357
4.1776350998777305        -0.05276694696314596
4.195486334188625         -0.05787969670710843
4.196341665539422         -0.058108368952470096
4.19986685080042          -0.05905080397325176
4.224572554079304         -0.06565477029355393
4.235799740532611         -0.06867898443903651
4.239150554298155         -0.06959434596920942
4.272247380149594         -0.0780104011619473
4.279531070307498         -0.07969147474590814
4.291137224454836         -0.08229912445583773
4.302433021410677         -0.08475320965000874
4.314291472281802         -0.08724055563543578
4.3513790479818555        -0.09455746927883098
4.376893868694748         -0.09918670590262935
4.383990635168178         -0.10041568327084793
4.422958540722416         -0.1067093224437536
4.438216080782654         -0.10896401365094491
4.459439530527978         -0.11165778972877884
4.4614612652728525        -0.11190122310699142
4.499092660760452         -0.11589251583253032
4.501175483953679         -0.11606616609787747
4.510078896946296         -0.1167525807123948
4.540559301375131         -0.1184166323420193
4.551873118006568         -0.11876414141648818
4.5773376846301534        -0.1189335594403046
4.5862344887108435        -0.11881473218766846
4.5940677717669605        -0.1186981106864398
4.597911858820938         -0.118624963793783
4.619497401004732         -0.11823275147202804
4.629243844960481         -0.11798991831771255
4.633727693515264         -0.11786446722646353
4.68455871073344          -0.1158370108825646
4.692439235605456         -0.11542308490526675
4.703043466331538         -0.11482389882536258
4.7068193169958805        -0.11451920913073854
4.740068892116823         -0.11168493748591851
4.75732676430148          -0.11010676666018109
4.7616203831494515        -0.10970276412475843
4.7685408507667955        -0.10904205880455249
4.787865079095337         -0.10713485472593744
4.796113615786874         -0.10629282866149202
4.820197299967365         -0.10373867195326683
4.823774052021486         -0.10334719258310625
4.8562769262793335        -0.09936645904390472
4.863679095095311         -0.09842579656702946
4.870283714634704         -0.09766332664686947
4.88488677213716          -0.09596990578396553
4.893549820923344         -0.09496038099896387
4.8954431595394095        -0.09473925728758545
4.92106805324204          -0.09159661999245323
4.962917807149082         -0.08656768444968305
4.969188981845514         -0.08582516266348614
4.969923056311298         -0.08573843504231948
4.97265234707783          -0.08541632804645935
4.975844422227923         -0.08504029681531022
4.9795414616576315        -0.08460796853892025
4.985380804800637         -0.0839274776487431
5.028696798592299         -0.07896972278626337
5.03056171615537          -0.07875983804676359
5.042839436502591         -0.07734405197478672
5.056283347794088         -0.07580628009079426
5.060815890593321         -0.0752907718757103
5.063120798126783         -0.07502919279575891
5.079888855895063         -0.07317941767785774
5.0799365750715255        -0.07317421802153426
5.08000662503868          -0.073166585783588
5.131584580936189         -0.06776108951873767
5.162952752529907         -0.06468278040902316
5.17364860667055          -0.06366931119355605
5.185246907560874         -0.06259111762073366
5.193074421825738         -0.06191778701309087
5.195160052959074         -0.06172817906886226
5.204761171847473         -0.06086247185760273
5.211970301878673         -0.06022016114356798
5.235938261740417         -0.0581426134714283
5.2390868058838915        -0.05787402087333094
5.2466420233520825        -0.057233604091053575
5.261899097028215         -0.05595796728019142
5.281396199688781         -0.05436214024861835
5.286084744840806         -0.053987210796808134
5.298922907451042         -0.052975809910822916
5.310052331673484         -0.05211707966756778
5.317600090506506         -0.05154424724272943
5.327482206607102         -0.05080726366081018
5.331656754390826         -0.05050068089153943
5.334720957122915         -0.05027754141994336
5.342858872247422         -0.049690301180089734
5.358033896573281         -0.0486392149564569
5.376563852811504         -0.047385889880445634
5.3931462189692425        -0.04629239185437023
5.430013100677618         -0.04395635065758565
5.432439504190871         -0.04380720421123679
5.435735402234926         -0.043606848970027166
5.447271010723241         -0.042915221752922034
5.451178828997            -0.042684316415196585
5.466603030012569         -0.041789686115618015
5.480926831019934         -0.040982824840771294
5.484675722718295         -0.04077545655594004
5.486327790955625         -0.04068457452558182
5.487664013137099         -0.04061129190082069
5.501254811623947         -0.039877329592956715
5.503075665687404         -0.0397796113843381
5.509802335672384         -0.0394211628712165
5.5102114115261855        -0.03939949342954222
5.510987575557849         -0.03935841943889986
5.519232960069832         -0.0389253739347061
5.519793833485398         -0.03889613570917762
5.530418736651512         -0.03834752400329429
5.540349733957201         -0.03784378098831816
5.540659895079957         -0.037828188927597775
5.542110656020566         -0.037756235770981694
5.544199448663358         -0.037652883730316236
5.581555602278694         -0.03585344936895407
5.5921463483447225        -0.035360155892906385
5.610815942833815         -0.03450870481690294
5.611939191826137         -0.03445821792970648
5.614685315424708         -0.03433518381983098
5.654013807114152         -0.03263489173245479
5.665731374384151         -0.032150620717891515
5.684375931761445         -0.03140985847695884
5.703603402728357         -0.030649411419514327
5.709088190032018         -0.030436074369824918
5.72419746249811          -0.029859207485400056
5.73801422352102          -0.029350650261705025
5.738746966033572         -0.029323961655861715
5.739614546743588         -0.029292398531195196
5.750549634510419         -0.028899703951228036
5.776996891036933         -0.027975736381686572
5.790863737384111         -0.0275058643264318
5.793085770532377         -0.02743150430737326
5.81256353736907          -0.026790709632967417
5.827269198760597         -0.026320025006576334
5.844022153839234         -0.025797561023069612
5.864939733394776         -0.025159838658366015
5.869727397022789         -0.025016430006728173
5.874152510118046         -0.024884727389576977
5.894181781752769         -0.02430109406056974
5.894555662124822         -0.024290359544861157
5.900450514678301         -0.024121886892718256
5.93391299238031          -0.023193163696719987
5.94940293368894          -0.02277915672183572
5.965544803406964         -0.022355269933702387
5.9762576083455565        -0.022079467960617438
5.98633674496079          -0.021823460933177878
5.992654889382782         -0.021664702890814496
6.0023700915739155        -0.02142308535452504
6.039981052866675         -0.020518296270819813
6.046625534752729         -0.020363507813865152
6.051129645760408         -0.02026003169782241
6.05890582282801          -0.02008256833952146
6.0630058810262035        -0.019989603067968428
6.07188608281482          -0.01979015614641781
6.078143051885125         -0.019650845741010833
6.086583773735011         -0.019464511686075724
6.095177061080733         -0.01927669426444667
6.099468200220142         -0.019183617702975796
6.106031960869145         -0.01904261637632899
6.11181944697176          -0.018919252782290397
6.138912647559338         -0.01835373400339443
6.1579667466840124        -0.01796784906957937
6.181191559379016         -0.01751071257623551
6.184342850102848         -0.017449803937848868
6.184605751874708         -0.01744473461068054
6.209925318532331         -0.016959872701074442
6.22116950154298          -0.01674934685810839
6.222401966760112         -0.01672645071136184
6.225693163122311         -0.016665924959899103
6.253536962437554         -0.016161812553901193
6.2602456258179835        -0.016042475293703222
6.262116221351354         -0.016009347144247538
6.265938623695584         -0.01594185191815031
6.26658171626253          -0.015930522620264804
6.271902400277133         -0.01583723377250742
6.290068773845375         -0.015523863313155884
6.295719451812623         -0.015427700655397484
6.324248776625703         -0.014951413469580696
6.337961877112643         -0.014727956276522298
6.38317983988383          -0.014016323019610144
6.384339628445136         -0.01399857913060309
6.403216775329593         -0.013713350100650099
6.403337460649961         -0.013711541403909082
6.403681647575638         -0.01370638445575326
6.404038717064888         -0.013701036586810383
6.40979787576675          -0.013615076237512472
6.4149775060136065        -0.013538240682474448
6.417744437202023         -0.013497379804138487
6.441849722964112         -0.013146831734914188
6.446544714329302         -0.013079687029367777
6.453917183152754         -0.012974786726891905
6.463282211391881         -0.0128424792374469
6.4700480460090555        -0.01274755015875944
6.483609073530318         -0.012559181579473297
6.4923605981777115        -0.012438983457448418
6.517253322850471         -0.012102945152303974
6.52559727566163          -0.01199224401274244
6.527116770245372         -0.01197221621226534
6.530413930083391         -0.011928864295284653
6.534103645368647         -0.01188052386726705
6.538583493661659         -0.011822077067301526
6.559012100609893         -0.01155896610791794
6.573845441843009         -0.011371427817852784
6.596098074513167         -0.011096637257079794
6.598639042771626         -0.011065566678002481
6.599970733719368         -0.011049308093095924
6.628546529579883         -0.010704591699729189
6.632438115796478         -0.010658262338519211
6.63921915761293          -0.010577886675291819
6.6635632269175495        -0.010293282987034972
6.666858883105675         -0.01025532025184808
6.671540598608526         -0.010201615525123284
6.684462044596121         -0.010054756059584615
6.68648599730032          -0.010031934171982766
6.70455130495254          -0.009830408787329822
6.7153305846076385        -0.009712027104855893
6.729148250431474         -0.009560504426286302
6.747594691816489         -0.00936097881393729
6.753077515159424         -0.009302281410640508
6.757043614300287         -0.00925999509760236
6.773226788974743         -0.009089832031413073
6.773524883651893         -0.009086718831573661
6.788233387425921         -0.008934061104934944
6.8054105304908905        -0.008758146209430988
6.813764760391938         -0.008673509535575101
6.838248666644233         -0.008428399903469322
6.843041699614019         -0.008380966001244099
6.8473943315779415        -0.008338111293350483
6.859470269085179         -0.008219981137543245
6.865446095899883         -0.00816194040543689
6.880874398062457         -0.008013366567484708
6.903427902810357         -0.007799484411681189
6.92001767294203          -0.007645129758464883
6.9203772485198165        -0.00764180236335589
6.933207296971479         -0.007523581805666391
6.9559666176357435        -0.007316284374865488
6.991723041291943         -0.00699684422535154
7.001925515509666         -0.006907095498556153
7.006615526040104         -0.0068660468367911865
7.0085053324611275        -0.006849543642839802
7.017467422876788         -0.006771569969411531
7.019109776218148         -0.006757349785107342
7.020265832736053         -0.006747333906634055
7.022008985044911         -0.006732292038454115
7.050373776351424         -0.00649024474339663
7.065340168532417         -0.00636474479881853
7.070443837067639         -0.006322088617988692
7.0784627991741225        -0.006255448789665003
7.0953201073885355        -0.006116409482412331
7.100561400091512         -0.006073424701384716
7.106834440913429         -0.006022163901424885
7.1154792141297625        -0.005951853499917168
7.115593437617131         -0.005950927057655916
7.157313558169155         -0.005617744232131454
7.175564369251475         -0.005474555095636441
7.183604533194176         -0.00541197020208572
7.206223730219795         -0.005237526485802674
7.212666144520748         -0.005188279983975019
7.214140396483639         -0.005177037990145806
7.2201600365381715        -0.005131103709528891
7.244600977818567         -0.0049461406543200165
7.246402919712834         -0.004932601772770075
7.25875914625701          -0.004840125035416147
7.296662240689853         -0.004560496575632523
7.299927872739347         -0.004536677610264711
7.309388044018781         -0.0044679212761718915
7.315471667591537         -0.004423915700647069
7.329343430135506         -0.004324016660719248
7.348362447016914         -0.004188047103936589
7.359212044400833         -0.00411102973986332
7.366915197631044         -0.004056576158766856
7.387725327164143         -0.003910417314936519
7.390219008026077         -0.003892995917251595
7.3969199487605914        -0.003846280115599237
7.4138113920272755        -0.003729072602078827
7.444422927479234         -0.003518915774469313
7.448445509655119         -0.003491515431563793
7.453036702915778         -0.00346030318323922
7.45603692267305          -0.0034399022430600676
7.46068887333651          -0.0034083144180758946
7.463766218981542         -0.003387461935023599
7.4647616551610705        -0.0033807214053969987
7.504496769850665         -0.003113522688100606
7.5111137088718625        -0.0030693805195958213
7.515580845582339         -0.0030396710632631745
7.552345186494486         -0.0027969140296033763
7.557031997791905         -0.0027661910952515517
7.566077603434955         -0.002707038886586123
7.582964747758955         -0.0025971139829246205
7.58588415404235          -0.0025781772213471586
7.609861697772996         -0.0024233913715828543
7.63219609644629          -0.002280065846407027
7.67405123125944          -0.0020133914251621444
7.6790925479202885        -0.0019814403587436412
7.681623150783798         -0.00196541549684243
7.687031050269423         -0.0019312010498067573
7.704783962425798         -0.001819240755766179
7.708459455747968         -0.0017961302793648025
7.746866000822251         -0.0015555918562011307
7.764358247392231         -0.001446614194302081
7.764888101339554         -0.0014433187949834305
7.765269405807618         -0.0014409474959714617
7.770243852424999         -0.0014100275290201529
7.8051007575330775        -0.0011941886557214564
7.810160328388884         -0.001162979432425943
7.82120913725351          -0.0010947967513995924
7.82722648893801          -0.0010576985997317488
7.833126383845427         -0.0010213486840165902
7.842250353665229         -9.65181849936144E-4
7.843534581046974         -9.572807718294014E-4
7.84464381335412          -9.504572427909396E-4
7.847961202646255         -9.300550956219811E-4
7.85400173742654          -8.929248059955904E-4
7.8576883390747545        -8.70276088781553E-4
7.867285610187607         -8.113587295919466E-4
7.87389420271791          -7.708254756296285E-4
7.884078778285913         -7.084352455801968E-4
7.8956402643251735        -6.376533760138745E-4
7.9310981390646065        -4.206601564588434E-4
7.944406300478754         -3.393069678776679E-4
7.950076941369882         -3.046569944013832E-4
7.962243321937603         -2.3034524199363836E-4
7.971002029336946         -1.7687266170766057E-4
7.994052719795304         -3.624742363444245E-5
8                         -2.0808863173172503E-19
