0                         0
0.028062422325876232      1.4216880324920977E-4
0.04065759172534948       2.060459336177482E-4
0.047953801177498506      2.4308270356581622E-4
0.0596046733215833        3.022513865403797E-4
0.07168895329779446       3.6365610180343066E-4
0.09842844204079312       4.996559860491487E-4
0.10837926776065035       5.503114715024826E-4
0.11077814301568971       5.625267536633527E-4
0.11505964853658775       5.843324128319538E-4
0.1366052186438763        6.941390715966366E-4
0.15496106550044844       7.876098963297419E-4
0.15963094034514372       8.114281409411639E-4
0.18943364287684183       9.638566973680649E-4
0.18977627896674887       9.656121827337673E-4
0.1905561794482716        9.696082365350163E-4
0.23780209428564583       0.0012123203667487332
0.2502838456429764        0.0012766583937949738
0.2581265124034715        0.001317130272420003
0.2597317735773149        0.0013254185888764525
0.2820239464615275        0.00144067280412777
0.3109083274837147        0.0015904394294522209
0.32976717288907403       0.0016886840594162065
0.3412838444401257        0.0017488450970919887
0.35676086975993304       0.001829891677445851
0.361806868765114         0.0018563945552683367
0.36580038663280423       0.0018773883833157123
0.38942328597652554       0.0020019140610108674
0.40116618100307166       0.0020640323810326797
0.4121270992088185        0.002122144096916483
0.42139925515371934       0.002171386673849072
0.42594556644484793       0.002195565690423693
0.4453229271820565        0.0022988761737643628
0.46379611307861396       0.002397692405649446
0.4638544026285848        0.002398005027475336
0.464556563162335         0.0024017713006004152
0.49726274611915383       0.0025780323912223397
0.4974442393163088        0.002579015036454639
0.5075414298913634        0.0026337726553577637
0.5145564763513999        0.0026718999341672485
0.5309012027557095        0.0027610028041096264
0.54974976426043          0.0028642210814261906
0.5643817645679337        0.002944692683252543
0.5891857184986786        0.0030821041244773312
0.6081218632718861        0.0031877334562081163
0.617170858050115         0.003238432083978582
0.6215316357050087        0.003262915312492454
0.6234165246880213        0.003273508171289655
0.6261950484724643        0.003289093797356215
0.6527874587100717        0.0034391219641479918
0.6712014466054549        0.0035439249392676415
0.6736327201050699        0.0035578184903090173
0.6840622272167627        0.0036175662560024315
0.6872555467695021        0.003635907960533879
0.7104399444123962        0.0037697495017516842
0.7174903081989995        0.003810681832650014
0.7256980472517172        0.003858458478442616
0.7257929948039195        0.0038590119476048174
0.7263884064842292        0.0038624872092129017
0.7357140283012903        0.0039170045610992885
0.7811605213434889        0.00418500135197574
0.7907531348751881        0.004242060344374473
0.801390638591194         0.004305534949093491
0.8044560319053407        0.004323855188833587
0.8054491709578263        0.004329819522147009
0.8154946670509207        0.004390368520688013
0.8244438782057034        0.004444516662660482
0.8265260966043537        0.004457143311703562
0.839179122727376         0.004534098742824195
0.845608682263172         0.004573352574574635
0.8486641690775496        0.004592042260619103
0.8643992120967443        0.004688649781604922
0.8715664962151614        0.0047329342757106195
0.8768730124102501        0.00476581296798508
0.8851671775976867        0.004817358497682404
0.8892249814263475        0.004842649665884115
0.8950225837031681        0.0048788668786455425
0.9023152931735052        0.004924399698992342
0.9318609305943127        0.005110447356791549
0.9434300866060127        0.005184097593379801
0.959574826456083         0.00528770399315846
0.9821561431114753        0.005433843931343144
0.9833919696891731        0.005441883118845875
0.9839029616920179        0.005445208442777084
0.9957982473153338        0.0055228271496612896
0.9960556564456085        0.005524511219681093
1.0291528142186919        0.005742609964253064
1.0293584876731035        0.005743971691482388
1.0397537922142854        0.005813029140214854
1.0496681107951438        0.0058793152256014425
1.0537239700217307        0.0059065515537981865
1.0724139106065826        0.006032955142869207
1.079848927760757         0.0060836484758422325
1.0878693204205336        0.0061385939643939
1.090101219745558         0.006153918615081225
1.0914902322569817        0.006163464275325418
1.1305450413028224        0.006434507559375466
1.155488394971046         0.006610292803083794
1.1672592798617913        0.006694242808285972
1.1690725247597966        0.006707218167135434
1.1819409421134723        0.006799635019680469
1.1822661302868478        0.0068019818988999114
1.1865782202042197        0.006833144199314172
1.2135975068363223        0.007030183238296534
1.239509863527168         0.0072220306832530366
1.2440334443987244        0.007255811108891404
1.2654987560610895        0.0074172777713802035
1.2900151671691196        0.0076037881849047384
1.3003994645257664        0.007683511155953323
1.308692549694521         0.007747488625601973
1.3121887655799804        0.007774542680512277
1.3125608655685788        0.007777431250696091
1.3374013176489368        0.007971518585761816
1.3690052206623238        0.008223558578985065
1.3709698927743594        0.0082394537128191
1.3786078298015685        0.008301428295875525
1.4157336548750885        0.008604954464855303
1.4189419203016655        0.00863160050738129
1.4214274316833837        0.008652278390482939
1.4467270238912737        0.008864475028282385
1.4677744502645338        0.0090433941261592
1.4810320576190779        0.009157206690778092
1.484427502307101         0.009186493917134945
1.507398623864007         0.009386112087496346
1.5213151069939894        0.009508301882531553
1.5376460852310194        0.009652900156887103
1.5499130843125364        0.009762373403681827
1.5548507952262454        0.009806677158642146
1.5733572984923163        0.00997419860304927
1.5921939571939658        0.010147094004904352
1.5957329911872098        0.010179847182651237
1.5969240142698506        0.010190888668914766
1.6016820253428417        0.010235092512464438
1.617232800152643         0.010380617358160935
1.6319609026573572        0.010519928894793253
1.645344032082912         0.010647771512385554
1.6487147177929626        0.010680158143315441
1.6518976304768742        0.010710701529302206
1.6682350300155524        0.010868481109224332
1.6702358006560813        0.010887919327021121
1.6797092105814762        0.010980299548080772
1.6951610339438898        0.011132192259003729
1.6957474102430838        0.011137986026244707
1.6976202822188842        0.01115650569725116
1.705681436834464         0.011236469845230426
1.733484523432166         0.01151541043973708
1.734239479149244         0.011523065472390947
1.7358475165110008        0.011539385268946156
1.7440146364305482        0.011622582652523044
1.744228415437091         0.011624767352199993
1.7463999195499151        0.011647179085696367
1.748467613637057         0.011668544870313628
1.7569421559145861        0.011756373022964799
1.760346261997717         0.011791657980998625
1.7684695892410445        0.011876161210662211
1.8222802313781616        0.012446662726020704
1.8355738697264066        0.012590231077569174
1.8404386072512948        0.012642996202432217
1.8430634226219307        0.012671516652949936
1.851858333873929         0.012767647645783236
1.8835918071385556        0.01311854088717582
1.9008404616690289        0.013311269119977561
1.9021238801589284        0.01332571284605839
1.902708031155647         0.013332291686233323
1.903054094013825         0.013336190523888986
1.9111544768250066        0.013427749129728314
1.9717318620501672        0.01413054525322906
1.9718925469282829        0.0141324518965092
1.9722355188452965        0.014136522259580193
1.9877061942089405        0.01432121648485697
1.9895778573363243        0.01434363850758751
2.004290674372941         0.01452071929768322
2.008054686306785         0.014566257457777697
2.0242635701853167        0.014763452292159196
2.0311575650448965        0.01484788093907924
2.037183770357745         0.014921942982088534
2.050163485359159         0.015082290429236409
2.0629102472574616        0.015241503205460383
2.0854885969650736        0.015526153773498322
2.102089096001757         0.015737590387913034
2.102122848850474         0.015738022146125297
2.1241357852555263        0.016021210728960948
2.124169758154614         0.016021650254424657
2.130234242126841         0.016100231979843452
2.139570903803524         0.016221688975871715
2.146173686111759         0.016307929943918317
2.168514473966846         0.016601867602014278
2.173347898009638         0.016666432192432877
2.1792728977314884        0.016744843956685816
2.2133649740446537        0.01720634194220771
2.2172348715525936        0.0172590561148345
2.2176765677352184        0.017265076974166883
2.234956870263321         0.0175013125893611
2.2384156871081236        0.01754875759986329
2.266665344526603         0.017938262130960406
2.2826717380588066        0.018161222596620858
2.2967329082316255        0.018358348219915756
2.3132513586964896        0.018591429503608394
2.326175728425577         0.01877493205037751
2.3291620712164813        0.018817474413490114
2.3520940092561284        0.01914592737151917
2.3582038221995854        0.019233967168317687
2.3585477231918937        0.019238846655668395
2.3603622359032217        0.019264609890620194
2.3936928285009333        0.019743166239488907
2.3955748546016626        0.01977048877265777
2.4214978425956994        0.020153624884181848
2.4251792139825614        0.02020809365030893
2.44836824121989          0.02055153017378123
2.4581653444599767        0.02069656029265162
2.4986184791151973        0.021294286310515158
2.4997340492948266        0.02131074424112114
2.5111931744645024        0.021479720780669287
2.5136082220426808        0.021515314726083763
2.5235925303210145        0.021662399486785302
2.5417247486145707        0.021929235898060576
2.5629552021638093        0.02224120735880189
2.5740181077091155        0.022403575276131023
2.586548888257872         0.02258732448557312
2.5873184095678954        0.02259860299166017
2.588541807854717         0.022616726477096755
2.5907492096655664        0.022649974959513246
2.6067167248984777        0.02288817298769278
2.6241443776540243        0.023146831879655362
2.649548512699477         0.02352138603888149
2.6617898601634526        0.023693637542358963
2.669836167504447         0.02380633360599334
2.673433016149717         0.023857853689850456
2.67564575573341          0.023889477228784078
2.687088504683918         0.02405214890690425
2.6896082490780375        0.024087775570516837
2.6912440541868192        0.024110866663005152
2.6926450344702832        0.024130431173313635
2.72651473067903          0.02459715475149813
2.7325236149257086        0.024678700857105825
2.7399674845338753        0.024779196079813045
2.776092874296557         0.02525865229178231
2.7783007556603248        0.025287511618670995
2.7816710301851684        0.02533146609095774
2.79883911458643          0.025550453424250837
2.8015648231852457        0.025584635574972436
2.8185914019058846        0.025794527879520468
2.822739574922842         0.02584471519985365
2.825791266568549         0.025881399284935616
2.836090109333366         0.02600371578468192
2.8394045903359046        0.02604259367171307
2.8521601985997638        0.02619209043645327
2.8610103383501855        0.026290641000042497
2.8743044635484356        0.026438953814510432
2.883977202849432         0.02654336631382222
2.891467676969028         0.0266221973432311
2.9040637174494592        0.02675077500817689
2.9153573837056683        0.026861808609543965
2.9273282548667137        0.026975113490656677
2.935102873939151         0.02704628261764831
2.9675053762240857        0.027322390706795676
2.975571588461955         0.027385036455887805
2.9826915060141785        0.02743842356240199
2.9913278138241006        0.02750077809702206
3.006395758910991         0.02760326219869178
3.0137452057501912        0.02765033987876055
3.0213963138156616        0.02769732320689377
3.025105795024734         0.027719518462198417
3.0428099009039893        0.027814061620215182
3.047725774289526         0.027836973244324225
3.0499986027002612        0.0278469815946756
3.0563941591049373        0.027873634096567217
3.0748833906047297        0.027938151756163043
3.089245452976734         0.027975415358972123
3.109820715858376         0.02800921793903272
3.1157329422510225        0.02801466511970188
3.1186037018303776        0.028016623231965437
3.1237433606624236        0.02801900741983207
3.12543092633591          0.0280194764000734
3.1507126080680097        0.02800792891586277
3.1622460783021284        0.02799536570609286
3.1768666159789754        0.027956728225119902
3.193829834844138         0.027893009576528648
3.202400998349231         0.0278543662039727
3.2087962484314194        0.02782271324881861
3.2480637555190723        0.02757553665587076
3.251186569034224         0.02755197966287156
3.2550855748683047        0.02752176088399913
3.2552394571894387        0.027520452281338335
3.256442790863485         0.027510161606807217
3.258172700982575         0.027495188719109425
3.2923269313917625        0.02715633110334382
3.2949774377346954        0.027126592492285807
3.302813495995923         0.027035772811198577
3.3183500085538213        0.026845610916828057
3.3538956720792474        0.0263138430319002
3.3546317925419733        0.026301715571997453
3.3549077042691815        0.026297158315643828
3.3889759544192537        0.025685603053989457
3.4156160281684222        0.025139871959813837
3.4392496734180105        0.0246061254953289
3.4435083247408915        0.024504988361452554
3.445391036129166         0.024457779547472604
3.4545858552885833        0.024221505714855134
3.463389618644776         0.024001476235758334
3.4667020633890115        0.023916808890705712
3.472655773646152         0.023762044840680875
3.481396720059971         0.023528809388698866
3.498922959703219         0.023039584279464027
3.500292365467056         0.02299968811209174
3.516310375111111         0.022520243292941753
3.5328672186364303        0.021999927132261694
3.5522951282191304        0.021357311678547083
3.5638089313725994        0.020972015779335683
3.5781405651153086        0.020476274862678546
3.5892951875519734        0.020078033995962905
3.5996709796639816        0.019687895933927235
3.619795117870152         0.018917262724018447
3.6339967657575265        0.018356216468492743
3.676981705158081         0.01657128959962872
3.681791135006894         0.01636346610328718
3.686544758760921         0.016156449318080364
3.6881169451088693        0.01608763068688648
3.6896446775083263        0.016020590737984303
3.692660124731052         0.015887783274676447
3.7130963050343517        0.014970806799247779
3.7397156046320674        0.013728395983170485
3.749957308437347         0.013240633804676811
3.7785260587862837        0.011850029022735919
3.7789100476688917        0.011831060159976486
3.791502307250426         0.01120492391212496
3.7916622213975555        0.01119692137854423
3.793503898495729         0.0111046667560803
3.8049482671721844        0.010527586096348011
3.8234102741893237        0.009582839460887367
3.839587118902948         0.008741022299882745
3.8425172602609514        0.008587142843502909
3.843780239882525         0.0085206837511736
3.850287639337159         0.008176994643184278
3.87367781119248          0.006938061084669679
3.8994914873865643        0.005547287342123468
3.9059659992920692        0.005194594285564057
3.927210360398764         0.004020996434814748
3.938938666410266         0.0033736651904552983
3.9520781960290865        0.0026489272486507507
3.9526909443729332        0.0026151423350083
3.9640677369586155        0.001988065842894896
3.9662288630372275        0.0018689902743206422
3.9822373216653055        9.873736510407833E-4
4.017681495204099         -9.68770453557324E-4
4.0393646531561           -0.0021661780273683024
4.053354552431582         -0.00294080348954989
4.05674096065345          -0.003128509084132003
4.068583586336132         -0.003785545287655212
4.080017410256463         -0.004420801071120642
4.093574143641253         -0.005154925896847923
4.095237564842041         -0.005244439149926372
4.096123497167764         -0.0052920632459779815
4.096946004213106         -0.005336246532237594
4.117274333283597         -0.0064367051934460075
4.128669502104824         -0.007046878163715561
4.14983730664029          -0.00816757548849785
4.15758193013489          -0.008573455321934811
4.16634686895164          -0.00902962876937539
4.175056131211406         -0.009480131575140488
4.17717713073575          -0.009589425680167414
4.180857285235024         -0.009778673312042043
4.185222435388001         -0.01000250615503498
4.2163869851918765        -0.011580363151974615
4.225760978947014         -0.012048043241080284
4.232701498115773         -0.012391031074420081
4.270773436846823         -0.014197611093188392
4.27474542831097          -0.01437879347596258
4.278485544147333         -0.014548138753320495
4.278789633740923         -0.014561853621738263
4.280250987432341         -0.014627650020582326
4.280674839823908         -0.014646698762041535
4.280684325617353         -0.014647128025286402
4.284429026160846         -0.014816237720462404
4.320729693287258         -0.01641934642924317
4.328959319582963         -0.016773651926356634
4.359124707925365         -0.018043487651924473
4.362468563003213         -0.018181458006331117
4.388314869761188         -0.01923066610064358
4.392720539120101         -0.019403023858461987
4.405476931452807         -0.019889761338118768
4.419101949410493         -0.02038942172226935
4.451077803662606         -0.021480022129381975
4.452067303166488         -0.021511935995521123
4.457971167896367         -0.021699104457271922
4.480752565549889         -0.022397875076716308
4.501853237522546         -0.023011850430497388
4.526521536716461         -0.023689100337235564
4.5403525478692695        -0.0240522175732833
4.544324723583905         -0.024154225097619844
4.555780908632833         -0.024442733830239875
4.577279013111836         -0.024949741972095835
4.590309806889801         -0.025233920938917822
4.597089488428917         -0.025374867409194677
4.618216325005937         -0.025783766666060085
4.621690984284084         -0.025846621182232177
4.651687627261708         -0.0263376121797998
4.679199810701897         -0.026739041392798365
4.68202161266373          -0.026777459804964404
4.684167768091108         -0.026806336299931954
4.722931797525469         -0.027276875308393834
4.723727848169694         -0.027285524837893923
4.743495663981315         -0.0274872322975107
4.752521564597162         -0.0275693464869778
4.76378823950602          -0.027656341501165638
4.781789543795098         -0.027768486630066654
4.7943993435126036        -0.027832750022255066
4.802492436845618         -0.02786779051223521
4.8089525877182755        -0.027892279472337016
4.822181144197909         -0.02793278134507863
4.8292689394462           -0.0279484907266633
4.837887141640315         -0.027964041965401972
4.861891396713617         -0.02798681834205253
4.862134884617696         -0.027986894524868765
4.869792256750516         -0.027987703593240473
4.895218138817303         -0.02796832795598669
4.895336338464276         -0.02796815869288832
4.901601649229322         -0.027958137729707046
4.906199500759978         -0.027949473752913
4.910927477861517         -0.027938217140096706
4.918145553190808         -0.02791790168437157
4.974264880951772         -0.02766079547163036
4.975627147299366         -0.02765280072574733
4.975922821774746         -0.02765105451987127
4.988119735863869         -0.027586318142232332
4.9953890969346855        -0.027544301788584843
4.997076817440837         -0.027534180099259457
5.00308209857519          -0.027497043957375355
5.030213412129753         -0.02730381859219426
5.04354347589993          -0.027196850844460642
5.072966641353023         -0.026932678759462522
5.084791406949956         -0.026815630024197002
5.085887157060752         -0.026804467765497345
5.086106882044208         -0.026802258790414226
5.0863714324265885        -0.026799598045786726
5.093720368571046         -0.026725194640302773
5.095412340916995         -0.02670793032428338
5.101707671145842         -0.026641355076869228
5.144533728635042         -0.026170311220604627
5.158793981938846         -0.02600644151735149
5.161118137554664         -0.025979401367427383
5.178903412453495         -0.02576939573293312
5.180786087177628         -0.025746950111939643
5.208188713688222         -0.02541223784301305
5.225624253352699         -0.02518854831774939
5.236809674343699         -0.02504272299537894
5.24405715825298          -0.024947268032133974
5.252987629114838         -0.024828599015355977
5.269518573125863         -0.02460588155027024
5.270669797002543         -0.024590223753137526
5.2977865445414505        -0.024215849558148535
5.313057680592866         -0.02400032142893452
5.326631958310944         -0.023805522489572545
5.327779281790322         -0.02378895475411682
5.330959049343            -0.02374287053643401
5.3769154895478355        -0.023076485288829017
5.384491301927868         -0.022966648696032224
5.384605412607615         -0.022964993971772714
5.386979992968544         -0.02293055798076406
5.396804253840498         -0.02278804486093984
5.407756373719147         -0.022629090228773588
5.424431494687119         -0.022386227393768943
5.466328442513632         -0.021774140828031256
5.473696540245266         -0.02166592028409305
5.491764984274464         -0.021399804826270408
5.510475608779632         -0.021123136321444438
5.53263960655006          -0.02079396240304084
5.536684322666539         -0.020733722671964418
5.54215655818537          -0.020651606047206846
5.564032635318293         -0.020325064039595407
5.571807851331478         -0.02020967138195067
5.605679546176346         -0.019712247038938514
5.610391795024804         -0.01964365152130793
5.611576987812905         -0.01962642215620536
5.612438168437449         -0.019613908893344474
5.633147105462696         -0.01931449052180705
5.650441640223559         -0.019066631182297438
5.658414180842942         -0.018953043355209608
5.678219957853053         -0.0186735190619976
5.695353583397074         -0.018432594841898426
5.7087204782172405        -0.018245208003850558
5.718511079429455         -0.01810820342073721
5.723844622363393         -0.018033666943187837
5.7418445473991415        -0.017782629341313867
5.7560890294290825        -0.017584527366029102
5.768858736579709         -0.01740735608399121
5.782112360228129         -0.017225840809244306
5.818976323619067         -0.016729862430025326
5.829791259449813         -0.016586873255450885
5.835769861383909         -0.016508366949349578
5.840311928643689         -0.016448980861476944
5.845360208130907         -0.01638237747224846
5.847095239838174         -0.016359529684975487
5.852568278140594         -0.016287601977854643
5.876387793590174         -0.015977109450936458
5.879290957877732         -0.01593962567647289
5.881825996501721         -0.015906953829015885
5.907661926497321         -0.01557711071267143
5.917042684161574         -0.015458760194376874
5.922688879428007         -0.01538753488397674
5.940376413647447         -0.015165460619137129
5.944073470359656         -0.015119243586751001
5.944110444671226         -0.0151187817206864
5.947722897109867         -0.01507385490981151
5.996117962957746         -0.014478979093678387
6.00601801101309          -0.014360018710117608
6.016567314360085         -0.01423421480891491
6.021938053971191         -0.014170546688455871
6.022408353225321         -0.014164983665123518
6.041803998236668         -0.01393726977160879
6.043446938037853         -0.013918134395555589
6.0468592843537685        -0.013878467289093602
6.050242895129183         -0.013839236339989208
6.053968162399989         -0.013795834026060438
6.057244372728408         -0.013757758462424347
6.07143366869889          -0.013593877946721738
6.078470278197303         -0.013513225810654178
6.086110170881853         -0.013426122767790075
6.087898989723961         -0.013405798062541678
6.111664985193603         -0.013137915192499815
6.114253819337064         -0.013109101262692812
6.131053517464861         -0.012923100107192317
6.155485736088204         -0.012655627470497168
6.1682373848472105        -0.012517456102188738
6.209148864828809         -0.012080767897179438
6.20949801925284          -0.01207708441149789
6.211361428780576         -0.012057438354949943
6.2148777185535105        -0.012020573144661519
6.230964462745933         -0.011852909876839748
6.242619672763862         -0.011732451299985052
6.260857815980311         -0.011545672237915408
6.267337070779439         -0.011479831011452502
6.267964917581317         -0.011473464491447231
6.271491510793235         -0.011437748517131354
6.274158820022062         -0.011410785267244462
6.306922879302041         -0.011083109851082145
6.331367027228124         -0.010844305518000287
6.33452992152936          -0.010813667178339467
6.353088666692747         -0.010635098122529565
6.353350298792049         -0.01063259547281713
6.354115815634105         -0.01062527525053295
6.356300121283328         -0.01060440719465345
6.3660996131492           -0.010511116575477293
6.367746497580824         -0.010495498767572622
6.378406580283277         -0.010394827234233257
6.418041596730307         -0.010026914134191985
6.433043808273078         -0.009890283800863786
6.435227821762039         -0.00987051358047326
6.454454335610018         -0.009696924434851617
6.456035852088545         -0.009682818582895474
6.465957842937307         -0.009594736001938225
6.473609530208751         -0.00952658242572256
6.474570674594727         -0.009518053277184831
6.478407818718372         -0.009484045229998572
6.494407246863253         -0.009343146594493212
6.515795516321641         -0.009157297637257736
6.53720615640189          -0.008974657439210405
6.5443428887585755        -0.008914268262804658
6.577208547697742         -0.008639327179078036
6.585171043785836         -0.00857349737939664
6.58630119322393          -0.008564178584432968
6.595938398177865         -0.008484963131391259
6.625973077209357         -0.008240933866211123
6.656581156871964         -0.007996753732743552
6.663081587342239         -0.007945481504103586
6.697582923567645         -0.0076767873828036135
6.707613194970818         -0.007599757085474756
6.720309720426155         -0.007502757811779391
6.733984720858906         -0.007399156212494849
6.751611610068279         -0.007266838377039056
6.782784028311714         -0.007036073934125625
6.786774762078462         -0.007006806949248475
6.790187676149739         -0.0069818271996884
6.819150046166365         -0.006771689026345193
6.826690660301237         -0.0067175186106941155
6.836187536038769         -0.006649616229318183
6.856028141501508         -0.006508911968151557
6.858415260697901         -0.006492088488671247
6.861930273773736         -0.006467357239010704
6.904985329213522         -0.006168406860384482
6.9067060602979335        -0.006156612007300038
6.920242100448418         -0.006064238377303234
6.927571898574451         -0.006014673518191996
6.943888885709801         -0.005904840885326776
6.955534633176066         -0.005826757690372267
6.985298808734647         -0.0056291040666666
7.014102892077137         -0.005440442047819625
7.036956754504992         -0.0052925836779058755
7.046177851710179         -0.005233384279962068
7.048643258817121         -0.005217601056136754
7.0515936859915955        -0.005198737573274536
7.055727323629129         -0.005172374708075032
7.0606950433849365        -0.005140768687621477
7.078933309991494         -0.005025446195983071
7.122703513471949         -0.00475326419583325
7.147869918225037         -0.004598985720750213
7.165799862914915         -0.004489963567648702
7.175591867727901         -0.004430737962540117
7.182261093625458         -0.004390527132042524
7.1843825937721615        -0.004377757536416415
7.193734694774366         -0.004321590178901654
7.194545310299574         -0.004316731275419724
7.195145171772383         -0.004313136630306786
7.241933422900933         -0.004035389189904882
7.277405276489215         -0.0038283165173239007
7.287845626812523         -0.0037679438591343775
7.296737391852322         -0.0037166106660812192
7.305462092070525         -0.0036664219985655527
7.31728371132175          -0.0035987534542176944
7.319390042692608         -0.0035867227769688552
7.328686887538268         -0.0035337170846835774
7.329649939213923         -0.003528235113786551
7.344281459865393         -0.003445152379531829
7.350841889139501         -0.003408024427429252
7.351914596852839         -0.003401960894459443
7.38218716524503          -0.003231692703721406
7.387874897672209         -0.003199907069596805
7.39596189925692          -0.0031548140860638693
7.403918317259061         -0.0031105648058728456
7.422616046842182         -0.003007029399961734
7.432462794986776         -0.002952759233592429
7.441718665203961         -0.0029019607011152955
7.4552676108466125        -0.0028277456489921395
7.462688864063753         -0.0027872034530121545
7.463780775219517         -0.002781242290029549
7.465088270849886         -0.0027741065796170732
7.4834301844556395        -0.002674281837522667
7.510366938892644         -0.0025286175826341826
7.534055346577386         -0.0024014408956419477
7.539133209577946         -0.0023742914799864743
7.545725300560298         -0.0023391051840757297
7.548179901020818         -0.002326020444586385
7.551486656286877         -0.0023084077653340238
7.556953102565769         -0.002279328842271131
7.585137321237318         -0.0021298194346866515
7.596726554802121         -0.0020685932897277727
7.6109957393405185        -0.001993410235483966
7.617911838002079         -0.001957049876143091
7.618575416411831         -0.001953563955749021
7.621865799194358         -0.0019362859644748672
7.623125967200299         -0.0019296718778747833
7.6274296584246875        -0.0019070990795141281
7.631723791804689         -0.001884593138156893
7.694751452510125         -0.001556181769392533
7.696569925339889         -0.001546759471306519
7.706678600805432         -0.0014944423049249322
7.729668526486429         -0.0013758389988018762
7.742314671791958         -0.0013108243143964042
7.746968936092931         -0.0012869144025712484
7.755841994876514         -0.0012413584703407261
7.775583867265539         -0.0011401261328375495
7.79477370196379          -0.0010418913036171367
7.804786379968011         -9.906888796480163E-4
7.807749301397437         -9.755462470662161E-4
7.822766302117984         -8.98867884425206E-4
7.823550434068133         -8.948678446928897E-4
7.825640409859842         -8.842082429602789E-4
7.840193617584438         -8.100535304395066E-4
7.857127464745267         -7.239311625265593E-4
7.872957424262348         -6.435812244230519E-4
7.9109749785019           -4.505054457261959E-4
7.914080982112351         -4.347415981669555E-4
7.914376669631256         -4.3324179535002326E-4
7.91980276259713          -4.05758612474053E-4
7.939115687584155         -3.0796923402381314E-4
7.941804538312559         -2.9435826047737284E-4
7.9501927320497225        -2.519031525022248E-4
7.959901381298565         -2.0277610848345767E-4
7.965741258299605         -1.7323138942790565E-4
7.979611541866437         -1.0307731553683019E-4
7.9861072846130465        -7.023119201045221E-5
8                         4.142324118469061E-18
