0                         0
0.001300643732032886      8.11814929113427E-6
0.051343719952067796      3.2116097279667944E-4
0.05155092161677201       3.22459920133011E-4
0.051619134965885834      3.228875547112782E-4
0.07508146952119224       4.7012336661931154E-4
0.09071162575064068       5.683735924913053E-4
0.12489478475559676       7.838300812087058E-4
0.12987007628057617       8.152267178675206E-4
0.17313372474603064       0.0010885460172449268
0.17424775178679489       0.0010955882183263646
0.18576456206379027       0.0011684834680016551
0.21320640956415554       0.0013428590567695635
0.21486878302543452       0.0013534533149370984
0.21502376588898867       0.0013544411962980619
0.21591453815232242       0.0013601184995685309
0.24008100779349378       0.001514506060301238
0.25581506688332734       0.0016154349994070792
0.25752281559838336       0.0016264052934062952
0.2625016314903832        0.0016583842369909242
0.26392066337886944       0.0016675027062751616
0.26897449375071003       0.0016999923049124592
0.295213681342891         0.0018690403928249073
0.3265860542086341        0.002073006630021641
0.32878650814598276       0.0020873873293482817
0.33925023493975337       0.0021558964656435385
0.3628991396820359        0.002311039223423391
0.376536968983198         0.002400968791210809
0.37831965533871026       0.0024127490246163416
0.403861254346457         0.0025821654240198314
0.4247982878389684        0.002721924007563119
0.42814342557029067       0.002744327217405264
0.4300112972888014        0.0027568456598094353
0.43340181475000167       0.002779585043691725
0.45406761411193874       0.0029186372354693168
0.48109200901238525       0.0031016448350405634
0.49712345489556703       0.003210835924359488
0.5173562227843322        0.003349707594578917
0.5297847512568274        0.003435658608896104
0.5393202205322628        0.003501935259503826
0.5602866110284898        0.0036486796093571127
0.5708636932560314        0.0037232392864631936
0.6018622724273156        0.003943802403539685
0.6148266533628437        0.004036953468640244
0.6234497671614123        0.0040992077887861
0.6393257903084796        0.004214442590267957
0.6563188605261921        0.004338573730513969
0.6721450214733191        0.004454945210176944
0.6824402364313652        0.004531133887517352
0.7152641447976565        0.004776905788756987
0.7189235628088273        0.0048045659815611815
0.7218630057925601        0.004826702640365374
0.7560969364897835        0.005087429652596366
0.7870853527444643        0.005328067705272419
0.7903558695199975        0.005353721255436455
0.7930720565492976        0.005375063950644873
0.8280929851623262        0.00565327102813
0.8589065606912725        0.005902700888795115
0.8617881762311685        0.005926249382695411
0.8642623201902395        0.005946498377077186
0.9000890338348689        0.006242855628722727
0.9267781851089386        0.006468561943237469
0.9314597424113764        0.006508380305427935
0.9330829602631561        0.006522230916377371
0.9737563816615807        0.006874550864216831
1.0171258692120868        0.00726137175953231
1.0362115221698762        0.007435245889716899
1.0440622256423153        0.007507414110181756
1.0532015062571665        0.007591902559785644
1.0864492269425208        0.007903572426770122
1.0985667170103066        0.008018805587356693
1.1001231064287151        0.008033670638019212
1.1292489602218423        0.008314552185457987
1.1388848250466181        0.008408755581487272
1.1392562257274859        0.00841240406613963
1.1426666183084269        0.008445967230687662
1.15423702707862          0.008560655104360293
1.1552132734111744        0.008570389658921011
1.204875837660207         0.009077207592485145
1.2071378328405138        0.009100830123665945
1.235296877162155         0.0093975927717399
1.235635860701055         0.009401202908239372
1.2413207063820009        0.009461881301385616
1.2550154819238355        0.009609104938845526
1.25586418823211          0.009618277642666696
1.2646914882520188        0.009714019699386043
1.2666691043675216        0.009735553687883166
1.2667469252845516        0.009736401701669771
1.3065865873675677        0.010176823283013663
1.3106146180026361        0.010222051365111407
1.3189672740946417        0.010316308254145848
1.3355022943326473        0.010505336969147043
1.3493163131626829        0.010665741494011042
1.3571114623326133        0.01075725396977627
1.375518325353088         0.010976200168190904
1.386695754858168         0.011110932029128823
1.398375758671704         0.011252954770590589
1.4029746796288143        0.011309232411797987
1.40556933915977          0.01134107267057193
1.408721761670105         0.011379825075848986
1.4193903390352898        0.011511659607940027
1.42824455788219          0.011621878775364676
1.4318583248285186        0.011667073570040888
1.4514154940878987        0.011913771841442752
1.4605635385281956        0.012031315816019171
1.4724923600827424        0.012185939681271678
1.492261827517764         0.01244555908884609
1.5134771631434312        0.012728569717871353
1.5226659954472166        0.012853068697446528
1.53684794026646          0.013047497837335031
1.588112523602759         0.013773383123293112
1.59621898033277          0.013891244555878438
1.5988148235604722        0.013929187672276001
1.6129207029680694        0.014137081333754756
1.6186224351589518        0.01422193358346465
1.6186506437295183        0.014222354551851493
1.6186672573720842        0.014222602166543115
1.659096649757236         0.01483709091498438
1.6770753535865717        0.015118003203184599
1.7085829867098834        0.015621664343426638
1.7097889400910213        0.015641229463209817
1.7113468518368653        0.015666536057403202
1.7134582426902056        0.015700889782825123
1.7503101957761826        0.016310959750934956
1.7644547167660143        0.01655222603752955
1.7882289715631638        0.016961352285230363
1.8084110764473647        0.017318115858752533
1.8134332045676642        0.017408079711226113
1.8198099357201905        0.01752299061935768
1.8282581756637941        0.017676404902365647
1.8380918539996498        0.017856663077926747
1.8589055967992942        0.01824417315447176
1.8745522865778474        0.018540830910781722
1.8874684049364807        0.0187891759666898
1.9094950795400278        0.01921990957177916
1.9154104213347023        0.019336747498275995
1.9230054939677808        0.019487711937242455
1.9290554313501103        0.01960872777149518
1.9444060257117834        0.01991959156728465
1.9548336607709027        0.020135414645398204
2.0038203090928675        0.0211786208410257
2.0244958281686394        0.02163342972501371
2.036364552963295         0.021899219618660218
2.047329210587839         0.022146782610387997
2.0609619556280263        0.02245729050113148
2.08519343496559          0.02301828474820171
2.094512271374272         0.023237703775423744
2.1183181321315327        0.023807498016525305
2.1403645976264425        0.024347061104846104
2.1506500384998217        0.0246026941575734
2.1557891567965117        0.024731352734494786
2.1606109793243142        0.024850974507060516
2.165774241654939         0.024979894293517504
2.168380767925519         0.025045300818205777
2.185969087847405         0.02549235163533975
2.1955355133128514        0.025739675288488733
2.2022697528847743        0.02591553937212629
2.203991409853258         0.025960733943654373
2.2139803445366493        0.02622658972861799
2.228854994117725         0.026626640879796513
2.253352394947001         0.027296348321663045
2.2819060458330314        0.028093991770323422
2.3124329896199827        0.028967055024693263
2.314218844673635         0.029018779438108384
2.332998389071938         0.029561563858369236
2.35210370062279          0.030118845331849897
2.366395978628047         0.030539086828785953
2.3816566291316965        0.03099053458295159
2.394048016377723         0.031364514888497015
2.408062051734002         0.03179547297067348
2.422199283505518         0.032240217540995826
2.424571905734183         0.03231519094589631
2.449498774173915         0.03310864691801413
2.456884398197905         0.03334576916104165
2.4603859338941105        0.033458513107763405
2.470846496211747         0.033796567798232494
2.4741605306971843        0.033904055563056444
2.4993913673053547        0.03472851508802199
2.5132132372100653        0.03518448292663319
2.5238891601783755        0.03553926804077949
2.5433827052750875        0.036192925901565205
2.561334683783172         0.03680157079840317
2.585749361316548         0.03761498435163732
2.596371286830499         0.03797441240937341
2.608270424821998         0.03837896716361898
2.60893327984786          0.03840156263187884
2.609452308191033         0.03841925968934792
2.6155678137486755        0.03862950893197406
2.6220238409208583        0.03885155672326053
2.6663453288642276        0.040378482126198725
2.682134063163849         0.040923492044229924
2.6902798896470688        0.041204896948930314
2.7117545619779806        0.04194747607698075
2.7238808345568746        0.0423672535320774
2.732097704422148         0.042658316841574215
2.7375451280082594        0.04285029959581156
2.7427467391558666        0.04303289036147215
2.7706647125953174        0.04400072110075875
2.7817751188475226        0.04438017925779971
2.793193483485076         0.044768720719165336
2.8038183096751825        0.04512745708758811
2.8157501358598482        0.04552710212692181
2.832668472832023         0.04608792445462826
2.832740330088337         0.04609029182518905
2.832846636065014         0.04609379389812884
2.8642853613940407        0.0471364120216753
2.8852944848917708        0.047729859791538216
2.8917890151983565        0.047930511822227045
2.906398873293657         0.04837636920537894
2.929071039153008         0.04908774170067362
2.948863553506606         0.049671770890736364
2.965488015694024         0.05013567405751253
2.9778161270048726        0.05046397951873839
3.008461500540328         0.05122212631495169
3.010984829089698         0.051282225383066836
3.0116204869100613        0.05129730320378352
3.0439544683555746        0.05203141406438776
3.059789344456139         0.05236742362578281
3.074490117770919         0.052665534351182354
3.1029319596290055        0.0531160208229155
3.1197786004258403        0.05334670965495828
3.126618906128395         0.05340848049548001
3.139217473947344         0.0535672104357418
3.141694204612896         0.053595362902277885
3.1533535458350412        0.05371441990561387
3.1724758129266437        0.053851442668684635
3.179298255538586         0.053887251686851774
3.197527155242039         0.05394919005195621
3.1975279929897713        0.053949191770111746
3.197531418832739         0.05394919879517046
3.218354299870219         0.05395985746113151
3.2408630576839768        0.05389931678697771
3.2533339200545455        0.05383354433411156
3.2635002581834858        0.053761792030594634
3.266415167217577         0.0537386592080712
3.2757018180102593        0.0536573528855138
3.3082330649020646        0.05328120677149496
3.312028421174381         0.05322806654116329
3.3152434788441276        0.053181538154089124
3.3613049928365624        0.05233386874721846
3.3707789465449114        0.05208804095668297
3.389843581974575         0.05151944091884127
3.3970860896917574        0.051277549768132716
3.3974852093760033        0.05126380529792843
3.397597716343597         0.05125992307951428
3.403184325762305         0.05106282345560472
3.404101646666016         0.05102964917392691
3.405824453803938         0.05096908690311429
3.418691745009924         0.0505015323621801
3.4637873721315238        0.04865089265978033
3.4924575216332157        0.04730278336430423
3.4961355262688842        0.04712018825064671
3.499225907697009         0.04695851359143789
3.51775242918928          0.04594416908361041
3.536833589284131         0.04485839876975961
3.5540419336294393        0.04381603746276104
3.571203591212012         0.04267491127177124
3.571574566212153         0.04264955756588401
3.571665329032072         0.04264335009930227
3.5834198075019654        0.041824738803369954
3.5865228123877944        0.041603771376991575
3.610778008562673         0.03980649546625525
3.620460293660126         0.03905436708645778
3.6373679603555464        0.03775417172240222
3.6402786944849628        0.03752692905721907
3.663920029166966         0.035644152312126816
3.6828524112762873        0.03401563592503294
3.6901877522847135        0.03336771899494997
3.708194497154132         0.03173707644530107
3.7113488901017977        0.031445551425965966
3.7150241569576767        0.031103679926385946
3.732146201095424         0.029479672533813513
3.7587777510366314        0.026851200770630416
3.762542850033919         0.026469527125759663
3.769053235378819         0.025794011901976426
3.7862246021707193        0.023983746723425122
3.7946726878974877        0.0230857992813463
3.8109672388579137        0.021341463564282907
3.828692454403894         0.01942540950953017
3.8490929222616352        0.017202364882672565
3.8768081412698043        0.014151707417068447
3.891547671451482         0.012514981648452213
3.898887897634068         0.011696189346325297
3.915241033974615         0.009863150790784203
3.9161683757938266        0.009758837384279354
3.919362617590438         0.009399227072412433
3.9274470774574985        0.008472892407568286
3.929737764440256         0.00820938017005787
3.9716969855379975        0.0033012630904981815
3.9825918851638864        0.002099391829268421
3.994665513455391         6.847086872532196E-4
4.0031824400983815        -3.118186809428853E-4
4.012080716010369         -0.0013517180328347644
4.016566520719112         -0.001875469271003146
4.037499568353906         -0.004315273972744199
4.042822249945234         -0.004934521803087428
4.068772932074767         -0.007824695925680636
4.085489470954707         -0.00968935858044779
4.089033073398081         -0.01008492625720221
4.114315460800951         -0.012993405629513285
4.124071898931387         -0.014111770090042015
4.126008463179585         -0.014333489401121275
4.147231488944668         -0.016757565450762197
4.162350641505872         -0.01843968846902073
4.165972754951989         -0.018834356294077488
4.194786780595075         -0.02185939562234745
4.205103576740814         -0.02294825486986738
4.205409119880223         -0.02298028829129137
4.218099312898335         -0.024299848935779175
4.229831723601901         -0.025466034129573482
4.252352404068516         -0.02766403347313505
4.259949847408617         -0.028393516677967915
4.267901555304273         -0.029150519873628163
4.268155893339909         -0.029174882786554567
4.2682762692545255        -0.029186411230079482
4.275223384126676         -0.02984922986549325
4.30724345016959          -0.032840478264617334
4.318781806683411         -0.033892684709593474
4.342862974017985         -0.03604486348804225
4.344506790764514         -0.036189613537058206
4.34533382755491          -0.0362623357319018
4.3456500043152015        -0.036288816256511806
4.348270472659756         -0.036507469518231146
4.367153790825775         -0.03803999617896167
4.371541432584344         -0.03839870610624482
4.391215787102174         -0.039936004655107854
4.413389242742333         -0.04152907584553695
4.426825298382936         -0.04242573422923074
4.4268307135428895        -0.04242608983866644
4.449413320249773         -0.04386861835300636
4.44942531172726          -0.04386936285530581
4.457559421102275         -0.04436912181513072
4.478810022227073         -0.04562523433527286
4.4881055428395555        -0.04615216943236366
4.49561605310009          -0.04656790741578988
4.510790690327005         -0.04738058623619678
4.53707513360323          -0.04864994181999343
4.554442642158154         -0.049410488748743285
4.558441610046378         -0.04957679749590843
4.562630670323001         -0.04974747453796022
4.563111315186002         -0.04976682623517654
4.572606383528393         -0.0501393480135187
4.57813983271504          -0.050347866905194154
4.579363545337763         -0.050393127759476714
4.628616342755743         -0.0519584330426724
4.634319753936287         -0.052107784274870575
4.664426814676283         -0.05278290537109184
4.67628479069578          -0.05299652822907192
4.696965959313439         -0.05331400834513172
4.697032950186503         -0.053314773683674016
4.697110660258979         -0.053315955532145604
4.710003549141192         -0.053527710340264684
4.746585013027206         -0.053863510753963645
4.756325695901932         -0.05391706350035465
4.773817866230978         -0.053975371518146416
4.789878666077949         -0.053986077498155205
4.819540877826394         -0.053898055756330554
4.822491515498842         -0.05388165157613299
4.849824636012119         -0.05366390259969987
4.853522495990903         -0.05362532346309146
4.869753783014707         -0.05343027541627595
4.888657335095754         -0.05315032687037742
4.929201508983975         -0.052535673580532
4.937329051670628         -0.05238600276665783
4.93787525877041          -0.05237563558355799
4.938416430303758         -0.052365325641717385
4.93924760190435          -0.05234828644523664
4.9438783512949644        -0.05225245357606
4.954864854460599         -0.052018973461307995
4.957475579978306         -0.051962226244429074
4.95996138429792          -0.05190916092305297
4.973361507016676         -0.05161512291485269
4.9988564850442785        -0.05101851047336891
5.005420747998597         -0.05085700906924337
5.0138557395647645        -0.05064473850012278
5.033890643913168         -0.050119165700169444
5.061102330114832         -0.04935712392655783
5.093243652748269         -0.048385509376538106
5.097650388757352         -0.048246257849863104
5.123736506200198         -0.047414220978932185
5.1279890065709015        -0.04727570950675573
5.14968946306089          -0.04656743502860451
5.150545174061812         -0.04653954366619728
5.1519768226262554        -0.04649288641494141
5.173868039463954         -0.04578045750653379
5.178433677776882         -0.04563211046819887
5.178822175423932         -0.045619491157181426
5.179441626716882         -0.04559937115906973
5.1867808084397975        -0.0453611066931062
5.1948679175726395        -0.04509880609279307
5.248364123555072         -0.043310441068975136
5.26154511616116          -0.04286275002476946
5.2617214102787155        -0.04285673668394635
5.271741763658725         -0.04251383764995929
5.277456002312658         -0.0423173201909242
5.2889115437803875        -0.04192122212897717
5.306654263972776         -0.04130211593890097
5.307881289904            -0.04125904832089991
5.329503291890139         -0.040494777432949186
5.335498392634235         -0.04028107418518757
5.3458440936091325        -0.0399155208689797
5.346717382034319         -0.03988475175887435
5.360388713696795         -0.03940483758529137
5.372034031066699         -0.038998677642946754
5.381934336803888         -0.038655284902404816
5.409358044954105         -0.0377132353974034
5.413410663065959         -0.03757516081402341
5.417869489438884         -0.03743182202468093
5.426960852342342         -0.03711749591776121
5.438206436977506         -0.036736371793884406
5.4428912236456295        -0.03657818506465504
5.475575736798149         -0.03548413857393467
5.498646824813411         -0.03472197135611625
5.5039913941613445        -0.03454660153072763
5.512440292249125         -0.03427028436155793
5.533998540434317         -0.03357030630275733
5.553112316193562         -0.0329557958911684
5.588986852519549         -0.03182712633539752
5.599762066991889         -0.031496032598024144
5.601799843477892         -0.03143386596596473
5.610275651552691         -0.03117606826211807
5.614400778322936         -0.031051051417638725
5.620789252851178         -0.030858024939699656
5.622339502955258         -0.0308112914142383
5.624218793721844         -0.030754459506499916
5.628858735920852         -0.030614465531973608
5.647616566267974         -0.030053203217304786
5.675951040657602         -0.02921965029452917
5.6791837943494645        -0.02912563843635563
5.680541246959018         -0.0290862288706848
5.744283205585157         -0.027288967770142482
5.746438417512777         -0.027229792694091603
5.749788009004427         -0.027138060386709274
5.751941619474644         -0.027079233387396397
5.754288938906069         -0.027015250652528314
5.757338689953257         -0.026932332326293145
5.772791472982397         -0.02651586111706328
5.776373197401628         -0.026420203854630894
5.821953143239079         -0.025231642509428494
5.825970953667895         -0.025129428672269683
5.839608002555789         -0.024782967283908015
5.844124068621508         -0.02466961731000308
5.859647427529816         -0.024285246640002273
5.895196661511413         -0.023428993589774984
5.927716150344192         -0.022667007375035686
5.930646190890547         -0.022599350668650448
5.93798978020545          -0.02243050767558735
5.963434225440043         -0.021853516285149803
6.0019752190202285        -0.021003260679294186
6.0109294369522           -0.020809811629652293
6.018246779875653         -0.020651942499467203
6.030999888078252         -0.020379363061658676
6.03171258843257          -0.020364226263535963
6.034509720012942         -0.02030511210874208
6.087672334103744         -0.019219199935476296
6.097066052379823         -0.01903486522920633
6.105440364861597         -0.01887294500759215
6.122152863054686         -0.01855304245491897
6.134354510424864         -0.01832221027703142
6.134395917483971         -0.018321430850347323
6.16228180752881          -0.017802537281503043
6.165492770243588         -0.017743559982378726
6.173181864828739         -0.017602978233733968
6.182389652370877         -0.017435831905376408
6.192272962696529         -0.017257880834786698
6.196675720394456         -0.017179094232643313
6.200321666813659         -0.01711395404318372
6.212009219232615         -0.01690642956272395
6.217945881326491         -0.01680239028111521
6.2328936611693555        -0.016543184245241573
6.2450435710375265        -0.016334889419617762
6.2551497236993985        -0.016163732680731704
6.273412653523003         -0.015859271948490253
6.289664166923004         -0.01559358158110688
6.310051491476431         -0.015267251866108384
6.328047694435293         -0.014985646315695492
6.331412586770893         -0.014933414318579136
6.336498858920911         -0.014854727491919975
6.337127044588484         -0.014845031362518806
6.33891186282853          -0.014817509058729344
6.378666459076865         -0.014214684872166946
6.406563006959176         -0.013803329416821141
6.420040664702725         -0.013608035792457578
6.421874504202179         -0.013581636582004038
6.427914587356451         -0.013494842574941771
6.4354457630198105        -0.013387927863559725
6.460507905302288         -0.013036631230720176
6.469010110451508         -0.012919504737000249
6.482280153004324         -0.012738771038782222
6.521898632240112         -0.012214225944430385
6.522461517794221         -0.012206935796080908
6.522800337644202         -0.012202542506200264
6.535691417902318         -0.012036211523621205
6.538718396718087         -0.01199738685276432
6.5697952523561005        -0.011603887608462312
6.589160106467292         -0.011363386816754166
6.59105833583329          -0.0113400060464576
6.5975966147888006        -0.011259738488861092
6.602459540643801         -0.01120030358490607
6.614652371958933         -0.01105249721037275
6.630621498052809         -0.01086154053218664
6.637417554344449         -0.010781186725994324
6.642338583692659         -0.010723300155727901
6.648245718523817         -0.010654144147660147
6.654430838903972         -0.010582323484769
6.689486443575574         -0.010181653656863054
6.690361318160081         -0.010171793182167705
6.69990421096198          -0.010064677261985644
6.7153914460844115        -0.009892551499800646
6.716121879197135         -0.009884485798389978
6.741849189987629         -0.0096034045175027
6.74569462730512          -0.009561894230535816
6.760118821306611         -0.009407222833258561
6.794867906696902         -0.009042031051606522
6.810826888251551         -0.008878358736583802
6.812001622497483         -0.008866409706974755
6.816639274729356         -0.00881936930787196
6.818595427816338         -0.008799455722728547
6.819103033032075         -0.008794293447090245
6.839568449960229         -0.008587924172372172
6.844205312022179         -0.008541777064056065
6.845160806944034         -0.008532285656594512
6.864071153202978         -0.008345697915949727
6.87502327749384          -0.008238729028862751
6.879555046279821         -0.00819470245914017
6.904541298184128         -0.007954428731318654
6.917844384877339         -0.007828209013213516
6.923190220260491         -0.007777816549219547
6.9388385560541215        -0.0076313198398939
6.950059161984485         -0.007527203554553416
6.9508807230080745        -0.0075196107502948795
6.973507073202838         -0.007312934341793182
6.979246669929289         -0.007261025973506945
6.986665462283247         -0.007194242288492402
6.991646820074833         -0.0071495971914933894
6.994033562076433         -0.007128262226629368
7.011638554766515         -0.006971844518856683
7.028572542798508         -0.006823324619893036
7.037894365542171         -0.0067423775362582625
7.0415986046290655        -0.006710371083410392
7.103916247846388         -0.006183336462079515
7.1082066129883765        -0.006147715242440868
7.12581163344837          -0.006002442475008509
7.127889490385165         -0.005985391395122297
7.128103315787774         -0.005983637862258804
7.128307132017347         -0.005981966609917242
7.140879532750289         -0.0058791246817409175
7.141650978596729         -0.0058728386226935695
7.1632763357555955        -0.005697771917470325
7.179637357277919         -0.005566792357811392
7.214918719611325         -0.0052886540749946176
7.24122453161807          -0.005085106041504615
7.2498776585694165        -0.005018844169108937
7.251663263376353         -0.005005210748709659
7.260783332058114         -0.004935790591187737
7.2690527747575695        -0.004873153536931703
7.279865495664781         -0.004791694738686196
7.283236441974725         -0.004766334215607677
7.286414556059612         -0.004742464381922021
7.292147948412749         -0.0046995007389717056
7.2995304640702106        -0.004644365162887605
7.304065089450802         -0.004610602523328956
7.310756861387321         -0.004560923044155467
7.323112408141251         -0.004469647743978328
7.328536869838603         -0.004429760279032556
7.332013194016637         -0.004404257378849261
7.334298800414581         -0.004387515069963912
7.336023207431703         -0.0043748631657193945
7.339930076787565         -0.004346357926195615
7.386925304204134         -0.00400690440682721
7.401032342824203         -0.0039062439487032243
7.4056086602416205        -0.0038737124173494745
7.432799053763815         -0.003681664207373417
7.439346658133984         -0.003635734842843214
7.446054332116672         -0.003588810214282329
7.460700783225201         -0.003486871234841944
7.473007264171907         -0.003401671617769717
7.501917706367264         -0.0032031484549492006
7.529303958089933         -0.003017198270844922
7.531849668318323         -0.003000017242820314
7.536647979718637         -0.0029677812300525543
7.54050093261094          -0.002941775297658523
7.557207872325653         -0.00282942550720066
7.57811248713848          -0.0026896804517628128
7.5951273705732945        -0.0025766213778957063
7.603498105772081         -0.002521225346698492
7.614974180676307         -0.0024456275862269794
7.626033509877036         -0.0023729705162254112
7.638959091408374         -0.0022882957034629147
7.644592813094949         -0.002251471465952246
7.64978833921851          -0.002217555562750109
7.65234463493884          -0.0022008838430622435
7.662970469239622         -0.002131693810007776
7.66915250755208          -0.002091520988120119
7.68232353171596          -0.0020061314047880555
7.688832813191861         -0.001963992212408531
7.699216628065351         -0.0018969277223659638
7.708992235573883         -0.001833968098892367
7.710088300659985         -0.0018269195972327585
7.730349530722274         -0.0016967435128052448
7.7356081697226315        -0.0016630325004930312
7.736068163748412         -0.0016600851373379786
7.736969287229498         -0.0016543084120211405
7.759270893704425         -0.0015116797841149897
7.764550981896351         -0.001478182653283842
7.764930398610802         -0.0014757761598579327
7.774477435509323         -0.0014152470190717191
7.82394059486265          -0.00110229635594847
7.833464716833918         -0.0010422498403403475
7.8683771462322865        -8.22723874499526E-4
7.884081575815626         -7.242760174024153E-4
7.884595185331225         -7.210594487988776E-4
7.9017002293337395        -6.140499100230031E-4
7.902647789046498         -6.081284125501278E-4
7.903719080218944         -6.01434507913437E-4
7.906380017032472         -5.84764153818353E-4
7.942863307216887         -3.564814749066372E-4
7.950731749415999         -3.073154661258859E-4
7.965358843886667         -2.1596372336153493E-4
7.997758259605987         -1.3959389133241522E-5
8                         -5.102978716841516E-18
