0                         0
0.007702006264683636      4.890252894618782E-5
0.012913141540976239      8.201070714273564E-5
0.025944915804346696      1.6476895268746554E-4
0.02971102806302478       1.8870219284945828E-4
0.06760395749274561       4.299207942830919E-4
0.0882765288740705        5.61834957683141E-4
0.09805532645961994       6.24312564852701E-4
0.13007292918133478       8.292260679729153E-4
0.1335222970848992        8.513341278986246E-4
0.1338828014784484        8.536450708672103E-4
0.1442022728444643        9.198248663214827E-4
0.16363991620716392       0.0010446317659584055
0.18802899873321763       0.001201511007760067
0.20034059574566104       0.0012810226342453723
0.250147552393152         0.0016033356105088548
0.25027834335052307       0.001604187902999339
0.2504193286304271        0.0016051066569000654
0.2506117246349673        0.0016063604885776662
0.283837656047496         0.0018237794155545025
0.2988637566275326        0.0019226846964440643
0.30800721437788636       0.0019830457537750737
0.3485078518222298        0.0022518710214125275
0.3885646110901578        0.00252019265906202
0.39761203626304936       0.002581133456394048
0.4239982244091974        0.0027595707994418073
0.42443083125609166       0.0027625050978101096
0.4262984250649903        0.002775259203908142
0.4264078345153194        0.0027760057286216866
0.454872216930498         0.002971122167851552
0.47374755856185324       0.003101494302378348
0.48531218706716317       0.003181759827134266
0.5063600981770622        0.0033285530979326365
0.5426309229712429        0.0035845280177156345
0.5564732829968955        0.003683223458762691
0.5569116698726895        0.003686358212686801
0.5610950579826455        0.003716300207686213
0.5669397814958042        0.0037582179229082914
0.5727598067748307        0.0038000544319980916
0.5822737853931774        0.003868642490257791
0.6158285502896154        0.004112506846233356
0.6340389185513496        0.004246233822066796
0.64650403033343          0.0043385157274040695
0.6561324414231577        0.004410211363514327
0.6596404756979061        0.004436422873000543
0.664371074679456         0.004471845133202326
0.667512615795511         0.004495416865095077
0.6700173093715538        0.004514237730005542
0.6902455845817572        0.0046671337018938126
0.7131746171301135        0.004842371295440564
0.7191966813014069        0.004888735231027935
0.7291059679463472        0.004965334495980788
0.7629081399886278        0.005229505500698957
0.7648239382021471        0.005244707487686096
0.7738875234554798        0.005316721144459132
0.7868796091795631        0.005420190853574761
0.8160204689424478        0.005655261143985618
0.825641987016926         0.005733783442422762
0.8260684169184346        0.005737276319061146
0.8261475714004084        0.005737924769273645
0.8693925224708227        0.006096776742659308
0.8776238626255222        0.006166117278959989
0.8825974039409097        0.006208174779846773
0.8907294153174804        0.00627720162790902
0.9236367802584722        0.006559830316558563
0.937211471638135         0.0066785366943122055
0.9378960445154805        0.006684555419138886
0.9687140851152589        0.006957326652701896
0.9765007488785094        0.007027198910552812
0.9922301471765973        0.007169515721451043
1.0017375232071317        0.0072562968914779355
1.0304006273003272        0.0075213932549030435
1.0317451701634508        0.00753395634219246
1.0367643076431208        0.0075809551501044865
1.0432753003050028        0.007642161402162553
1.065420222842329         0.00785240818413006
1.0674220638378398        0.007871567853297247
1.0749864045289634        0.007944196775710056
1.0913740697122232        0.0081027926887896
1.0962636499999856        0.008150750207187233
1.126328992556379         0.008450015681517377
1.1357964875682374        0.008545916931422676
1.1526386673443905        0.008718417292036436
1.1684485107706428        0.008881339562459688
1.1730140620218186        0.008928737155580313
1.1922266327839397        0.009130258264154749
1.1957763912724686        0.00916785690206934
1.2213339454605938        0.009441921331403895
1.2327456296395236        0.009566440414919598
1.2413572485145274        0.00966110063088858
1.2623833770885031        0.009894731704000827
1.2902402116835112        0.010209743831682234
1.294404003010796         0.010257279491658416
1.2951459621770791        0.010265817377210058
1.295838712411443         0.010273800505058578
1.3247990211678522        0.010610802601452522
1.3258360135224927        0.010623041405993629
1.3301970708077548        0.010674641432207373
1.3520033727121463        0.01093580220628245
1.352407163068924         0.010940687643421052
1.3855641138883548        0.011347991995849892
1.3876789527615752        0.011374382563579507
1.4088653106418807        0.011641836567392967
1.4106919065626409        0.011665132696599417
1.4121484047311732        0.011683735661277367
1.4269895500180243        0.0118746586272373
1.4302148035404305        0.01191647878145729
1.4334388747947306        0.011958401039631684
1.4655606076256886        0.012382488799831113
1.4759616230823853        0.01252116986800713
1.485209836081936         0.01264603905822547
1.5081706328741054        0.012963322434893584
1.521928822256644         0.013156146506122192
1.5278047959665337        0.013239699734631984
1.5441670288696514        0.01347497682599526
1.616062420659929         0.01455437937902231
1.6250138907013287        0.014693936422406623
1.626997034535863         0.014725003820378814
1.6282683698966338        0.014744948720760626
1.6319760575984783        0.014803242654440843
1.6342451850652921        0.014839012323660864
1.6427104350357435        0.014973081307209764
1.6471119813096013        0.01504318123889294
1.6999552495632366        0.01590561255705359
1.703020510902395         0.01595681987278496
1.7066233479878465        0.01601717326038178
1.7355169327912614        0.01651421457585157
1.7369553631651233        0.016539282513673342
1.7459576077090313        0.016696145486793174
1.752788735834839         0.016816313219822097
1.7538731814035982        0.01683548009009172
1.7687581683031246        0.01710105957830628
1.7707355218292504        0.017136689983145693
1.776264938801994         0.017236761897329284
1.792191209415518         0.017528586617664463
1.7926417528647922        0.01753691965085752
1.7948516219420965        0.017577854076862246
1.795582935109964         0.017591423123459873
1.8061722786747985        0.01778916088779782
1.8084668192870654        0.017832404416161025
1.812749400536615         0.01791339222564311
1.8540387014086352        0.018712726606430086
1.8655067012745996        0.018939313020135462
1.8923586922224969        0.019482105300753477
1.9048581958951947        0.019740627386347798
1.9109997991689713        0.01986901424715833
1.9137812446774163        0.0199274542400182
1.9420856182993342        0.020531833096592407
1.9460668237021437        0.020618064497026713
1.9475641471486511        0.020650573901672145
1.9493851843220442        0.02069016909380618
1.9948231768745028        0.021698541049494157
2.0158274105737606        0.022177933255727686
2.0293835870769152        0.022494502366845325
2.0397448999562187        0.022739931051568348
2.0638384230025792        0.023322249655035224
2.083659615195165         0.023813488498825645
2.092847962821847         0.024044937437355692
2.1131277750179205        0.024561568626605936
2.1289331753957406        0.024971370504167006
2.1416853290892393        0.02530896934535942
2.1465471043508186        0.02543853602662228
2.171163853641107         0.026101833740958744
2.189921240427227         0.026615591549010942
2.2266303288209626        0.0276517627508802
2.2389319650425463        0.02800809291568787
2.2393588371705744        0.02802053971248064
2.2444580136319483        0.028168671781095944
2.2477342389012147        0.028264229827289357
2.2535674956194587        0.0284351109271089
2.27442030865292          0.029053747811094707
2.2963076920614425        0.029716136508718988
2.298994786836669         0.029798379234465783
2.30699250702321          0.030047180437825675
2.3140747950151415        0.030268922006469755
2.33597113759781          0.030962909391000302
2.35353156004139          0.03152867618121408
2.373220203313247         0.03217275161123197
2.3817217310787218        0.03245404567684115
2.3860127458731935        0.032594706558112155
2.405922790969784         0.03325144409790675
2.422024457850563         0.033787470858715175
2.4265470401904015        0.033942822974617086
2.4327253560943998        0.03415639811676651
2.447192629367179         0.03466260034382106
2.4534261370227615        0.03488333858103551
2.456338854006579         0.034987025636038734
2.4620070539269947        0.03518541297820236
2.492460874855645         0.03626360091900408
2.5033442858535913        0.036653948818313485
2.513333289025839         0.03701454928219861
2.5294639287728793        0.03760157312769324
2.534899145898007         0.03780068160714134
2.5543761763222106        0.03851901098546188
2.5787714200609937        0.03942993526589192
2.581754249810376         0.039542169966596916
2.590626021440849         0.039877088687661585
2.5939677913047365        0.04000367139809847
2.600335629562785         0.04024552580517998
2.623885211344109         0.041156473182532106
2.64155510600608          0.04183633385819252
2.6428806401193796        0.04188668826683104
2.6537646140197846        0.0422991342044361
2.6754943148235633        0.043155298270347274
2.680854429536216         0.04336666646017788
2.684529811363896         0.0435114998524456
2.693786212943169         0.04387590096697703
2.7234784847622744        0.04504133339922982
2.7330378403108018        0.045415413386731815
2.7568113400319456        0.046343343507686895
2.762587387263324         0.04656828169686898
2.79909020910957          0.047987618164266194
2.810502265475538         0.04843343561243214
2.817665692145166         0.04871378527728832
2.826923965319179         0.049018073268573915
2.8365432544568083        0.04937978927302201
2.8523791468982123        0.04996917763561426
2.8651712109381293        0.05043974500523313
2.876804109067355         0.05086337757384401
2.8929827518911337        0.05144575172550898
2.896848219842119         0.05158372406873237
2.9096559969574596        0.052037652176724895
2.9209038222194876        0.05243220415509453
2.94942224932546          0.05341543723676803
2.9673598313525407        0.05401517783724685
2.9817048057604945        0.05448734738012911
3.003879470918567         0.05519739717220539
3.0061377291979317        0.05526606566849045
3.00911578516069          0.05535559206855001
3.053026220190389         0.05653970220016162
3.0998975243729965        0.0575227409395919
3.1124533666366094        0.05777103447136139
3.1143088094602693        0.057806775904948655
3.119420035890868         0.057894779461779476
3.1224927181321487        0.05794650144424375
3.126962283216776         0.058020151674827686
3.1384000496129434        0.058200069012122685
3.142421332193739         0.058260400870779556
3.1661258994292076        0.05858513709126873
3.1683231966495016        0.0586125621212666
3.180977650504484         0.058761667553045654
3.1860489645017958        0.05880918648895835
3.208076099928849         0.058958152780220104
3.239774409615515         0.059008668359662
3.2425352651180988        0.05900391453295898
3.2686261875810323        0.05888656138113018
3.2730393593423655        0.05885375907665659
3.304056536622143         0.058517478130732395
3.304092879731715         0.05851697552031864
3.3049140157040084        0.05850555179806842
3.349763246400743         0.057696432310498064
3.363620687201278         0.05739632618957138
3.367691698533381         0.057292161302900935
3.408755574172649         0.05594046223222297
3.4228040875043075        0.05540043250270508
3.4474641554205627        0.054349262770158314
3.447514696488878         0.05434697109272858
3.450102443686336         0.054228884660955025
3.463117744129463         0.05361263385340118
3.471206638496697         0.05321087298330803
3.490503863641147         0.052200706669487146
3.516757303206771         0.05069337461885513
3.5204567248051664        0.05046864768889011
3.5228324652964           0.050322724280364696
3.577113523656895         0.04664656166974237
3.5825760994107716        0.046240308428465396
3.5842705164780626        0.046116285682337145
3.6082294323711377        0.0442940887788798
3.6332409854995102        0.04204708921190187
3.6556066654302883        0.040250537395060765
3.674303731369829         0.038443679390835046
3.6863909428109007        0.03724898198210459
3.690262751637782         0.036861874963109637
3.7190239599744768        0.033919191573429326
3.7239909447977055        0.03339901901622346
3.7280199223019777        0.03297448860090737
3.7688828356290873        0.02853762521010384
3.7727668817282964        0.028103471142864746
3.79371734479535          0.025724450038795085
3.7993052279117774        0.025079316730263843
3.800474771164624         0.024944326161535264
3.806109967367492         0.02429133637812435
3.8571775908809043        0.01817997575531721
3.867073915338012         0.01698245488086429
3.869834190508302         0.016638135822486
3.8785251136585805        0.015597245241709077
3.883923102301324         0.014948139144893801
3.9062071232021474        0.012184421077834063
3.9156006395031087        0.011009282320651981
3.931004208928282         0.009069273545798872
3.943103934468404         0.0075340373146294565
3.959968400504615         0.00537760922470959
3.968050783788823         0.004337264213150966
3.979818014002623         0.0028146611854291677
3.9800007457346602        0.002790942534251601
4.012680103118116         -0.0015436127949887083
4.02681332274142          -0.0034104984381749916
4.047026956183531         -0.005997763911134596
4.047042995621989         -0.005999819879725605
4.047452574642041         -0.006052322173604532
4.0483187690430835        -0.006163366325528924
4.071999557906386         -0.009204534770975801
4.075936853405323         -0.009711175722910149
4.087500546217038         -0.011200809913343027
4.111810590389389         -0.014340447481392994
4.120027368084058         -0.015404100352887105
4.1290467113747615        -0.01656364368935811
4.1329552902319975        -0.017065335810844944
4.184978466213433         -0.023057964182890113
4.194136222154348         -0.0240613153781448
4.196214686420928         -0.024305148673117775
4.199890824856828         -0.024739761786342997
4.2009852442118305        -0.024868805158814823
4.205748305079172         -0.02542857658513341
4.210264008357285         -0.025959556471340354
4.245693368544532         -0.03001107437411725
4.252471677514032         -0.030763069778543553
4.255302004142869         -0.03107487098217445
4.259553862387613         -0.03154083913048556
4.295771944111111         -0.035391502525718245
4.304447875618617         -0.03628241829079122
4.316454743434003         -0.037520236305497535
4.330443572811688         -0.03892884068483121
4.338902534402224         -0.03970976987437092
4.344195968694873         -0.04018786075891975
4.347632980134657         -0.04049391549839711
4.362170549642827         -0.041808034665011276
4.3796385885981675        -0.04330651486852534
4.389349862148845         -0.04410156500916553
4.409008285507378         -0.045612096328324435
4.444155924873061         -0.04812044676122359
4.462639781552245         -0.04934057782421222
4.468615171022868         -0.04972042260397284
4.483313562296598         -0.05062442925956021
4.503361451670401         -0.0517878909154294
4.505214817347697         -0.05189139606505199
4.505802059699022         -0.05192404874569996
4.521617261490217         -0.05278779188957114
4.559705273600253         -0.054679577115639956
4.5839468015653715        -0.0556641087909482
4.59535798890931          -0.0561066613622251
4.602398082520443         -0.05636015361617829
4.631977403662285         -0.05726228555515019
4.64017678211518          -0.057465762590516244
4.651666243796302         -0.05771686023073728
4.674643793875324         -0.058099899604805084
4.67689642605193          -0.058136946505841204
4.682339484444509         -0.05822303370125168
4.694783534819175         -0.058401623767561944
4.706645609303378         -0.05854825517090838
4.710448443245625         -0.05859038596290801
4.716756545479794         -0.05865504999684858
4.723083908698033         -0.05871336558443464
4.725567954058572         -0.058734467481569644
4.738059994670259         -0.058812643905451295
4.748917285580613         -0.05885868155352386
4.77594880336789          -0.058884791426682175
4.7785373180320985        -0.05887340095442949
4.78792067105266          -0.05882680660426132
4.802443056548094         -0.05873830215604471
4.805953571850085         -0.05871391893188188
4.827351110008209         -0.05854013243354702
4.827898693723148         -0.05853511769737772
4.828150157166883         -0.05853280532451723
4.842467846980399         -0.05839129582115017
4.844346351723411         -0.05837129304330277
4.864735127205717         -0.058107724323623905
4.869882837693393         -0.0580308218390383
4.8833922131066405        -0.05780600913025099
4.883825825965636         -0.057798241716475185
4.908444582472604         -0.05730097343611136
4.90955688300901          -0.05727589530320472
4.91582715636006          -0.05713030148945499
4.917920533869353         -0.05708009664051442
4.918832619013993         -0.05705797229299383
4.921885828600956         -0.05699537486441716
4.98732345476937          -0.05544510153361919
5.007986492526267         -0.05479218267267477
5.018944390250214         -0.054437004640963516
5.032141291604907         -0.05400104216796264
5.060284410049433         -0.05304135732142524
5.074995334063288         -0.05252347237007773
5.089965135249453         -0.05199477258891102
5.10260851615473          -0.051543341443577
5.133075545560283         -0.05043710128268743
5.1342825547668625        -0.05039273941758241
5.1345514058173904        -0.05038285262524541
5.135770579695581         -0.050337992998109087
5.165924461702276         -0.04921521304698155
5.194582550494722         -0.04812449626952354
5.21167915314785          -0.047505015698093456
5.253101257497052         -0.045864725101227
5.2695367899833325        -0.04521967491338847
5.2874623576874455        -0.04451989335506278
5.291706161052321         -0.04435479555463872
5.364863834976761         -0.04154318401998091
5.3665247120058925        -0.04147947595652584
5.36690004905073          -0.04146507840484547
5.37038827951535          -0.04133126737561041
5.371249863255555         -0.04129821473086803
5.371430143397455         -0.0412912986211033
5.373057178567442         -0.04122887915362017
5.380563787735855         -0.04094086550211589
5.397948170187978         -0.04027366820419717
5.448044402335265         -0.038336029671607784
5.452977510625621         -0.038155754133243444
5.464326473678828         -0.037733888696051814
5.480256411615263         -0.03715918703601448
5.499164913932833         -0.03647990668945735
5.512707440025733         -0.03599523103053952
5.5283548463109575        -0.035441143885001955
5.559724029714704         -0.034349453549063234
5.566397246889755         -0.03412050713056826
5.609624792398246         -0.03266540604548158
5.609650723791031         -0.032664547696289764
5.6097856736177985        -0.032660081033889364
5.632582101008399         -0.031910073295836665
5.664905697254937         -0.030864989603211032
5.683718079195116         -0.030268327603800608
5.69662266731996          -0.029872571195045373
5.702280848136504         -0.029707853712286493
5.702356017620893         -0.02970567660696388
5.707170109814772         -0.029555869445038328
5.707275671303628         -0.02955259521394113
5.718866433330516         -0.02918729626455273
5.718946719481724         -0.02918478460477327
5.725933305443537         -0.028970166509594896
5.775319066962064         -0.027523817920019587
5.777957180118895         -0.02744838440942306
5.829568376402266         -0.026009924966102858
5.830755449362665         -0.02597767487579128
5.8347867599612675        -0.025868433510698306
5.845706943064857         -0.025574690904756447
5.848303289496526         -0.0255053191257464
5.872995598499752         -0.024854541379237288
5.907418311182915         -0.023974421305382236
5.916094819167645         -0.023757561757763505
5.920414677143713         -0.02365033116205808
5.940041209999119         -0.02316859133371562
5.957177651477706         -0.02275526895006815
5.967943792184242         -0.022499074686293155
5.970435952339773         -0.02244015324009465
5.98516864497239          -0.022094771778511293
5.999808603002869         -0.02175654529401533
6.021295905370561         -0.0212691166771893
6.037358065272807         -0.020911740858240498
6.050855262970755         -0.02061811406050664
6.053600252974339         -0.020558672211891033
6.077793403319846         -0.020041304633229118
6.090934268344349         -0.019765202288231
6.105037895164488         -0.019472719673397927
6.110308113456668         -0.019364447880913762
6.1159987567316305        -0.019248469370372126
6.148282068747298         -0.01860391166410718
6.160022025091271         -0.01837516251308527
6.177860033731983         -0.018033359480445346
6.190122657928572         -0.01780242207981615
6.192036486557335         -0.01776682959331747
6.209614398833674         -0.01744257077141967
6.232539502214322         -0.017026845992444462
6.2355955382645565        -0.01697204110610619
6.244499029803335         -0.01681319452500376
6.246215444387565         -0.016782743556908633
6.248168177276135         -0.016748161976124703
6.273507884510929         -0.016305389473002845
6.284597655902857         -0.016115104022844568
6.295586995848324         -0.015928638671293436
6.3069735303247665        -0.01573584778341753
6.317173535059685         -0.015565309138775112
6.318925938934036         -0.015536172318604182
6.371314436514428         -0.014697918221179745
6.38236020723943          -0.014526129785431417
6.4133507406970605        -0.014053358876361851
6.414196032762961         -0.014040653850150905
6.417374348709247         -0.013992973063446719
6.424332982569396         -0.013889078839447932
6.449499899180195         -0.013519557756131442
6.455992073863886         -0.013425699467337154
6.461639165237503         -0.013344547310647378
6.491426532846487         -0.012924008336504872
6.499287089277326         -0.012815142206251077
6.509350079516059         -0.012677058747595287
6.519724776079674         -0.01253620948998956
6.527875769720797         -0.012425436296633223
6.538087674081919         -0.01228784771670248
6.544586611571641         -0.012200975995231617
6.5493461190467155        -0.012137580571815828
6.573367124260056         -0.011822736429155963
6.580389787550084         -0.01173230139477516
6.6265091703084416        -0.011156094933417099
6.632913938437614         -0.011077725394643651
6.648084352164191         -0.010893704050029549
6.655257160099067         -0.010807482129087118
6.716437495069428         -0.0100925696505014
6.719241262413556         -0.010060686801986941
6.725198505387523         -0.009993200467265708
6.72849871197167          -0.009955869243172726
6.73334683491253          -0.009901243800743687
6.739229073711062         -0.009835310908248993
6.747071152459286         -0.009747997601648094
6.78512340428284          -0.009333585150525006
6.811519195584977         -0.009052713368355858
6.816057182244607         -0.00900496780410888
6.822377220317306         -0.008938765000353396
6.822886231596378         -0.008933447879643926
6.82321319363969          -0.008930033605435424
6.823838880368772         -0.008923517994376594
6.831194843491739         -0.008847151856630051
6.8357363688191946        -0.008800220562989456
6.836184954018892         -0.008795601739887809
6.837072166467895         -0.00878647121338286
6.839958314753638         -0.008756811299375057
6.874315154254512         -0.00840869231129958
6.876569285810459         -0.008386171945153722
6.903305158321441         -0.008122062504469039
6.921191860008375         -0.007948459463165995
6.9235746483111225        -0.007925519816271827
6.928426944768899         -0.007878790072639164
6.92980307285261          -0.007865567508519054
6.951112271259424         -0.007662518112066331
6.968456527131584         -0.007499608057004303
6.96928683634449          -0.007491862268123951
6.969853476052792         -0.007486583248212339
6.991754023317094         -0.007284182949169055
7.007568838966254         -0.007139904236910713
7.021692516997535         -0.007012338225732326
7.032042277955149         -0.0069196279020298495
7.045531223814645         -0.006799774397327566
7.054132027945594         -0.006724129243185087
7.067488117415815         -0.0066074639079488785
7.07422744531128          -0.006548966835904451
7.077037022777368         -0.00652465330149282
7.081950537639825         -0.006482362281564134
7.138071134813775         -0.006007644614396738
7.154487409577599         -0.005871672566300621
7.163881430195889         -0.0057944528768934574
7.171596801087665         -0.005731352358581935
7.1716012023775555        -0.005731316444927616
7.1865066438545995        -0.005610230605373053
7.2411189826039415        -0.005174838334793283
7.27882775036046          -0.004881959210818644
7.289654044794808         -0.004799042661996497
7.308237769605595         -0.004657678215116326
7.3145332608026745        -0.004610122439789665
7.318268009339773         -0.004582070695991988
7.326365621591542         -0.004521393817156638
7.339667905512176         -0.004422146377544189
7.351638258400808         -0.004333292281198176
7.359568978304477         -0.0042746616087127815
7.370769136437874         -0.004192183348746704
7.41249272322948          -0.0038882574267909238
7.415216338976723         -0.0038686003019902113
7.419455225649439         -0.0038380515034069523
7.426304571397192         -0.003788804105481921
7.42692333747366          -0.0037843675143654893
7.427487442628713         -0.003780323982051263
7.460625520763976         -0.0035446910631129727
7.471809346078453         -0.003466011264849999
7.476535771802144         -0.003432923885733501
7.47770367930871          -0.0034247043312881486
7.488321178320064         -0.0033503709540724956
7.499883151606693         -0.0032697329988676757
7.512164668613677         -0.0031844340929763153
7.516026685435132         -0.003157644274993074
7.523831639271757         -0.0031038402643948615
7.530003524480575         -0.00306133912136151
7.543660228129177         -0.0029675808313355152
7.5520427683400655        -0.002910226173370223
7.564631117033327         -0.002824372728890947
7.607624349923904         -0.0025336723937268986
7.608833234716341         -0.0025255547491034205
7.612117531952513         -0.002503516279769
7.657968624945956         -0.002198216413644552
7.67042687216984          -0.0021160281080598907
7.674006241303507         -0.002092475105967631
7.678982964679837         -0.002059730815665669
7.690193826922405         -0.0019860898565226513
7.711406751140294         -0.0018472059298290666
7.731092219804409         -0.0017188582540418559
7.743676200925798         -0.0016370819485596265
7.749707502260358         -0.00159796258796105
7.769285984685678         -0.0014713091246010088
7.788178198305312         -0.0013495788200950768
7.792772277994811         -0.0013200490797915434
7.8213250231612905        -0.0011370431972454083
7.8380537554915986        -0.0010295739584548099
7.844993347336689         -9.851299143869964E-4
7.850788439205267         -9.480341787063528E-4
7.885226462216942         -7.282402440147105E-4
7.885513944060672         -7.264079420373055E-4
7.90768169267988          -5.852433728658393E-4
7.917797275713744         -5.209087850783185E-4
7.93651811775191          -4.01980089809256E-4
7.942756972030336         -3.62385164640652E-4
7.9628029487125005        -2.352949207994935E-4
7.994367196282667         -3.557863772369735E-5
8                         4.312678102980117E-18
