0                         0
0.001305189720750294      8.288419551403621E-6
0.0025337995953775717     1.6091388596941276E-5
0.004454502535638441      2.8291547550291746E-5
0.06524000881377424       4.154479636828242E-4
0.07986912634211929       5.08928419365791E-4
0.08850064501694635       5.641394437692632E-4
0.11713488449275308       7.47614986199766E-4
0.13320655596040615       8.507625563309272E-4
0.13618799135716333       8.699105667723498E-4
0.1593586042881452        0.0010188630062778579
0.163721379230363         0.0010469371219984144
0.18143784147983885       0.001161159311471432
0.18246992262662973       0.0011678205262908438
0.18687223702001665       0.0011962425935802198
0.18867826522436204       0.0012078871340001375
0.207522745244138         0.001329644032186476
0.21517779257726208       0.0013792374789239653
0.221752730955166         0.0014218947896412707
0.236166115964324         0.001515605346420679
0.24686145018341568       0.001585318677837298
0.28430429314830974       0.0018305576212611324
0.28518490997101364       0.0018363475274924003
0.2854599949086313        0.0018381563728650623
0.2858916125693103        0.0018409947131360236
0.2865347025858891        0.0018452292212979204
0.2868592913733192        0.001847364491935226
0.28880388663114226       0.0018601603536203127
0.297413965770282         0.0019168899064230377
0.363145678300353         0.0023539231339533818
0.3757794874256617        0.002438616997605356
0.389337180667977         0.002529902567883199
0.4170970051884144        0.0027180990471149806
0.4412129393034264        0.0028829948994020757
0.4495110694819057        0.002940036091239989
0.481028560432772         0.0031580940235276687
0.5081803941105819        0.0033477340171548142
0.5182461011013443        0.0034187086399460683
0.5184402714833024        0.0034200802347062946
0.5260885460202849        0.003474181153396646
0.5292800713247919        0.0034968337536110563
0.5383106850861087        0.0035610900818761164
0.5554231478278421        0.0036834981064091206
0.5713343475278765        0.003798037992689682
0.5799694491868483        0.0038601405226694058
0.6041347900405396        0.004035626216171316
0.6099931513147145        0.004078492599718913
0.6227409276565528        0.004172206220971347
0.6561044870770528        0.004420305318276853
0.6594379515172704        0.0044453098434901975
0.6660051741848731        0.004494675999809062
0.6745793789155353        0.004559338415983589
0.6854892721973426        0.004641958744546618
0.68618627411946          0.004647250186900065
0.6863636282990315        0.0046485968603395406
0.7273221196560987        0.004962321113411827
0.7789703786100743        0.005368666455082135
0.7809242922153135        0.005384282660953657
0.7973198027351523        0.00551602001263818
0.8079857027028459        0.00560243417591943
0.8176719038645623        0.005681404558001492
0.8683512794514525        0.006102248003824768
0.8847398582688387        0.006241091790785621
0.8916331449290177        0.006299893493279228
0.9096730270893705        0.0064547092078009625
0.9236257235854668        0.006575540860318816
0.9410482330766703        0.006727758160529378
0.9507623577759247        0.006813595630043039
0.9724972747171159        0.007007829810248928
0.9875922435423706        0.007144496445650181
1.029704637500881         0.007533798716049853
1.030137081044362         0.0075378568660127016
1.031486598765769         0.007550528957409315
1.03419076039176          0.007575957312754972
1.0858181257050963        0.008070652374515203
1.0867142074342293        0.008079393386725519
1.1092127429392953        0.008300590318229757
1.1150660314206404        0.008358817239829515
1.1252900815281803        0.00846124584381046
1.1409633156554162        0.008619795402472496
1.1533745956176689        0.008746845474432625
1.1552608239012465        0.008766270074815575
1.157546933025992         0.008789853694677295
1.1700789151416147        0.008919932476553556
1.1815188562872494        0.00903985492403735
1.192966522027389         0.009160984560261591
1.2060328110633338        0.009300617910331994
1.2150500510641933        0.009397836902021684
1.2342569906272074        0.009606975217464689
1.2395115898396867        0.009664771743339663
1.2492731943351654        0.009772831341160743
1.2542460384560812        0.009828249571756749
1.2671485446261102        0.009973200515785843
1.2675822943709325        0.009978102575339478
1.2694707569977288        0.009999467313399128
1.2909402032953217        0.010244886704000762
1.2979527605066903        0.010326055275622291
1.3070666754795677        0.010432112196619839
1.3204977138418283        0.010589795443362776
1.3377797377596246        0.010795124463175324
1.3426043935376049        0.01085293573113205
1.3458123177791284        0.01089149275215079
1.3579636358287996        0.01103916541297271
1.3656040150264865        0.011132851269487274
1.4029400361296627        0.0115999222825455
1.4360996294784227        0.01202763562654918
1.4446629377329419        0.012140006674191578
1.452326878116706         0.012241948833141806
1.4538666374729228        0.012262437589326292
1.4793448608817041        0.012606113539279845
1.4917392885434368        0.012776473535328174
1.4946998560077263        0.012817473335155745
1.5024642609467358        0.0129255623132875
1.5064374507168217        0.012980673992665986
1.515370421591304         0.013105456379329403
1.522356434972945         0.013203885406879058
1.559875588044942         0.013745169663263336
1.5626083883226893        0.013785429460969703
1.5811764784436027        0.014062401766860614
1.5837387697937197        0.014101043743695783
1.5999550178637485        0.014347971299366954
1.6268890040087411        0.01476714464737348
1.6483885220276375        0.015109845405123147
1.6578567542928704        0.015262565465064836
1.6719201265945471        0.015491977885130917
1.6950307030279141        0.015874117748332986
1.7098753155523065        0.016126167910996542
1.7253041118345727        0.016392434148479778
1.7365271044531836        0.016588869487184476
1.743166088791655         0.016706162181781302
1.744510633134341         0.016730015355765595
1.753114713663313         0.01688323203776682
1.754539408106195         0.016908709959421998
1.7602477950893824        0.017011100573688518
1.7662888255863025        0.01712027033977407
1.769525516032417         0.017179057261415314
1.7983765116915715        0.01771217670640513
1.8200481015451948        0.01812340510178858
1.8269244543194587        0.018255818498865047
1.8296484973346532        0.01830853090782297
1.8626487742047557        0.018958711864362137
1.8861855908004042        0.019435533690185768
1.8864276530542279        0.01944052587988072
1.8896821001241788        0.019507779656570308
1.9043159952156694        0.019813198043626492
1.9129640317538135        0.019996458465634356
1.9367908621777161        0.02049146918048291
1.9588155175608066        0.020970726487969216
1.9656620893425316        0.02112247378305284
1.9811270818031084        0.021470067268179346
1.9941479626907057        0.02176791605983357
2.0060914594158232        0.022044037421686515
2.0228103660786436        0.02243657469150062
2.046350040964517         0.02300114633859912
2.0582357777216953        0.02329149555044222
2.0835426531339274        0.02392151245067497
2.1052486944869337        0.024474691669847285
2.1110021042374987        0.024622916016933123
2.126545606226548         0.0250341989723963
2.144603634811602         0.025517949330072336
2.14843575202241          0.025621445790134433
2.171234085141582         0.02624324872470559
2.1760475720562917        0.026375861626502784
2.2045083082869477        0.02716943657934095
2.2293450026821144        0.02787520428835918
2.235123302899251         0.02804117208788935
2.240417734663433         0.02819382839357926
2.2492226224709175        0.028448944885239896
2.261882489155044         0.028828931816325256
2.269990812006515         0.029074844697237777
2.3034579390880072        0.03010580672355473
2.3265687814080422        0.03084048125036456
2.3322167448293936        0.031022272490836736
2.3344277976799406        0.03109368014625631
2.341190304548069         0.03131292006189566
2.348644535333425         0.03155605174751441
2.3571705600132598        0.0318342752880515
2.360068464953939         0.03192917123722744
2.364633737743106         0.03207900786066109
2.3860690187928886        0.03278810217137897
2.3901721041697304        0.03292488198862736
2.40109408116036          0.03329061475452749
2.4026511517063054        0.03334294885802593
2.404715725698477         0.03341241516478535
2.421007425150658         0.03396356634400779
2.4374298497174722        0.03452450719983025
2.466322368449667         0.03555511271237295
2.48018254020994          0.03605996515068221
2.491853872641074         0.03647964247601611
2.4963549997043373        0.03664348432841881
2.5026010739775213        0.03687159321530199
2.545136032738319         0.03844818715761853
2.5454121804271934        0.03845855500128489
2.545497384024699         0.0384617542772048
2.5762632752782717        0.03962758415802247
2.5944693611500496        0.04032744789756828
2.62982139544184          0.04168546564132709
2.631628610034483         0.04175644781736103
2.635902713711576         0.041924315000631394
2.6684287416221926        0.04320145290466203
2.678298528922524         0.04358887394385782
2.6848181995562923        0.04384476215249998
2.69417754556249          0.04421206213404048
2.7180900504721253        0.045150266257153876
2.744363521807356         0.04618073329780947
2.7675720077135266        0.04710326067934825
2.7862164573281145        0.047850398335520156
2.806193071841113         0.04863872716310563
2.829376306644807         0.049570113055445425
2.8438146181329076        0.05004605574171707
2.86631233793369          0.050898181569942885
2.8663331850140024        0.05089895543520159
2.880620589764782         0.051426028798771756
2.8806567831435017        0.051427355657273965
2.9022841526938556        0.05221268038965505
2.915344402641624         0.05267962840860786
2.9292164777772833        0.05316958932246331
2.947004617750017         0.05378880202661301
2.9576659926905235        0.05415504772217508
2.9778123657897844        0.05483713896476803
2.9978491265531106        0.05553754023585945
3.025609884599154         0.05642033952336881
3.0347431687204702        0.056688534237169436
3.0491337802196794        0.05708875892730519
3.075687874826502         0.057755489129010115
3.092598349484186         0.05812032720343613
3.1029607934891343        0.058323701914106
3.1214191432343776        0.05864795970269687
3.1345463417528285        0.05884894145349468
3.137256291522078         0.05888658659854589
3.1438950805641075        0.05897562229615186
3.1647121291830174        0.05922546215762156
3.171969991733187         0.059302106391175016
3.1946451516906174        0.0595067096016311
3.2092964168855307        0.05958758812045482
3.2133193893246874        0.059603677392378124
3.243276375180433         0.05964058165824999
3.258905722473605         0.05960180846714993
3.262390320543832         0.05958773941198901
3.2977876648135793        0.059284245065988075
3.3047681899646544        0.059198007770109924
3.322988805359536         0.05892521689488438
3.3368626011337996        0.058671255651894176
3.357771095752219         0.058212986731481293
3.3738556246483133        0.05779864622542139
3.3753439941518066        0.057757588907380156
3.3834115021812603        0.05752703587268505
3.3886663017247347        0.05738603391660405
3.389606578615552         0.05735984163589279
3.413083417258469         0.05661121911258689
3.417178288391349         0.05646200045730458
3.4325991057927316        0.05585036716463037
3.4389214451730203        0.055576906464863185
3.4505798781152746        0.05505404718258331
3.458983526541445         0.05465291268572567
3.4615092024725986        0.05452750555796516
3.478273732749119         0.053659042657699774
3.5101373411075123        0.051835640641262004
3.5414796186082893        0.049821205258692214
3.5486095944440765        0.04933236358857868
3.551959436180542         0.04909877950021597
3.575086599830281         0.047417854442348396
3.6033741028525945        0.045199713853786794
3.609252581793106         0.04471636549260496
3.613468190898542         0.044375469117802116
3.615382536630227         0.04421953725785292
3.626795084402216         0.04327531825837539
3.6277806483372355        0.043192603151591936
3.633334628164531         0.042722985511991336
3.6342839589539606        0.04264090376519685
3.6425793563015736        0.041919394009503494
3.6536114758391705        0.0409479883901574
3.6586750625924607        0.040497592223806236
3.6595814948040246        0.0404166657576427
3.6601983893391306        0.04035755697977779
3.682954421948803         0.03813702010040965
3.694761652340483         0.03695407823108363
3.697977065406368         0.03662828816829925
3.7075208067286733        0.035652115717948636
3.739278965103602         0.0323047978930595
3.742951957001864         0.031907844761538365
3.7500868359472874        0.031130935217232616
3.807586605678475         0.02454149650809895
3.8180053021004086        0.02331149982559797
3.83198474933564          0.021643770962108663
3.847272251974956         0.019777471015474488
3.855514054852468         0.018753670570906492
3.90173488684888          0.012783111350767876
3.9260674769114847        0.009892091260879473
3.933086427629707         0.008985370469148312
3.942869364904176         0.0077159959330691105
3.94703107132783          0.007174022107553893
3.9604871140361846        0.005413586293834178
3.9699832388959635        0.004163799624333038
4.000661578791107         9.787683851569177E-5
4.016001519371162         -0.0019269394413088368
4.019632110233181         -0.002405359551560887
4.032298599728495         -0.004072071026220667
4.060584340679814         -0.007780497978038262
4.077465932314139         -0.00998486564198496
4.08025718094979          -0.01034870029868723
4.097930655490765         -0.012689861364856385
4.098991426258101         -0.012830561757784083
4.119976783585118         -0.015618308960545007
4.140144112425032         -0.01805133960533812
4.155630642204265         -0.019867572126928704
4.169507500512555         -0.021456579937539848
4.186523254981738         -0.023542824302946002
4.199139814037151         -0.02505946395352863
4.210347398475614         -0.02638513702328968
4.258372948223206         -0.031856723052395675
4.272954381309589         -0.03343380061219845
4.284278272894635         -0.03463149842359863
4.292151272139481         -0.035450265336327384
4.350805824397714         -0.04119026175810935
4.362888290971027         -0.042293838655597736
4.373408979052904         -0.04323283519011469
4.373955145803347         -0.04328102441282872
4.375299583229712         -0.04339941198952418
4.376487341766666         -0.04350710911128665
4.376750880030012         -0.04353045969590625
4.378087238759439         -0.04363836662940325
4.38171483888744          -0.04394126214327049
4.3824639372799385        -0.04400348259151778
4.425395936924403         -0.047382170155913825
4.45121233913481          -0.04923665455811844
4.492111933168933         -0.051902142922445896
4.493819058580934         -0.052006135763698405
4.496146017531556         -0.05214694958920595
4.527246100211133         -0.05384336566310055
4.581174154425184         -0.05626211832309886
4.590083042876217         -0.056597861815493554
4.598279139655049         -0.056890756844859905
4.605924155820993         -0.0571501491716692
4.611521861449924         -0.057340028077722
4.611817372558518         -0.05734955256037173
4.614650029454518         -0.057439751136026666
4.616915265949401         -0.05751044880730454
4.627695769445377         -0.057829455884004406
4.673884826531628         -0.05886973801891441
4.703160893635391         -0.05925496616544705
4.704616397439688         -0.059268568224824146
4.706537051608942         -0.05928571263902523
4.724345579093948         -0.059419037574965985
4.741497055941276         -0.05949562472064851
4.771873150035472         -0.05950649967615243
4.776970598742088         -0.05949269777465675
4.77770547274629          -0.05949033762506245
4.7836799444025           -0.059467685658270215
4.806376327026518         -0.05936079586400059
4.8246239442272625        -0.059267330966403686
4.826977368639017         -0.059251886330293935
4.840079564327224         -0.05912100826088833
4.840575666036862         -0.05911543724618856
4.840577008134743         -0.05911542211408433
4.8706868239059045        -0.058693222752380085
4.870844199739436         -0.05869058147598135
4.874356327879898         -0.05863046084360435
4.874671716038461         -0.05862495189925388
4.875395580999658         -0.05861223938377099
4.879135090821599         -0.05853939377215288
4.8852548235848445        -0.05841603459876736
4.914288461536932         -0.05776063874282936
4.9200714042363085        -0.05761625837621483
4.947276558359551         -0.056996079702674854
4.953259899590609         -0.056851377561779486
4.981815867361038         -0.05611953213295933
5.000011924824255         -0.05556078682366685
5.0239252438081765        -0.05478654473707214
5.04711661488585          -0.053987661671764775
5.054823389923028         -0.05371830065565947
5.07595801452483          -0.0529696819424617
5.08488753190492          -0.052649008626586814
5.099991320347662         -0.0521006889815388
5.129612342773085         -0.05100374389289672
5.1423245674872655        -0.05052420235282883
5.163339724144697         -0.049719894220032756
5.176057396887151         -0.04922615916871174
5.18100632589331          -0.049032602635881176
5.22257364074289          -0.04743493303521775
5.232205725580183         -0.04705794370754348
5.253023775515396         -0.0462613596105093
5.258532009738993         -0.046035760181706874
5.269227541107529         -0.04559937666022752
5.307634725044993         -0.04405052376973239
5.328313702916361         -0.04322650147817422
5.335102949177851         -0.04295779141223906
5.338471869104052         -0.04282478948368928
5.342587384612016         -0.04266261487999833
5.359049240990121         -0.04201724846415187
5.400957753740653         -0.04039828125471782
5.4089612366640045        -0.0400930185979325
5.431597228652052         -0.03923645958580235
5.431683505874059         -0.03923321404240178
5.470565240592983         -0.03778326118626012
5.471834949642849         -0.037735604121841904
5.477680351953728         -0.0375167137096719
5.513679878566236         -0.036187126741875804
5.517255900630887         -0.03605678735980135
5.52268779650587          -0.035859404835993716
5.523508917380298         -0.03582996071671625
5.556744390666195         -0.03465267578725288
5.577710522059696         -0.03392454739152391
5.605947340217545         -0.032961699546869005
5.628445641827752         -0.032209139473298634
5.63944440183201          -0.031850069186118934
5.640546048086381         -0.0318141799913839
5.642060604748324         -0.03176422269747096
5.650779584368796         -0.031478213991492816
5.675419857486597         -0.0306845385953885
5.681347621943016         -0.03049682073484986
5.7003588168457595        -0.029903203525854058
5.702347376697116         -0.029841853216441467
5.715902987578027         -0.029427383064855737
5.715946101422682         -0.02942609461040211
5.771775587002126         -0.027765928398127766
5.772022000293137         -0.02775878747066356
5.810626784247225         -0.02666028557737453
5.8108400403677924        -0.026654329095671624
5.833706628757681         -0.026022763246717664
5.83750889958326          -0.02591911477387967
5.8617865607503425        -0.025266516448593717
5.897739891856404         -0.02432929834416263
5.905370989634183         -0.024134863013177063
5.9410442386792885        -0.02324678353434146
5.959071697743836         -0.02281105995756101
5.9829831279483585        -0.022246656585601675
5.984734338480509         -0.022205927756715073
5.998713098257206         -0.021884205050802366
6.008198662647403         -0.021665581623171993
6.0133061711884235        -0.021548727073788465
6.03847308836729          -0.020978432283194813
6.050686445022625         -0.020710287955446726
6.053323997235883         -0.02065259277720165
6.086626862181667         -0.019937186153833462
6.10105544614996          -0.01963475835072636
6.104671100105241         -0.019559685895604396
6.119845294831197         -0.019247736643080604
6.1607507633786085        -0.01843187064772029
6.1613066287164715        -0.01842103563485765
6.163720830636532         -0.018374055981367664
6.197339144853183         -0.01773385547729432
6.215209809996829         -0.017404086988468303
6.222073963193192         -0.0172793683323898
6.238670498606157         -0.0169774865934241
6.257436367948373         -0.0166421997021768
6.261364389508234         -0.01657278870605269
6.263601674162201         -0.01653318724215956
6.279778384003577         -0.016249774071885634
6.289744765832571         -0.016077723805377503
6.2910236206668655        -0.016055788099259234
6.307827944658056         -0.015773520342439024
6.320515443121115         -0.015563233978926266
6.321634132021162         -0.015544809298895929
6.324631255249104         -0.015495540305390493
6.369364540786015         -0.014776327503406465
6.375973971121546         -0.014672628715252095
6.381798290027105         -0.014581795611231966
6.381982579012931         -0.014578929908419682
6.385485598277505         -0.014524755280674966
6.406585894054049         -0.014201861222455668
6.414722503531275         -0.014078917444357304
6.449210697087716         -0.013567500112986835
6.451929350799797         -0.013527853116089703
6.4662537327799345        -0.01332056654935724
6.4699971726913805        -0.013266841818021693
6.474106166186926         -0.013208072726729187
6.498825338672532         -0.01285900175089875
6.506614769707798         -0.012750594186708788
6.528606581562215         -0.012448830805621383
6.543681959702212         -0.01224616307329041
6.564403516530541         -0.011973153398940908
6.582250819570993         -0.011743174995734584
6.5896188859758205        -0.011649182808640565
6.592605351360705         -0.01161123752948519
6.606886537993172         -0.011430997723561877
6.607709387964447         -0.01142067386139661
6.626348700195684         -0.011188664896269858
6.641267161375568         -0.0110055575209881
6.642104805910074         -0.010995344576398688
6.648070060072161         -0.010922823181710489
6.657097571223053         -0.01081414249311996
6.676514707544297         -0.010583061712593659
6.681809070628512         -0.010520688761263063
6.704799678402427         -0.010252990212978371
6.716333307751339         -0.0101206260032832
6.724244540640919         -0.010030579886852332
6.755670937123101         -0.009678878871233084
6.75959177865865          -0.009635671909398943
6.762655338868188         -0.009601901170342462
6.786743103824194         -0.009339845302189337
6.7896848896785835        -0.009308332688149222
6.803392879903042         -0.00916236843162603
6.819959045207831         -0.008987896438264701
6.833317742513267         -0.008848740472297717
6.870923143885179         -0.0084643711301666
6.873675581851778         -0.0084366648143739
6.877497102384583         -0.008398293505978089
6.879806840629703         -0.00837515578937565
6.8806935519687435        -0.008366284374279857
6.886895137692216         -0.008304411866889494
6.918580527844242         -0.007992941504450339
6.930293454665849         -0.007879763624093459
6.931165928712061         -0.007871348945188632
6.933241848514736         -0.007851441300675898
6.957763317379346         -0.007618382011692938
6.999833488803271         -0.007227540334418273
7.0045425815220135        -0.0071844998971523225
7.009633052672651         -0.007138134071840044
7.01646280931419          -0.007076266849494459
7.0206066539047285        -0.00703886881507196
7.033380277652728         -0.006924247466185864
7.060938436836832         -0.0066803554441100975
7.086011958684075         -0.00646248378215338
7.086979593352406         -0.006454152674517513
7.088899767284124         -0.0064376373654956714
7.089510622330721         -0.0064323881580454325
7.092446240041893         -0.006407193572422579
7.117620572516923         -0.006192550939676423
7.122970916502703         -0.00614737985403308
7.13385186522513          -0.006055999494260245
7.137581850728297         -0.00602482359438033
7.183519718022662         -0.00564587848871169
7.189613216272149         -0.005596307737145488
7.217809704390348         -0.005369952411276761
7.24219270655974          -0.005176939648600467
7.251097265619808         -0.005107083169334733
7.289941143917249         -0.004806299650245873
7.290383057923777         -0.0048029146864594545
7.291385490967496         -0.004795239352164386
7.314725642350963         -0.004617739970913431
7.357696124663705         -0.004297018694391592
7.362956411457205         -0.004258297181521884
7.367693757418611         -0.0042233885566120505
7.379259476387354         -0.004138447067457441
7.386417207038205         -0.004086080892284003
7.426319577718003         -0.003796835134060794
7.448193136373856         -0.00364021479925587
7.454497107745156         -0.0035953314311886384
7.4748432386682335        -0.003451603999454826
7.4781354139600404        -0.003428439000594346
7.484295084365152         -0.003385165525502858
7.511744409986554         -0.0031936118536095254
7.552837886265159         -0.0029103186848257467
7.574549378681812         -0.002762324971487158
7.578390874496423         -0.0027362610105815506
7.581142643385066         -0.0027176130668990607
7.590044498490901         -0.0026574226487938086
7.600215887077455         -0.0025888345857350095
7.638345222475493         -0.0023334888474582983
7.659163366563486         -0.0021952522128056966
7.6645483797792355        -0.002159630210952229
7.670638831131662         -0.002119342670787519
7.6768203590093815        -0.002078514485380349
7.690273011993662         -0.001989876694432304
7.707083918432186         -0.0018795263663790231
7.718510726051736         -0.0018046863264691516
7.737594631643756         -0.001680077596550991
7.748008653882822         -0.001612280353668965
7.765769515239676         -0.0014969817473192216
7.786223719671524         -0.0013647109566443337
7.788002808174244         -0.001353234838012418
7.804463940523491         -0.0012472517592062857
7.8241759614723065        -0.0011206184511936708
7.834636643517518         -0.0010535027717226313
7.8470866658291305        -9.737007508794812E-4
7.849617040858613         -9.574918464723446E-4
7.86594817364233          -8.52962413720769E-4
7.871677580311472         -8.163248715072774E-4
7.875296779091235         -7.931905310131469E-4
7.879320774784128         -7.674770115698995E-4
7.88430536776428          -7.356373928189133E-4
7.893228718447661         -6.786721527162174E-4
7.924190832723459         -4.813241464081098E-4
7.942756972030336         -3.6317928118444523E-4
7.996517195142639         -2.204992247092299E-5
7.997688423839123         -1.4634101250144722E-5
7.997718185369893         -1.4445670304826669E-5
7.997734358331801         -1.4343273657301573E-5
7.998580131622128         -8.988570925235095E-6
8                         -1.955880646829237E-33
