0                         0
0.013457802914326713      7.087328050002319E-5
0.027172580866039856      1.431593622594872E-4
0.03350175265458702       1.7653859381518546E-4
0.04672410977201127       2.4631285578116896E-4
0.05505620023006539       2.903098904380526E-4
0.06692382712593947       3.530143483719761E-4
0.0738051152392363        3.8939330118597913E-4
0.0837901299350286        4.42207447748179E-4
0.09788889584104268       5.168278272394801E-4
0.15147126618584023       8.011787681191009E-4
0.15581504416637998       8.242746508153635E-4
0.15730842889722327       8.322159813577909E-4
0.15884566953052148       8.403910569692936E-4
0.16366842047031993       8.6604205447778E-4
0.1644551328709212        8.702268851782031E-4
0.16487807459097087       8.724758339848963E-4
0.1672309446906741        8.849893729781196E-4
0.17207479492697436       9.107637652244738E-4
0.17289368546970307       9.151228277002168E-4
0.17976246174608057       9.517350171216613E-4
0.21239332384574375       0.00112597342642377
0.22490701563673932       0.0011929276627502998
0.234756284139802         0.0012456786375233014
0.24725693472762295       0.0013126967741083557
0.25923359767753384       0.0013769758346447666
0.27449841242485          0.00145895557886209
0.28548121522962044       0.0015181060402909763
0.29760783502067967       0.0015835794132000836
0.3145872067742935        0.0016755402697137757
0.33199568835900256       0.001770172577707253
0.3534909930560632        0.0018875060667012521
0.36305951045567275       0.0019399089671438955
0.38601498174237703       0.0020660374801926176
0.41023201262785236       0.002199725995534715
0.44031960037740553       0.0023667212779589263
0.4513304879210874        0.002428075835264812
0.4664976989869282        0.0025129379205985404
0.4799948470200004        0.0025887860141906183
0.4812355767221335        0.0025957739803018375
0.4865617675160225        0.0026258016943090223
0.488204941250386         0.0026350752647899683
0.4995446676599204        0.00269918684783681
0.5438338492544185        0.002951628185222439
0.5799724610467494        0.003159847045654647
0.6077382065511661        0.00332118826745426
0.6176295023005506        0.003378950969797028
0.6190589309690826        0.0033873109174709874
0.6241739147107477        0.0034173814332927144
0.6698879439421553        0.003687504247181409
0.6944731368902297        0.003834736556235434
0.7049960121779753        0.003898173234795683
0.7098178555402912        0.003927325371466576
0.7144802042614791        0.003955563351931268
0.7306185000015282        0.004053687071343704
0.7741065679897176        0.004321041641697905
0.7810156474441812        0.004364101901857712
0.7840493596746841        0.004383050763695451
0.7999544593968609        0.004482810037118093
0.8136453421372822        0.004568750558857651
0.8156683458999373        0.004581500689159368
0.8327577164329029        0.004689734936270996
0.8450001213454095        0.004767879278727972
0.8695182812161636        0.00492550099619342
0.8907610114550946        0.005063273844805723
0.8942951236235793        0.005086377050328255
0.8964104015631766        0.0051002223853568
0.9048173335614832        0.005155377423464912
0.9052110752814141        0.005157965656619779
0.9056278285440373        0.005160705644515822
0.9401081403688915        0.00538914560210303
0.9628975402658633        0.005541695919498493
0.9697543027984901        0.005587951764529692
1.000007382124996         0.005794012695957678
1.0116598390233806        0.005874238541021554
1.0144634031570725        0.0058936119903981255
1.054994890694322         0.006176783350273128
1.075840009675979         0.00632466534075793
1.08321153767787          0.0063773268923295766
1.0867781151973768        0.006402874772661031
1.0919012249589706        0.006439646849153187
1.120324735843961         0.006645283644834641
1.14234638396087          0.006807117386356793
1.1478955154430834        0.006848314552624311
1.1572115040608977        0.006917770685862104
1.172216120445188         0.007029836932545128
1.178792825715481         0.007079259204592143
1.207090019131514         0.007294007099882819
1.2087251191494097        0.007306523425449231
1.209402234479614         0.007311709619847466
1.2099571905285675        0.00731596148825609
1.210020481648581         0.007316446477127589
1.2105131567109189        0.0073202222903555655
1.2109401052139535        0.007323495140992763
1.2120034878621422        0.007331649756952668
1.2139308713643089        0.00734644116465317
1.249126944187029         0.0076190747868692555
1.2835841236486654        0.007890260455597087
1.2859093237026116        0.007908784380242827
1.3253816439939474        0.00822756699406666
1.3283903490497972        0.008252200488146502
1.3303980053200073        0.008268664374776939
1.3330496430127237        0.008290441633594447
1.3367380326254563        0.00832079475348302
1.3663234200180359        0.008566843046521715
1.411669066452986         0.008952864664392754
1.4447936002413868        0.00924165978110327
1.467823408551373         0.009445832681241832
1.469228752860556         0.009458331192059233
1.470956057203171         0.00947362052708619
1.4883346703629639        0.009627908080032338
1.4983549797760414        0.009718306855322462
1.528941128119608         0.009997498637172076
1.533728498081103         0.01004165440515446
1.5349670599360608        0.010053099102966631
1.549533543523711         0.010188344561046685
1.551434246424582         0.010206079927915775
1.5784840609753608        0.010460679871205808
1.5913015343086117        0.010582756477701735
1.6019922415350853        0.010685283122257609
1.6119513059861141        0.010781370718828218
1.6232396238696194        0.010890956926671882
1.6470214820536513        0.011123843563938992
1.6792599431138493        0.011446199532329364
1.6817679486260608        0.011471518006219645
1.6998289254287133        0.011654908504359027
1.7039870328688742        0.011697394336933476
1.723824914835902         0.011902238378854714
1.7552079305980437        0.01223047732243636
1.7577897544442314        0.012257709027892211
1.7649866710431195        0.012333801326265527
1.772601917311396         0.012414609968425196
1.7895185972788639        0.012596080384308823
1.8149838466434938        0.0128714319585982
1.8272343416547598        0.01300482697717862
1.8278052301132897        0.01301105812403861
1.8292260961453164        0.01302657233739902
1.8416599400981337        0.013163026386842164
1.8695568447354765        0.013472853315182887
1.878106750759272         0.013568487740950683
1.8799542535647362        0.013589223816630674
1.8970800898016205        0.013782641641547714
1.9479273576668539        0.014369672650897593
1.954951224376823         0.014452264471633065
1.956735308964234         0.014473072454884472
1.9643076039353997        0.014561592109900427
1.9694581155059074        0.014621989126023607
1.9702373846701104        0.014631140403744258
1.9847171627949605        0.014804725285790011
1.9954605656049536        0.014934212518149581
1.9973215464264473        0.014956702503903381
1.9990357275263484        0.01497736096857745
1.999298859135317         0.014980532896235715
2.0355807177048013        0.01541992052466525
2.071605325449857         0.015860174664264415
2.0763233582442826        0.015918127254020642
2.0888062774681653        0.016071785812895097
2.0981986975326117        0.01618771594226435
2.105298855660185         0.016276222371636378
2.113165969596561         0.016374513671256787
2.1240727128733106        0.016511172241217106
2.1421462971729923        0.016738627803282353
2.1453282250035572        0.016778801196582375
2.1544517594121215        0.01689420427655891
2.185815812387286         0.017293346961762053
2.1957155109932183        0.017420110364685614
2.200516370033571         0.01748171880593038
2.21070482129163          0.017612756216800002
2.2215763332248164        0.017753015139413998
2.2323041001656945        0.017892054243616073
2.2700787847250012        0.018384998910409085
2.277595219790852         0.01848431911866369
2.2802848697328812        0.01851787253793698
2.303184486504681         0.018812625787002202
2.3233683506459357        0.019074265116625914
2.326280471729455         0.019112156818693646
2.330854948554939         0.019171751170432468
2.3326829279041656        0.019195798509341087
2.351871123921084         0.01944851282454594
2.355203647464477         0.019492457274784533
2.360070625424033         0.0195566646405776
2.3743946184101747        0.01974583140845083
2.377218392474644         0.019783157892603095
2.3872666457980927        0.0199160755039697
2.411010547170987         0.020230736724163135
2.422476712749598         0.020382980839241123
2.4329531792215184        0.02052158199067594
2.4560910564333116        0.020824570831682276
2.460231949467295         0.020878342432002872
2.466231783878182         0.020956009279835125
2.4776234836926436        0.02110267822750996
2.4824580251407884        0.021164620112772394
2.489404861485969         0.021253201507490112
2.5057247269473972        0.021459334468880313
2.5264009789616413        0.021716529452475312
2.5264327814271224        0.021716918430648637
2.5264655655791906        0.021717319408167866
2.526614012904715         0.021719134944521865
2.559260239346986         0.022114494808532937
2.5937546318321485        0.022539390263313468
2.6141980760127237        0.022784611091390475
2.625598661409085         0.02291816976124983
2.651835220707517         0.023216849853536146
2.65403460543434          0.023241337965160386
2.6740598261720585        0.023460386787207264
2.724113703281482         0.02397706411339229
2.728228490093726         0.024017578735548883
2.731209761314485         0.02404674662068803
2.7413853838559925        0.024145124696336152
2.754285924732041         0.024267160574407733
2.7595930436990477        0.024316537875289278
2.821791567027719         0.02485930927978902
2.829717266612226         0.02492031751549053
2.8382386909953503        0.02498479919666964
2.8450568953668345        0.025034141322700848
2.8638203099922523        0.025171398331763697
2.8988903247636975        0.02538033214401867
2.9085442565907753        0.025429743210602474
2.9211273793735817        0.02548889500128491
2.9604162192621906        0.025635337888246023
2.9712080181434346        0.025667937159634537
2.9941757021002386        0.025723864266719042
2.9954794290878404        0.025726489891775527
3.0037838451154935        0.025741830152044724
3.0327030861231363        0.02577657457825307
3.043639563332062         0.02577654511870594
3.0493767755926067        0.025774154666392962
3.0913781481859695        0.025708750610327465
3.1016442797762247        0.02568452103280166
3.106355298093474         0.02566456163860125
3.1203446100116903        0.025611123924124218
3.123058768118255         0.025599603811201854
3.1256863454723414        0.025588094434446807
3.1528489998022486        0.025448548776852705
3.1643045568218673        0.02537845249333431
3.178260726699772         0.025284040790761762
3.1838748591901362        0.025243269305967344
3.19303389726413          0.025173314517562932
3.1940563056631373        0.02516524099622472
3.2074148906308726        0.02505487107507131
3.2361768433878537        0.024786444863174457
3.2665729204055367        0.024434810450898077
3.2676461176144334        0.024421526306471215
3.2722387016902026        0.024364009337189817
3.278332649615677         0.02428601388371258
3.299173394897838         0.024007340708572106
3.2993947436655553        0.02400421977236558
3.299646510336679         0.024000665837338262
3.3576181267040495        0.023065661357728265
3.379618947316466         0.022649996406812357
3.3911322963471666        0.022419134433088635
3.396222580976074         0.022318457859411278
3.402456353708779         0.02218322324744341
3.425510015810655         0.021666427987320436
3.4592046720738066        0.020856857444321808
3.4644177357750627        0.020725851804173065
3.4720118581564123        0.020532250865129865
3.50567246105845          0.01963473536389815
3.5153410550899364        0.019365052419325055
3.535132948416091         0.018796465052205016
3.568322536123749         0.017793108294348978
3.577894979481585         0.017492112589310594
3.578463072411017         0.017474086088110456
3.581520172992909         0.01737393090627725
3.5962125846028066        0.0168828768963409
3.6048842870982902        0.01658550594593972
3.6061774854514854        0.016543919783975996
3.619928000432936         0.016093354494857753
3.625222920661308         0.015915768935811647
3.6258534089426395        0.01589384446481983
3.642379217405454         0.01531027780880825
3.6795841899272923        0.013933716317921173
3.70184900908724          0.013072790198945722
3.7184668333651505        0.012417075569686745
3.7384963390739396        0.011611809339215922
3.7481747754216412        0.011216848578765645
3.7867301692124995        0.009605637774185036
3.8023194036540975        0.008937001100978581
3.802814214213368         0.008915616324424527
3.8102633822629444        0.008590653549291283
3.8128901494292964        0.008477908655827182
3.8133207291728626        0.008459408739098683
3.8190346233579078        0.008213409892968385
3.868326856845247         0.0060525826998478974
3.8822330998603993        0.005430442283374654
3.88447750882758          0.005329799533014714
3.9009385529366196        0.0045883963568368585
3.9368024266002712        0.002959750819021848
3.941169308043114         0.0027602122153368115
3.9616273052044404        0.0018218556175427177
3.976748392548734         0.0011245218573382697
3.9890435141398273        5.551514443280955E-4
3.999041554088928         8.485897768554268E-5
4.0232037056741445        -0.0010601437164538651
4.036580239919452         -0.0016936388589601351
4.06138375391928          -0.0028546462614160916
4.072757175910418         -0.0033810828004811524
4.080576154489476         -0.00374083264649335
4.089826330276701         -0.004164155014321411
4.102390933983918         -0.0047352058120244955
4.106113376319805         -0.004903513549655636
4.108775982788344         -0.005023656387107152
4.146473650685966         -0.006703256070067661
4.1773872669137795        -0.008062321994111344
4.191792612615314         -0.008690004574438574
4.193909127444211         -0.008781012214034734
4.195327214389334         -0.00884188190010298
4.197830447301815         -0.008952194814716765
4.1979876381037045        -0.008958989943005497
4.205831061130864         -0.009296554716944483
4.239127779492868         -0.010696943889805147
4.254590064350464         -0.011329294211406715
4.259795042084066         -0.011539595904981857
4.266067028338108         -0.011795026445559204
4.274255436638911         -0.012125296744319662
4.288485178561652         -0.012690595492826171
4.320101972362378         -0.013907353831167781
4.3399106409214285        -0.014642085409852769
4.34975749420496          -0.014999408354047386
4.3620950837370795        -0.01544149024055322
4.374287035277875         -0.015872577445925618
4.389446161494062         -0.016397003828818014
4.391493888028393         -0.01646670037768692
4.417550467506941         -0.017329786159651122
4.436980962945104         -0.017944694816851684
4.43928791510163          -0.018016073690640295
4.449875566032704         -0.018339230880248362
4.462215259004323         -0.018701351214975327
4.4791048369623185        -0.019185203489813642
4.482007901733481         -0.01926699829571137
4.5177709674364515        -0.020241612623948618
4.547017072627517         -0.02099322453445663
4.549553089230581         -0.021057256736438986
4.568187266285081         -0.021514977316346065
4.586945286392901         -0.021936795015068927
4.596956971033119         -0.022152595630273345
4.607066298220756         -0.0223639082364793
4.611368928686605         -0.022451835215647118
4.6183750176228475        -0.022592441175180094
4.631638200485988         -0.02284990826666782
4.642141698843972         -0.023045713087213173
4.654550591088125         -0.023267823046978456
4.655972771118011         -0.023292641484008055
4.682208342924946         -0.023712204982067303
4.695323842239015         -0.023907554276518174
4.713794591077715         -0.024164717472494365
4.721209344039659         -0.024262045826385695
4.744435794003442         -0.024545027066509892
4.7646296436418165        -0.024764083281484148
4.775714076303464         -0.02487365660972618
4.77925097215314          -0.024907028927583556
4.7884366544294075        -0.024990104680893625
4.794338790297124         -0.025044408462460883
4.798796479880515         -0.025084099891313008
4.802375356732646         -0.025115142714717376
4.831924611389952         -0.025343417912811247
4.838451095082706         -0.025385341797992116
4.84081347161044          -0.02539980573736199
4.851237628538868         -0.02546114071047439
4.870476863674505         -0.025555892411860553
4.882900518460096         -0.025606487587340087
4.895660865851963         -0.02565048737140129
4.910533543034838         -0.02569158252056988
4.91432991225191          -0.025700315373027242
4.931467972106251         -0.025730844144773973
4.945266665698914         -0.025744841652476168
4.957488338524186         -0.025749355754075585
4.964986342136488         -0.025748459690066918
4.980035425752407         -0.02573824950485061
4.994734298761333         -0.025716577198383102
5.003178765340992         -0.025700843839227452
5.02513968979368          -0.025648711404091154
5.033498375392058         -0.025624612075405017
5.058335684332167         -0.025539153400798542
5.063135761723775         -0.025520248034725197
5.074538432593349         -0.025472234689367376
5.084622484768291         -0.02542124474482249
5.0870716843409625        -0.025408218363684426
5.10633952220304          -0.0252969881773319
5.113472580747413         -0.025251871440599354
5.129114950249132         -0.02515113093916629
5.143102778013704         -0.025071947257355176
5.155744436354837         -0.024979329398463673
5.163073765780632         -0.02492444001368534
5.176490632909524         -0.024820684122506646
5.210863065806111         -0.02453553558528724
5.2111546347619955        -0.02453299778746242
5.211221378092797         -0.02453241657617308
5.226442607416274         -0.024397128230421755
5.234578741164856         -0.024322575913742164
5.235592367070635         -0.024313178759863087
5.245981945648736         -0.024215463979580326
5.276394581923025         -0.02391482209108971
5.288596803097679         -0.02379785342909739
5.299755793379029         -0.023678186714916106
5.305781433004935         -0.02361310448557354
5.306260314547674         -0.02360791816880392
5.340892712655274         -0.02323946631798496
5.361525092030055         -0.023011761364193577
5.363339538836151         -0.022991443760180065
5.363496137881533         -0.022989687994072763
5.366310599854924         -0.022957401726379643
5.366559164136448         -0.022954546634458752
5.40543004969793          -0.02250072890198106
5.435001129031621         -0.022145725244095665
5.4350564153124985        -0.022145053627289753
5.439109721405645         -0.022095733814801975
5.470258578558872         -0.021711432384551886
5.512812596233059         -0.02117129240578331
5.514226872726284         -0.02115304102580885
5.5147233049297535        -0.021146629943683427
5.516093444246844         -0.0211289231976573
5.516604140393075         -0.021122318676363668
5.54195447044727          -0.020789753248503816
5.574830676125169         -0.020364489277250198
5.599161024784519         -0.020047774846314426
5.599481748401095         -0.020043590066135566
5.613522508935913         -0.01986013624883773
5.6262314743774855        -0.019693229919953346
5.655020509516168         -0.019315816671917983
5.6669096643642405        -0.019160226426568786
5.672193588641143         -0.019091128137995815
5.704127178994329         -0.018674198593212805
5.7242752036280695        -0.018411733319867236
5.7505732355669705        -0.018068580999708414
5.752075640521478         -0.018049042287365716
5.756546339156021         -0.01799094295711203
5.769547388979098         -0.017822267839471446
5.779074765321178         -0.017699271654605685
5.793591583989379         -0.017512857580908613
5.806506608284481         -0.017348022108440168
5.815164844686261         -0.017238048620252668
5.832267791242256         -0.017020453195124723
5.846248331293176         -0.01684245211336652
5.855938308671182         -0.016719009562950263
5.861848088813817         -0.016643493507576313
5.883154868885354         -0.01637309571121877
5.890097857926326         -0.016285614636521832
5.894219065031516         -0.016233834298663267
5.9139880826356706        -0.015986966839822914
5.9312749834061105        -0.015773153479440586
5.9577669705868           -0.015450166022204219
5.982904222613468         -0.015146715331964785
5.995276009939489         -0.014998446014235672
6.007951126101205         -0.01484728020988125
6.069657066560373         -0.014122043848917068
6.075131436266804         -0.014058558799617591
6.082290532302038         -0.013975746814294645
6.0845571903767794        -0.013949577234315103
6.084628128322693         -0.013948758252571022
6.0861840117768455        -0.013930798740618772
6.086233690205416         -0.013930223213440323
6.08749205664817          -0.013915651174216172
6.118640916559985         -0.013561465218905581
6.145791648129124         -0.013257985138655438
6.147967788541129         -0.013233851177739755
6.167377308915649         -0.013019842365285115
6.182220889946758         -0.012857691734813378
6.182285494689713         -0.01285698886391171
6.218859334539936         -0.012463072638699352
6.237050330580424         -0.012270114698283777
6.24580086333353          -0.012177997023960956
6.248531440393887         -0.012149345353451475
6.291927020950746         -0.011699961402998978
6.297510934758761         -0.011642792237017684
6.307197367270146         -0.01154321401928689
6.314746020098588         -0.011467210084866536
6.327503002535511         -0.011338778970070337
6.368353991909786         -0.010933851498772535
6.372376714164126         -0.010894499688328903
6.393065845361518         -0.010693590940191395
6.40154810314377          -0.010612009022927395
6.4036395867884925        -0.010591956659934272
6.4368152402368155        -0.010277236143222762
6.446662362051566         -0.010185036420541133
6.470184097420531         -0.009967050574890906
6.489199266144645         -0.009793148514348734
6.500567985049528         -0.009690167170708131
6.5218627547916155        -0.00949974164727989
6.523791830981727         -0.009482580965335635
6.527591310998159         -0.009448825173823167
6.562990911397365         -0.009136823882149652
6.570266395593863         -0.009073359977908422
6.589359112087659         -0.008908182196675893
6.601393108234263         -0.008805135519710131
6.618112296573424         -0.008663334774289275
6.63284657195364          -0.008539684685583165
6.651008606514406         -0.008388965368230502
6.671346029517198         -0.008222416711778948
6.671670691387013         -0.008219777016283
6.689618363835051         -0.008074441681706198
6.715451240058485         -0.007867532185920094
6.723080274598489         -0.007806941315747309
6.730945561097703         -0.007744719568927659
6.734237548060332         -0.007718750866035722
6.750906869875872         -0.007587925831673078
6.761048830354931         -0.007508876882171283
6.772732072861471         -0.007418328408189581
6.781997406115625         -0.007346910377845907
6.790755388064734         -0.007279598111224944
6.795611378296825         -0.007242417011375573
6.814514546067202         -0.0070986392099915314
6.8169648238860026        -0.00708011408022826
6.834860195382618         -0.00694686543291104
6.846781176850978         -0.006859150551735986
6.856705292419654         -0.006785688686248451
6.863246521214047         -0.006737511823016054
6.886981263007951         -0.0065637108395194725
6.897022479293153         -0.006490879447524169
6.900461315056901         -0.006466174321661652
6.906730220786244         -0.006421236027281148
6.920220300393995         -0.006324964540075341
6.925681687504057         -0.006286157044792417
6.937955050737571         -0.006199297312417773
6.949142219099567         -0.006120549439103565
6.954674960101083         -0.006081752578001079
6.960623035498804         -0.006040166764625757
6.97732555890755          -0.0059240755305380415
7.0067116059945285        -0.005722275939315846
7.012290998349473         -0.005684313910426609
7.015266115998888         -0.005664107351134256
7.044815854733804         -0.005464949059700718
7.045598667100617         -0.0054597111146110384
7.058637114755635         -0.005372756999649818
7.092947422357723         -0.005146541350771691
7.0967072488223675        -0.005121981189657453
7.097124766307217         -0.005119256650345941
7.107732232804685         -0.005050205589152043
7.111454824553693         -0.005026061165225337
7.114242210377753         -0.005008006405162491
7.150270017459079         -0.004776492366953893
7.17825006763985          -0.0045990613253765415
7.188630138323342         -0.004533764291639137
7.198052840341926         -0.004474736441065145
7.211649161588756         -0.004389977109570514
7.223551381980572         -0.004316180105406683
7.243892524176927         -0.004190833373571863
7.2848140432461985        -0.0039423224239536914
7.2904771308162655        -0.003908192020190327
7.314076879028212         -0.003766643252386179
7.317714099286721         -0.0037449255200283243
7.336270624659795         -0.003634532163571424
7.352059737615239         -0.0035411317107323427
7.367325358075683         -0.0034513129901948695
7.367418719037697         -0.0034507651469533047
7.387966697767333         -0.0033306232913050417
7.408273240559172         -0.00321274185220309
7.428638242237195         -0.0030953684509080464
7.435944373881673         -0.0030534664998594957
7.456660469306141         -0.002935048097692614
7.464987637761926         -0.002887573403649339
7.484107591480451         -0.0027787729719258797
7.513184600125357         -0.002615421496548739
7.513418990824597         -0.0026141090000532698
7.513463550408633         -0.0026138594915148857
7.513549592470233         -0.00261337771150744
7.53296421186754          -0.002504822674245295
7.535301274016314         -0.0024917871068381317
7.5682412167033695        -0.002308785221799452
7.572815311903968         -0.0022834809471981893
7.581118401274793         -0.0022376146577269477
7.5946522224514155        -0.0021630367748297482
7.6042351218836135        -0.0021103743921967095
7.624900438557971         -0.001997215472206537
7.627355336370682         -0.0019838098677931325
7.642643012205866         -0.001900503897566825
7.656372420606607         -0.001825766986721423
7.673822651548803         -0.0017310102309706045
7.682184243700064         -0.0016856989222237351
7.684744756648259         -0.0016718356142960387
7.698468947245314         -0.0015978308456458634
7.701520303740881         -0.0015813976555702745
7.717896433842133         -0.0014933314435447156
7.722241300722807         -0.001470002202937641
7.738316303531465         -0.0013838214975484962
7.754952059906755         -0.0012948534792003724
7.761040828280716         -0.001262346427461039
7.769873971038196         -0.0012152405991656136
7.792452603606343         -0.0010951175334173449
7.805976495775207         -0.001023364062482697
7.825723525334497         -9.187419034734721E-4
7.846672420042033         -8.078925820381692E-4
7.857597142000847         -7.501427026753038E-4
7.86307095681715          -7.212220055489973E-4
7.879068453262192         -6.367564212004525E-4
7.889506692439802         -5.81688764034957E-4
7.90057709964408          -5.233252917541722E-4
7.9363491193982405        -3.3501036357446123E-4
7.939612786174189         -3.178504071442192E-4
7.973021593684895         -1.418954089726783E-4
7.973640454185477         -1.386391088204787E-4
7.977488146010232         -1.1838875252286343E-4
8                         4.30717179888301E-18
