0                         0
0.03291055511702222       0.001831381284007581
0.036956120310517454      0.0020568477080216046
0.04918208513489937       0.002738677069041659
0.06662094216225244       0.003712407108850915
0.08267782825931058       0.004610202324405767
0.08800739882501322       0.004908457445051752
0.10328581600030787       0.0057639338926906165
0.14667894076561389       0.008197575637706938
0.1517313859710325        0.00848131490493137
0.16447973744040287       0.009197040928523071
0.16598288912370282       0.00928145417263236
0.16689618202032575       0.009332960909083981
0.1793261110566045        0.010034575310992035
0.18338203851910967       0.010263712977058363
0.18592535911131836       0.010407459527420355
0.2000373902926263        0.011205941386259575
0.2068313136305791        0.011590884823903183
0.21621158617170283       0.01212282191615636
0.22778276066059705       0.012780301521890781
0.23724627123340564       0.013319090679237816
0.2441348472655555        0.013710819822810041
0.25014569566603095       0.014053185885903435
0.25983514846129413       0.014606157512410324
0.2737154180350454        0.015400618228130474
0.2965594689052289        0.01671408931246846
0.3007065879828614        0.016953331743228092
0.3066479004303557        0.017296504415072616
0.30992107890658993       0.017485738497686542
0.31063912232503477       0.01752726989207074
0.3242416446997428        0.01831530988760865
0.33944286867903106       0.019199610235562315
0.3455442317298646        0.019555097359413756
0.3605372357735442        0.020430417873118917
0.36454750835199434       0.020664933753799897
0.3708993253716595        0.021037063826020025
0.3968457725116549        0.02256554120540348
0.4024815486138489        0.022899195968007637
0.4235591994213669        0.024152298306387345
0.4245178009461757        0.024209485485766527
0.4377136073121415        0.024998445230824264
0.4432846984461127        0.02533242329079258
0.44605677552756634       0.025498820323761797
0.46569991521863174       0.026682022872840105
0.475871130544607         0.02729750951394602
0.4907630165859846        0.028202132585838827
0.507527303558315         0.029228559830778537
0.5172894134084456        0.029829092933376104
0.5220048892863545        0.03011991922507247
0.5276040218527902        0.03046535423128919
0.5423144917682544        0.031376942694133554
0.5488817163219841        0.03178579224924554
0.5631499402081505        0.032678090897846575
0.5776986771394733        0.03359359459432144
0.5926430471224493        0.034539905705924676
0.6000037620543078        0.03500869814932018
0.6054279919859613        0.03535529740406485
0.6065255084216388        0.03542554438644584
0.6116332191718508        0.03575298581396143
0.6122783756905673        0.03579440597454425
0.6283198149770819        0.036827505855633935
0.6295354666474194        0.03690609181756534
0.6442310541607714        0.037859385065534566
0.6720599317487206        0.03968130292837393
0.6888485533320221        0.04079098644885806
0.7108768575713432        0.04226252994781579
0.7336673839355853        0.043801641586501405
0.7446889267361576        0.04455359303686452
0.7648340460395768        0.04594086785161132
0.7684626516258442        0.046192515557810704
0.7697973226574836        0.0462852121331662
0.7769548675704353        0.04678356848676537
0.8181056968259487        0.04968948895004258
0.826048445680346         0.05025836470343935
0.8298521753945726        0.05053171081811762
0.8432526911617397        0.05149868938555828
0.8718507002149567        0.05358545900116203
0.8844802355206525        0.054520334234919074
0.8895798937078065        0.05490052454496372
0.8898913775194912        0.05492378874780546
0.9129929686673981        0.0566628223358852
0.9317519774503373        0.05809472247008045
0.9319563304812862        0.05811040891354834
0.9342050805169392        0.058283169948414794
0.9547831938690181        0.05987632115196579
0.9703735468337187        0.06109800289497841
0.970934219483371         0.061142173755153253
0.9939399335772712        0.0629687237328265
0.9982237688471034        0.06331188470348846
1.0013121589084735        0.06355967083556872
1.0157737253789973        0.06472819521523518
1.0292689052874324        0.06583089949042062
1.0351055329581194        0.06631148435178863
1.0581737027464553        0.06823258329112471
1.0616783023429999        0.06852747125528787
1.0637008886672192        0.06869802144160964
1.0716375373076334        0.06936983184336604
1.072076557441739         0.0694071097310137
1.0912753806748365        0.07104940068124115
1.108851817658592         0.072573636008729
1.108892487083245         0.07257719679516682
1.1090526070591897        0.07259116070263456
1.121156336790974         0.07365310581000944
1.1340817959081348        0.07479157110257754
1.1681449036935945        0.07786864657195033
1.1724114618053756        0.07826098146925184
1.172837868896989         0.07830027203139414
1.180104206558461         0.07897204956169504
1.2190960269531408        0.08264892474239295
1.2264427483680567        0.08335531078037066
1.231227298742187         0.08381766328042485
1.2322691343550016        0.0839185830143046
1.2423624595629157        0.08490078547089708
1.2804740349307377        0.0886828960280208
1.284414756266297         0.08908390713853422
1.2872249214316882        0.08937073923278097
1.2919756174321277        0.08985570870512989
1.2948960671793015        0.0901549286681361
1.3116739744226502        0.09189026692883188
1.319073250344281         0.09266396776559557
1.3305230456038153        0.09387133531249782
1.3568060270875073        0.09668937888781654
1.3627231961032398        0.09733275397034354
1.3654959649210727        0.09763495707655906
1.3675595418370783        0.09786045036776161
1.3685346108343406        0.0979671727093655
1.4143760072003035        0.10311030962968327
1.4187613337097797        0.10361522326327718
1.421178269023312         0.10389446540427619
1.4217714742956689        0.10396310637293271
1.4346854610679138        0.10546762999981908
1.443549060199127         0.10651140746979115
1.464772919379132         0.10904795000542844
1.4666112349008622        0.10927012507955222
1.475045421054917         0.11029451370368366
1.4780700918642233        0.11066594140755188
1.4812482232229873        0.11105641793530266
1.4911945491217196        0.11228729237686638
1.509798216340827         0.11462546832124032
1.5440739955133735        0.11905601978532498
1.5451247020175884        0.11919416620211976
1.545469531942332         0.11923954021178888
1.5546724229260354        0.12045705088318584
1.55809513861033          0.12091309057481124
1.565251310669283         0.12187222467140472
1.5669658370665955        0.12210315628119797
1.5702379297273303        0.12254509651404205
1.6028533748579672        0.1270376377696074
1.6160547219377914        0.12890917427181633
1.6309195685954248        0.13105006068886624
1.646701245610748         0.13336184899736558
1.6482620683726275        0.13359266173883988
1.6520589908400545        0.134152344128408
1.6642303898743238        0.1359657980228295
1.6909247489057733        0.14004630203612015
1.6958237790835406        0.14081056874724565
1.7078435066226694        0.14270592443995544
1.7099308573300827        0.14303800256263696
1.7164452672738661        0.1440799601896508
1.7195891657249436        0.1445858372767321
1.7225557717216353        0.14506499033033188
1.7326588204328797        0.14670992818155612
1.765565955869254         0.15221917602853874
1.7735770936423358        0.15359266960335538
1.7775223285546988        0.15427371801361667
1.7877888927756436        0.15606893287877482
1.7996706768228037        0.1581651652085456
1.8238987794650245        0.16255003761384768
1.8257032889545304        0.16288255370715976
1.8370593932327255        0.16499400601699357
1.8402458746998434        0.16559232221478504
1.8516410558665246        0.1677529394253329
1.8692639758423193        0.1711589476655666
1.8727223415108774        0.17183655566729242
1.886329893689808         0.17453204275981227
1.9036114349102449        0.17802269501071738
1.9216323754659714        0.18175383052315328
1.932694410555061         0.18409153051569266
1.941267629842436         0.18593054422786282
1.943936218880754         0.18650783385218384
1.9477155471977783        0.18732935420593638
1.958161109796679         0.18961578695810566
1.97543113425816          0.19347603425223658
1.9866794632776679        0.19604391300065488
2.0040330990367234        0.20008853515626585
2.015369491083841         0.20278507859078276
2.0190604719196075        0.20367230888369212
2.030464427598662         0.20644234141066695
2.046427128176338         0.21042258421598517
2.04819847959505          0.21087003200257892
2.0644061220158996        0.21501762451450407
2.075844288448175         0.21800275010512124
2.0768673627138083        0.2182720921165124
2.077395972908144         0.2184115213746228
2.0800675843783414        0.21911796632376143
2.0824375770909835        0.21974712244693445
2.0834891293962574        0.22002491776098895
2.084909706256984         0.22040100008783522
2.090386629630284         0.22185955568509438
2.0958674997029743        0.2233328338588194
2.123089317887384         0.23085280874710404
2.134810747612245         0.23419516659454742
2.1420687110044643        0.2362950631319255
2.1478045413099127        0.23797096140507906
2.1483740494267405        0.2381381503094009
2.1886541733155207        0.25032492142234425
2.196934686712622         0.25293318243358903
2.2094096949677695        0.25693306983817854
2.210591481183876         0.25731637728196133
2.223102318074568         0.26142079978187743
2.223908495577567         0.2616882014241166
2.235692721152912         0.2656372672390526
2.2606932009084995        0.27436990599865646
2.2606983593085914        0.2743717452785382
2.26104779132006          0.27449520081879597
2.308744480980991         0.2920969359953884
2.3091079149323317        0.2922367746904749
2.3301677067517597        0.30048768489280575
2.3671871551075427        0.3156953223596832
2.3686562846219386        0.31632261474179507
2.3785594904666505        0.3205948043440664
2.382977581863774         0.32251950468945567
2.385789568218004         0.3237521285824101
2.3948243604803556        0.3277525506612087
2.4036198211567594        0.33170568890348545
2.4049345998437106        0.332301593358768
2.419267687718879         0.3388817896053786
2.421854341801973         0.34009933878071597
2.4323834661325074        0.345126581232267
2.4544045913881027        0.35601004451161167
2.4544930635192674        0.3560547775825427
2.4546220423523453        0.35612017619275027
2.4569444684114496        0.35730057642210034
2.4580266740627303        0.3578524425779939
2.4613265512264424        0.35952299877710486
2.487208033264924         0.3730078534359244
2.49873535360837          0.37923219528467056
2.5083867874086097        0.38454712107111466
2.5137069489001553        0.3875171980506269
2.5297890692878244        0.39666960890227665
2.543198745573781         0.404501358712774
2.5606408636273734        0.41496066906510065
2.5672951097755936        0.4191373075929039
2.578099016113636         0.4260524521979285
2.5868349912463464        0.4317651866046819
2.6062969746560474        0.44488161648622393
2.609985563117463         0.44741252013556093
2.649286393378457         0.47502978788098005
2.6512117214910274        0.4764626044231434
2.65661689832094          0.4806327858272726
2.6613150750111454        0.4842762623506053
2.663274365298712         0.48580461107985584
2.6725179960637564        0.49308580051313255
2.67593888907099          0.4958099988759941
2.6885531767936666        0.5059933241444929
2.7168670699831           0.5296415891031468
2.720738551151738         0.5329601593264018
2.73838213188216          0.5483430193007819
2.7494151560882036        0.5581782815787357
2.770459774667488         0.5773989811258897
2.779736270329291         0.5863431600023403
2.7881889222544403        0.594654602909264
2.79843997965021          0.604941156085736
2.805768363891646         0.6124338343329421
2.809209909702779         0.6159925037175579
2.8238431626465044        0.6314745719470457
2.8359218946915576        0.6445424440746715
2.8499500653933474        0.6600357866884706
2.8632083515538667        0.6749913710382023
2.8683017168444316        0.6808175291177668
2.8704043096851           0.6832356973033092
2.873073204832483         0.6861892219731895
2.873991344741503         0.6872120058088926
2.8993690176305194        0.7168451523004903
2.9310722501114914        0.75756095859075
2.935308882942525         0.7633129934451498
2.953868556459236         0.789375489012773
2.9611593108756593        0.8001262618124263
2.9953119479782506        0.851875478487899
2.9957541435072472        0.8525605154151767
2.9958185056027156        0.8526602553552853
2.9958645111476474        0.8527309268941
3.0162390494036515        0.8840296645161749
3.0305314002060384        0.9059855347056712
3.0322300817624654        0.9085950666730016
3.0365530686063797        0.9152361043348846
3.059247956350639         0.9501008303667752
3.075955866942616         0.9757686740511583
3.0821544643932146        0.9852915016780951
3.0934394461446777        1.0039810648527152
3.100822486134348         1.0164083331066465
3.10628014223681          1.0256963946745075
3.141636991075005         1.0864182419553094
3.142032507175878         1.0871039999355778
3.142606550700046         1.0880318992341707
3.156772514736847         1.111075178229655
3.158134435577536         1.1133052564347534
3.1649572808343036        1.1245161176077296
3.165675344821642         1.1256997553735302
3.1815836202728023        1.1521062556986068
3.1935528664321677        1.1722060414194293
3.199104826991788         1.1815969384433962
3.2017718278666267        1.186123278606694
3.218294262075462         1.2143847991608223
3.2296204728531452        1.2344298939021743
3.2409379324709455        1.2542814682450425
3.2594726104841487        1.2861175997879604
3.279415948388542         1.317014550641551
3.2935003829601697        1.3367369777398228
3.2937121719014355        1.337020293305803
3.300015364586315         1.345272498406855
3.3178793929070096        1.366770643984445
3.32750478045915          1.3771960253008306
3.3442197101013216        1.3933731215862504
3.346486411331926         1.3953785671718193
3.3564305662745904        1.4036451019742597
3.3695200280032855        1.4133333693628283
3.378337299245991         1.4190352576227294
3.3821316855393517        1.421791101290295
3.4040358805217705        1.4365752088171277
3.404993495741807         1.4371675512830953
3.405111251233555         1.4372031190154346
3.4068977825011157        1.4375708836667578
3.429608248982937         1.4393028881448342
3.446165627124048         1.4408156016133362
3.453909164090341         1.4402569412086406
3.474315890358403         1.4349195055217392
3.493014529520137         1.4251088734659214
3.496952730068875         1.4224427843409144
3.499880890410698         1.4203251930759169
3.5014651239089862        1.4191314052760693
3.5040126660827555        1.4171409004124274
3.539863431916226         1.3798667159481013
3.5514219229038666        1.3655163408440683
3.5560107530432252        1.3595417079606371
3.5582910087354143        1.3565141883089011
3.5730923435104676        1.335519760231017
3.590249323368225         1.308739645099893
3.6017724759691863        1.2892799668827681
3.608688857980602         1.2747735757996326
3.631102022003712         1.2248608344493717
3.635255915038113         1.215122945784893
3.6471903730207167        1.1862971824778563
3.664926525019183         1.1411340521859956
3.6696926757637325        1.1285238824338406
3.6738124857315624        1.1174620935926123
3.677942942375363         1.1062212051979965
3.68611870985205          1.083526762769677
3.692313503772761         1.0653332525358348
3.707414396199977         1.0193675556957214
3.7163793125362488        0.9909951413717488
3.7314856798811933        0.943554793622686
3.7425773529790605        0.9089582286437442
3.7491520217685625        0.8871511475050474
3.7632258423603027        0.8429630429945222
3.7731355899578167        0.8103487508802489
3.790599268863728         0.7521226500388665
3.8009880964006326        0.7170305266144819
3.819142770402248         0.6548924806767156
3.8364627559162487        0.5946463040451148
3.8430901926696728        0.5713440252522038
3.8507971711195883        0.5440725292206512
3.8660559455749093        0.48952826633161833
3.8843514572297524        0.4231646412850862
3.89558111647562          0.38191035372614307
3.9010649581227033        0.3615792590179319
3.9118101208358387        0.3218870436692071
3.9220247433057587        0.284193291914499
3.951722907506087         0.17481593422318747
3.962174765152156         0.13639788041947798
3.970130810922494         0.10718017213166602
3.9826254234298526        0.061341224336770556
3.9909453018514816        0.030849388473520922
3.9975020176497584        0.00683705096230945
4.022481201821277         -0.0836040258809086
4.025840746625576         -0.09575988947390512
4.031371602601295         -0.11576814356874977
4.039837457616864         -0.14638412929408287
4.040132770482765         -0.14745188645744925
4.044803636018578         -0.16433832254202713
4.080654607827788         -0.2938287131787348
4.081151637676748         -0.2956366093309692
4.08341119085187          -0.3038588595851768
4.089002952153315         -0.3242302566449652
4.0891926402489185        -0.32487417621992304
4.089734355859034         -0.3267136068360308
4.090562752129624         -0.32952794221720666
4.091131523439195         -0.3314612695339188
4.091679949133034         -0.3333262286512125
4.093102465961247         -0.3384699566440871
4.0971498382420934        -0.3530884047312241
4.099812776893836         -0.362693117283153
4.148774032185248         -0.5373934210890531
4.1707321273134745        -0.614576174594947
4.20036210436775          -0.7175804468963946
4.205868115237462         -0.7365763507292251
4.2121345791420595        -0.7581405720743878
4.224909043290487         -0.8017602155749639
4.243750297514545         -0.8651194480158555
4.260845815016712         -0.9147862995235595
4.278019373511179         -0.9678001155030569
4.306819157088427         -1.0521297224973458
4.308081919923085         -1.0558733269517235
4.308566782683985         -1.0573067935914544
4.313158332639636         -1.0707723779110978
4.334455698520392         -1.1306513783717196
4.338392093390246         -1.14125411178376
4.3496886413687825        -1.1708764533693257
4.362381299190909         -1.2027352161616551
4.366149227581834         -1.2119026054945043
4.387115827696799         -1.2604882168462685
4.394924026504056         -1.2760577039682626
4.410715542236462         -1.3020403997156924
4.423881937631469         -1.326803406143701
4.427642103877053         -1.3334640872550292
4.42973326507265          -1.3370892471691311
4.432890115683256         -1.3424547755245742
4.43798818052577          -1.350170042441886
4.439484891532311         -1.3523513127213185
4.444811590307532         -1.3598056997719845
4.445868391984676         -1.3612273478785657
4.466215762111017         -1.3888611664829353
4.47859087467328          -1.402064095129349
4.4937895946123225        -1.4157344843495834
4.498196796991366         -1.4191737802941473
4.510620408557571         -1.427599109898957
4.517758045672269         -1.4315917564699527
4.521689004818887         -1.4335264252974116
4.54556061647799          -1.4412446612789696
4.5579554476147           -1.4425223725911671
4.573629927607483         -1.439530619656828
4.59536777448648          -1.4327939490384995
4.606039917667642         -1.4283860737695033
4.635365814331669         -1.4120423554018469
4.636813031013813         -1.4109803024019907
4.637677782093333         -1.4103342271723087
4.637985466594365         -1.4101043407428846
4.6384555275310735        -1.409751267957626
4.642554331214705         -1.4065769428218464
4.67784492187165          -1.3721478520353088
4.678969634576412         -1.370819771289567
4.691017453372263         -1.355823870833209
4.6954865807748085        -1.3499031805816517
4.706394577865943         -1.334638860284383
4.70997013467836          -1.32938419295865
4.738442170882171         -1.283116452821134
4.7437756519802905        -1.2735750426257022
4.747381547490937         -1.2669679002997516
4.748311606020317         -1.2652432798539899
4.753026300646912         -1.2576535961531397
4.7666093223657935        -1.2357369191547958
4.78875786314126          -1.1998376575430383
4.802756840554341         -1.1770440714699248
4.809521076092739         -1.1660016071972152
4.813791745967141         -1.1590201972831504
4.815735227387705         -1.1558406523542424
4.820482560296333         -1.1476047212386864
4.844164503250582         -1.1067953368268073
4.850960790172087         -1.0951684973628482
4.872317355063401         -1.0588783530672077
4.879346285794918         -1.047016037797864
4.8905029312997215        -1.0282705938154664
4.9048557551491285        -1.0065640998947165
4.930678766139796         -0.9628501934287749
4.935263944310745         -0.9556047708396328
4.937636803232332         -0.9518643855146972
4.976072722781826         -0.8921479567270156
4.986472991906098         -0.8762714583327844
5.003310012899897         -0.8508235804727432
5.021547936602832         -0.8236732918899857
5.032840649450683         -0.8073593052772154
5.055527838701078         -0.7757336054801276
5.0647686520836475        -0.763291862839111
5.079645439337151         -0.7437967939072665
5.083083354643335         -0.7396593407491828
5.1093434834449           -0.7071057647636629
5.122928751091905         -0.6908228972298028
5.128301738002526         -0.6844880507269341
5.135354939184795         -0.676262583653173
5.14362092429292          -0.666753346921024
5.161614609023701         -0.6465405744364462
5.176443702407543         -0.6303846032584677
5.187626523726258         -0.618501136979728
5.217063521958642         -0.5884528731894773
5.222869360673294         -0.5827341748548307
5.224651100055215         -0.5809949988213139
5.247450794801354         -0.5601808999661346
5.248429525145039         -0.5592846855412515
5.2503307878716905        -0.557534563426267
5.259248414940047         -0.5493888489522254
5.277170784090599         -0.5334512137302114
5.286020049026053         -0.5257953544736459
5.288844543330964         -0.5233814745555557
5.290178907166444         -0.5222460950382893
5.309477283174444         -0.5061842713610026
5.3201821637409505        -0.4975640721728168
5.3282297821824605        -0.49121961491292443
5.357550571299061         -0.46909123926598006
5.362111087426825         -0.4657886259174303
5.3625342917101655        -0.465484051936217
5.379288780274324         -0.45368537323757996
5.3867400801431495        -0.44853799049699666
5.394535541724424         -0.4432331167374843
5.396491391859469         -0.4419150235379639
5.411552270943316         -0.43193820186068627
5.418919019255194         -0.4271697891606512
5.425316537994483         -0.4230882082494347
5.43540080236273          -0.4167503072353415
5.436176417201458         -0.4162671747694943
5.450560736582271         -0.4074194238232421
5.45191859953723          -0.4065952124852331
5.46488928564328          -0.3988178074154167
5.484831979039363         -0.38726560679615013
5.484975857289072         -0.38718402531863416
5.485301470123977         -0.38699949040988124
5.523292789610448         -0.3663565823775046
5.532727416599262         -0.3615031298979348
5.537673253843557         -0.35900222804759957
5.553683476797834         -0.3511111865217492
5.586425218761454         -0.33558644271172766
5.594037936473731         -0.332069826690566
5.5940458319479385        -0.3320662016751192
5.610988007089441         -0.32439365011404553
5.611004275373389         -0.3243863846152717
5.61980532326409          -0.32048444583044794
5.641611041326341         -0.311063331703086
5.65026883336665          -0.3074787194589399
5.653126975787865         -0.30630662408902254
5.680049516043732         -0.29554049598370796
5.693672768072092         -0.29028179161853707
5.7097078158962855        -0.2842549515629681
5.710849650491304         -0.2838325039627774
5.7301775756228           -0.276817169892974
5.741916280393286         -0.27268131736261797
5.745734494817845         -0.27135639960661284
5.751540191250692         -0.26936095857759956
5.77788256841095          -0.26040161955453567
5.7821105158981485        -0.2589891048486199
5.791324792080333         -0.2559456072522562
5.798477321513584         -0.2536334225556417
5.803475679640367         -0.25203144533317196
5.8088759638730805        -0.25033740775622015
5.818467929394545         -0.24736043523918363
5.8278084387490425        -0.24450082001009452
5.8619096820217065        -0.23439000850005595
5.8777419690496036        -0.22987159041437882
5.879556946253289         -0.22936073010842534
5.8948290889064925        -0.2251201076006343
5.920343684403049         -0.21826681911012524
5.94386817968693          -0.212204551249403
5.9466079742261275        -0.21151450353745488
5.962218456388986         -0.20758233760724337
5.972927841850745         -0.2049331843477211
5.993156791956035         -0.20011186457236965
6.003991757747018         -0.19756939105863092
6.020355351059394         -0.19378942083903106
6.031839428323399         -0.19118795441433126
6.038296866561211         -0.18974376264804899
6.065820933596568         -0.18373822064920098
6.074976672945744         -0.18179442229839402
6.076987964920213         -0.18137102310536332
6.079213667170911         -0.18090400211868438
6.096435374762953         -0.1773441243556311
6.101237530318469         -0.1763684557990639
6.108430560070965         -0.1749208777356295
6.1295979948320936        -0.1707573630873045
6.1463444518650086        -0.16755353522267735
6.17280050491873          -0.16260792001492505
6.172889294879506         -0.16259153812033275
6.1729460823870745        -0.1625810616329033
6.1846178904395215        -0.16044270916864567
6.195112601519374         -0.15854538019507364
6.212819950540084         -0.15539854962835448
6.228657616127226         -0.15264192917845817
6.22974684390707          -0.15245481504199998
6.237241475099873         -0.15117487259658963
6.241760068474888         -0.15040953580443286
6.2473110485031755        -0.14947588155168662
6.252459717027115         -0.1486163431676491
6.265854002643504         -0.14640479075732932
6.276686321478199         -0.1446470839731336
6.290494543210808         -0.14243032667984631
6.295693188758712         -0.14160540258456245
6.309991793024799         -0.13936374927319412
6.318347591830056         -0.1380722829952988
6.321589562675353         -0.13757488253571815
6.333066409566887         -0.13582680805334962
6.3454860889850755        -0.13396241116682403
6.353709425707271         -0.1327486895733008
6.3735684062265054        -0.12985995529193664
6.390828412498773         -0.12739792321198098
6.406344603512319         -0.12522325287044656
6.41199817796741          -0.12443996486608533
6.423033379111574         -0.12292751373575586
6.441669067387554         -0.12041417001470126
6.454104339781439         -0.11876557397261835
6.465098902302049         -0.11732698993491787
6.496705911318904         -0.11329074241061746
6.50022472721624          -0.11284945487824116
6.50219550389826          -0.11260330404579352
6.508869122516581         -0.11177355444763566
6.513923630352068         -0.11114871562881964
6.524721176520465         -0.10982432274474005
6.529755535987821         -0.10921166741699563
6.529771267553334         -0.10920975779503868
6.542936006234867         -0.10762226162231564
6.553757929729802         -0.106333052316875
6.564663112155252         -0.10505570214559105
6.572713448574519         -0.1041206175875948
6.581401250827097         -0.10311898865778042
6.588851641134544         -0.10226622416531382
6.59267268201019          -0.10183109288500727
6.60571705328624          -0.10035697711641307
6.618855595032459         -0.09888857550012904
6.627081994196442         -0.09797913498725583
6.647719638082663         -0.09573138979391912
6.653656565077293         -0.09509371644897549
6.6614048709994975        -0.09426749909459038
6.672976253498352         -0.0930462239807361
6.6776379596818485        -0.09255853687434215
6.699279752089878         -0.09031921816195716
6.701107698484302         -0.09013194222629324
6.70720111036515          -0.08950976134860422
6.738911046407613         -0.08632406913945345
6.743911271400915         -0.0858297096311765
6.771647619742178         -0.08312696514192504
6.792983392220292         -0.08109344022099986
6.797377236342834         -0.08068057424229003
6.801251797537182         -0.08031626816750537
6.809244054619704         -0.07956850577091824
6.812974660525114         -0.07922122712773018
6.830717635175616         -0.07758488346143509
6.83409352702675          -0.07727641148458095
6.854571920301476         -0.07542485851750436
6.8641908252419865        -0.07456911440750201
6.884788495189211         -0.07275665436516551
6.899479211488359         -0.07148063282872394
6.906279536998003         -0.07089466120159243
6.907024750441604         -0.0708306282830586
6.9101702913790755        -0.07056073919369255
6.921436183902666         -0.06959848398902178
6.928110908408398         -0.06903235805836919
6.970017988633227         -0.0655456726269313
6.990799901385183         -0.06385994451072173
6.991590170459203         -0.0637964087751279
7.002897519333642         -0.06289187521419136
7.0034202678938255        -0.06285029277467452
7.004296930763092         -0.06278038908215047
7.01400173862968          -0.06200904767860851
7.039281402557803         -0.06002229500709195
7.0430906597950855        -0.05972573887721954
7.049174373236156         -0.05925364315376169
7.074426860327655         -0.05731416923393245
7.07759020247991          -0.05707343431902934
7.089375779937882         -0.056181079049174756
7.093708310656753         -0.05585483888113814
7.100142800072364         -0.05537210786581917
7.11209174582644          -0.05448199671214121
7.114382797517644         -0.05431219307282323
7.115404503894174         -0.054236557829371805
7.136859069791438         -0.052661072709165715
7.137578680873495         -0.052608651376686376
7.155560690726028         -0.051305570067372325
7.16398935596904          -0.05069910905262262
7.180800361659156         -0.04949911125509286
7.191612290190909         -0.04873307188915438
7.224157291676209         -0.04645430797573239
7.234172007316769         -0.045761272517157225
7.243580307396426         -0.04511371062559143
7.248554267736578         -0.04477273247473404
7.255660830275804         -0.04428720714103267
7.264713262939856         -0.04367154714740247
7.268330862132088         -0.04342639264530894
7.281805790521186         -0.042517780677970456
7.2857306189644           -0.042254479202606304
7.322868400669327         -0.03979317354436231
7.334496989979135         -0.03903005985589842
7.3501812570479474        -0.03800739301468401
7.351751370044548         -0.037905433538503244
7.3541451788183405        -0.037750360116498786
7.364522046299999         -0.03708012287011479
7.377282396133888         -0.03626054345590873
7.39570025489163          -0.03508576050680857
7.397852259814864         -0.03494912472505462
7.405670075155983         -0.03445386248232333
7.417488994612792         -0.03370843058383716
7.428797927507958         -0.032998885490162826
7.432584774471818         -0.032762104490548886
7.456213373473481         -0.03129389083765541
7.457695593091694         -0.031202319514458718
7.47504851517517          -0.03013145510947706
7.48948507711532          -0.029247673224572734
7.490901972036043         -0.02916117139903043
7.506053394013218         -0.028238833627417314
7.542120826822501         -0.026062820626424173
7.544559601875454         -0.025916680282643028
7.5542146222728945        -0.02533935366397542
7.555966971378377         -0.025234738115162827
7.556254938263471         -0.025217552559470433
7.558794211145382         -0.025066086223067274
7.574852252712284         -0.024111341778554625
7.58788398112444          -0.023340476640845587
7.601810534545488         -0.022520589217453393
7.60641302751353          -0.022250357717330194
7.608544671709048         -0.022125303177243216
7.633209209608326         -0.020683088542211004
7.644848105654649         -0.02000556130281646
7.652343196486717         -0.019570285173788553
7.669234490907176         -0.01859228618060076
7.691211808188622         -0.01732576095785925
7.704216651090405         -0.016579417357610024
7.7055022458059135        -0.01650571181745679
7.713205156907305         -0.016064585861349203
7.720995367562046         -0.015619325610386363
7.727047359775805         -0.015274016110728848
7.744392805567368         -0.014288338453132123
7.75781160307381          -0.013527604334615067
7.773347958043337         -0.012648791036396049
7.7775174528486435        -0.01241330329933822
7.806626166837494         -0.010773519579287528
7.813452910318105         -0.010390021642212277
7.819209973821733         -0.010066885116947906
7.821796663182897         -0.009921805261269633
7.826524582850464         -0.009656802574170804
7.831995235435796         -0.009350447606654388
7.860453141776025         -0.007756291429930603
7.864397586300827         -0.007535948923429754
7.868866618860104         -0.007286370754326294
7.870708194516446         -0.007183731548007252
7.8890044722044905        -0.006164428050283833
7.922778015778645         -0.004284920822696421
7.923256087595689         -0.004258335078192974
7.947925864310929         -0.002887163134695901
7.9481097740659115        -0.0028769465664554503
7.951492514978517         -0.002689090902915325
7.955159455364087         -0.0024855009269147423
7.97841939932669          -0.0011952698305637858
7.979350774608635         -0.001143648458929744
8                         -7.181849521180112E-17
