0                         0
0.0037407856985034677     2.0704685987078916E-4
0.031006448749718897      0.0017177310468445292
0.04439874321985931       0.002460589360354325
0.04816875006762386       0.0026698100971456543
0.06280124952065365       0.0034822811011642266
0.06371928805367849       0.00353330255487642
0.07507153605826282       0.0041645327797945626
0.09739660022839952       0.0054058219742282535
0.1000784899416857        0.005555033610701882
0.10619766953899705       0.005895562541701089
0.12177444015388139       0.0067628883751584745
0.12530057226099056       0.006959323070875988
0.13052082122107486       0.007250199901360402
0.14118107546815112       0.007844442648279402
0.16029483536378136       0.008912678535079956
0.16051304358373328       0.008924888385530839
0.16177261740183374       0.008995374318061767
0.18478750962358592       0.010285219313553425
0.18561112949745692       0.010331445975470362
0.20703625784837665       0.011535602532174939
0.2176274283811883        0.01213257899135352
0.22088202930156128       0.012316212159324805
0.23690511037538906       0.013221411852833192
0.23713227840083162       0.013234266151704
0.2414862148649953        0.013480745878819185
0.2432357061156032        0.013579846060644139
0.24346410501859397       0.01359278629272321
0.2604793115101819        0.014558456610411087
0.2681363078732052        0.014994080657076456
0.277799257384589         0.015544770308061742
0.27982304963924015       0.015660239014127077
0.28059429359301447       0.015704254947593494
0.2819620642597593        0.01578233226146708
0.28819700408625365       0.016138555420117613
0.3111352234712602        0.017453471910082827
0.31438956439318666       0.017640568542844223
0.3199390422212979        0.017959941389622293
0.3221172046134597        0.018085406955987173
0.3252685719207337        0.018267042569885966
0.3383776034534888        0.019024029318645278
0.3460774740622144        0.019470156673066313
0.35301696723277287       0.01987289669963587
0.3630712560298513        0.020457531372222927
0.3706643159052882        0.020899517988727426
0.3734711885006567        0.02106316091991279
0.3761004862213037        0.021216576869155575
0.38129663474393194       0.021520122887844714
0.39229971069411423       0.02216446356479301
0.39769530498139766       0.02248120843388258
0.41906917082937223       0.02374098225863837
0.42074857297143          0.023840306762000038
0.423517533836444         0.024004117471599737
0.4251269116147666        0.024099400287638476
0.4435413249256437        0.02519412992015918
0.4668995522186526        0.026593044433334975
0.48543856751433273       0.027711519416101123
0.48728344396720713       0.027823218512308182
0.5013177972056464        0.028675283679990057
0.5091707288810564        0.029153584236556444
0.5120645672892874        0.029330179670804698
0.5223419006641004        0.029958828629215103
0.5301208323988085        0.030436188203092303
0.5434635541306011        0.031258051639477334
0.5435064997972857        0.031260703215844794
0.5435266499569456        0.03126194735262557
0.5435695816517165        0.03126459812549505
0.5436444847314138        0.031269227389140786
0.5509016096926417        0.031718460911506215
0.568912805523509         0.03283954416825714
0.5786259774444373        0.033447746676372556
0.5828399784866927        0.03371240662574985
0.5880656995367098        0.03404127573717905
0.5979297971848432        0.034662675018354405
0.6004975571043686        0.03482495228509545
0.6207148332009322        0.03611012587904251
0.6225659713002624        0.036228410515927685
0.6452729910767072        0.03768850621603812
0.6474650854478524        0.03783040176002671
0.6536209031935849        0.03822960087256969
0.6598149538743926        0.038632365201334784
0.6610613437256868        0.038713542572080026
0.7021879861673002        0.04142005518033025
0.7213149874727592        0.04269561294055332
0.7244673501732182        0.04290751880216147
0.7343924278066952        0.04357520931234032
0.7414652913629223        0.04405333720909232
0.7528607013681573        0.04482790180142562
0.7760403964441702        0.04641957629900519
0.7853693529177241        0.04706626272434107
0.8015957937159212        0.04819942204367568
0.816388768511165         0.04924170201907329
0.8191100190730164        0.04943439346709369
0.8463487741968517        0.05137957370428384
0.8617262960689202        0.05249089219604734
0.8675169911254166        0.0529131729534399
0.8762816162234843        0.05355495449034476
0.890882779033382         0.05463114412893219
0.8977252220588248        0.05513849623162685
0.9197723604687471        0.05678581748616315
0.9280185021436967        0.057408964874311894
0.9294209909620424        0.05751532844509173
0.9315943309408358        0.05768037083421109
0.9380952271781864        0.058175628413846804
0.9508740921002214        0.0591560750354367
0.9617195597149553        0.059995374545530084
0.9637980555918455        0.06015697727985528
0.9858892473642987        0.061889549579437854
1.000565062312169         0.06305454508048199
1.027270958145178         0.06520403704442702
1.0384260108289778        0.06611316302413164
1.0435790277899715        0.0665350443674048
1.0506465630712947        0.06711908966600545
1.0717250335587785        0.06887800176898023
1.0766348914126112        0.06929174256726205
1.0802332491901476        0.06959545183556953
1.0927044325464248        0.07065488345094637
1.0995136620793042        0.07123780852321746
1.1026254439152785        0.0715052553316831
1.1066530197388882        0.07185239233884909
1.1070072916598055        0.07188298001329123
1.1224895521377845        0.07322719036310578
1.1460401254541146        0.07530545597462286
1.165699166947691         0.07707130262919948
1.16811364884107          0.0772901249536897
1.1822467605313274        0.07857953003757556
1.1925880122722645        0.07953337221666003
1.2149400483414008        0.08162177804313431
1.2154368234364359        0.0816686360461289
1.2321708738167427        0.083258320540665
1.249313629509343         0.08490950037377477
1.2494611361304968        0.08492380767938372
1.2527228021568368        0.08524060484285116
1.2592013774676922        0.08587231531791632
1.273636285039263         0.08729131681183049
1.275169024249148         0.08744322328441359
1.275263730862444         0.08745261721660241
1.276437791256268         0.08756914709811044
1.3051874051246848        0.09046599105676356
1.3216749812952826        0.09216487038218742
1.3358497239317366        0.09364732993994744
1.3373126225221657        0.09380147897364326
1.3511734327816776        0.09527272446119828
1.367001254675574         0.09697642849998747
1.3873486078626591        0.09920369361956156
1.391831012524756         0.09969982271287389
1.393497786556387         0.0998849428600368
1.3994968402222243        0.10055336130958434
1.4031426049088067        0.10096048471908753
1.4043382656612673        0.10109425011050226
1.406420247993479         0.10132760013993033
1.4461955967136912        0.10589067473920556
1.4670512168446186        0.10835968687189895
1.47242829676469          0.10900478343568738
1.4731060826925604        0.10908634651333413
1.4942937858062129        0.11166402452942294
1.528543365730864         0.115945564264069
1.5287015579113634        0.11596566886539665
1.530159668237074         0.1161511221620882
1.5317147576295425        0.11634919320370528
1.5318584496330576        0.116367509944447
1.5423919748987345        0.11771703998227964
1.549145330385234         0.11858870697977997
1.5492433045864664        0.11860140752937136
1.5514614444187593        0.11888936830686576
1.5542746774738188        0.11925574126822999
1.5543942829928907        0.11927134639953456
1.587647283590506         0.12370060725485513
1.5982523066977263        0.12515119258330176
1.6124550233494992        0.12712267325671495
1.6327770202912182        0.13000090667015637
1.6329025922822775        0.13001890143477976
1.6329271911464           0.13002242681231638
1.6329483314573503        0.13002545510755084
1.6454031173639887        0.13182117183595418
1.649042403248638         0.13235308134009358
1.655953508705888         0.13336905032807986
1.6892241027134298        0.13835691346737816
1.696779733722325         0.13951706567213565
1.6994832799294575        0.13993492153501627
1.7093654746176654        0.14146818343244266
1.7268846517046237        0.14423441905234255
1.72883235837662          0.14454575357475546
1.736050090191044         0.14570610803554762
1.7532355744705503        0.14851091340297892
1.7607104109014815        0.1497493215591766
1.7635643867041857        0.15022511112028974
1.780748130170199         0.15312430829871468
1.8094070950188734        0.1580911215022037
1.8163124158047526        0.1593124545378819
1.817763298790706         0.1595702838051921
1.8211817084277144        0.16018161349530768
1.8327524292064163        0.16227365465234522
1.8385311377051843        0.16333165059400157
1.8576937722046847        0.16690286697488613
1.8624664535997195        0.16780733617288787
1.871512614401356         0.16954081377096758
1.875822659091995         0.17037304016243598
1.9111655536865957        0.17737062719239183
1.9201747222992473        0.17920375474610634
1.923282179365384         0.1798406941068202
1.9356553371239114        0.18240051186839834
1.9443060184239949        0.18421268641089375
1.9603029772831462        0.18761252107485696
1.974951920727533         0.1907934222232146
1.9891257554478918        0.19394322134883243
1.9937645271035427        0.19498947235675854
1.9981030127509272        0.1959748657299668
2.022711478836321         0.2016898035321643
2.026637086090875         0.20262075803437749
2.0291561816462966        0.20322066715217765
2.031481490907241         0.20377616709973606
2.0331375029518597        0.20417279507270747
2.035069760429958         0.2046366569812481
2.037686172989519         0.20527074575751444
2.0472447942040537        0.2076060644860948
2.073646357482724         0.2142096026428941
2.0828274127645288        0.21657533438331214
2.097862782217754         0.22052019330242836
2.1053769112662972        0.22252455126705367
2.117879250505395         0.2258770798647242
2.121224437699171         0.22678595722391195
2.1455923399948644        0.2335577022480868
2.1824403569670845        0.24430219257212354
2.185806617056059         0.24531403930650839
2.1958331397960555        0.2483578975204522
2.202765131830382         0.25048861206604095
2.208634964884949         0.25231183061940154
2.2217434498005866        0.25645368388237255
2.255123689652578         0.26743894911777355
2.263867713305836         0.2704205730658426
2.2979959638523124        0.2824711290683794
2.300808169620382         0.28349619822070726
2.306377131387425         0.2855396782985132
2.3146599753448536        0.2886123095766015
2.3255544429234285        0.29271442686112964
2.3350060044445353        0.29632908543873965
2.3562890918364774        0.3047200989822257
2.370569560209196         0.31055214965215183
2.3916258392318017        0.31944007883717185
2.4027274174383235        0.3242017830403796
2.404881000533253         0.3251382304209039
2.4200662054774833        0.33185865748022747
2.435359437034249         0.3388347473160448
2.4370269235145354        0.33960799192918334
2.437677884123235         0.33991052752227624
2.4379083480294175        0.3400177267915605
2.4448692069165503        0.34327786185756337
2.454879752838421         0.3480420855893162
2.4579607449087657        0.34951792547697147
2.459099375223185         0.3500649486688501
2.4619782613499175        0.3514518875285039
2.4632681249919033        0.35207508897523404
2.4798137882516715        0.360167617512927
2.509560514385825         0.3755434411536357
2.5133387476927394        0.3775603963608455
2.5136258016313895        0.37771491449303624
2.5145543711435985        0.3782153133108578
2.521619924094659         0.3820508839754476
2.570636402009299         0.4100224281993553
2.5739118703434074        0.4119765007795827
2.583442779106525         0.41775029380733025
2.587639814106266         0.42032601722997837
2.594945951298331         0.42485818813404375
2.622768750183102         0.4426800743763819
2.6283521768103855        0.44636392863069696
2.6297752829295575        0.44727393547633426
2.637565651442349         0.4523365104683115
2.6516911546743485        0.46186539463210446
2.6673338594407756        0.4731456082093723
2.672037865228139         0.4766054865491697
2.6773005953195947        0.48051344071915053
2.6901774718919134        0.4902407672050306
2.7094743115293745        0.5052572230538985
2.7171278520385433        0.5113441085660303
2.726552161398596         0.5189313513048998
2.7473981419958546        0.5360747855601651
2.7512718229800037        0.5393152159428446
2.7517365277400523        0.5397051061783789
2.7714474217356613        0.5564701369982951
2.783127344387027         0.5666426306836586
2.806603143787607         0.588068999387846
2.807494600409993         0.5889084362967646
2.8081200395239603        0.589497271859544
2.8083615181216746        0.5897248492922316
2.821276058801437         0.6020836367978263
2.8319431953981273        0.6125696244154146
2.84009104293597          0.6207484609337888
2.847629435623255         0.6284461567996419
2.8527110713212678        0.6337061794092653
2.8585535374248296        0.6397943684184755
2.885293571060334         0.6682136441995348
2.895571270265205         0.6793789545158455
2.899361194587211         0.6836507011022592
2.920188473948729         0.7079494737597877
2.925055162637079         0.7137294470308505
2.9357542059506523        0.7265722626794856
2.9599532517662994        0.7563096543609478
2.9740663987242293        0.774094334778511
2.9897320395233153        0.7942163109411144
3.002068921678731         0.810344697626654
3.024670211240974         0.8405368428468687
3.0273398579870543        0.8441582032628607
3.0487716028612475        0.8736520149903853
3.0582425233754877        0.8869246336508256
3.0790826807203846        0.9166459862936958
3.091667890184644         0.9336286409499632
3.107754216662858         0.9580930212069871
3.110919715680623         0.9629209833283082
3.116729431188638         0.971752807368984
3.142802144742525         1.0111146285309351
3.1594693349258156        1.03518467115341
3.1787401465002105        1.062358806497325
3.1813554224553626        1.0659924439791464
3.189107933698733         1.0766875756016019
3.2214110768742463        1.1200264951356924
3.2238152601549643        1.1232173089568143
3.2240377611712363        1.1235122106884396
3.259341611069519         1.16944550026312
3.2673272982272703        1.1795989945249783
3.279202873892241         1.1945369316711965
3.287277021744128         1.2039004670457234
3.2894780418171328        1.2062292380713564
3.2930715658999725        1.2099897282678316
3.306364897040065         1.2234521476358595
3.3077044095110395        1.2247695319789327
3.353091134235031         1.2651688090733944
3.3749620152195945        1.2801591968605932
3.3883705364234524        1.2873906888052917
3.398738554107344         1.2919616142508281
3.399337396810431         1.2921984306471557
3.436123480988734         1.3010511853995002
3.437644921808151         1.3011759937059197
3.439160097475388         1.3008744092644235
3.4517022846844334        1.2975465133076298
3.4645230409997714        1.2926112122013396
3.472083973670972         1.289048357487836
3.486988598411041         1.2806442213623574
3.5010563493212383        1.2710312293150414
3.502444569587355         1.2701975926301632
3.5085859301727744        1.266188153248662
3.5215801038874672        1.2559760023772437
3.5327038370583645        1.2457376963331392
3.5436632412234257        1.233504025806822
3.5514389794053978        1.223532065345045
3.5555938044455773        1.2178434579657418
3.559803916225343         1.2119343965437432
3.5655117850937974        1.2036904799094688
3.5829739352576366        1.1768067016534702
3.583433676594414         1.176065041353325
3.585547186812858         1.1726331461566737
3.602609282491078         1.1435830689524338
3.611965969993153         1.1266362257436016
3.615782539523297         1.1195169926652444
3.620550405735757         1.110455022522543
3.6214335563985705        1.108755962216814
3.6217991463518096        1.108038499012912
3.622661753680116         1.1063408768522474
3.6263764852874956        1.0989536504102335
3.6279566637235825        1.0957735740891703
3.6311190892086977        1.089341703837887
3.6442961293900087        1.0615719206141307
3.6556723114290652        1.036339211103961
3.6843439906929056        0.968320216878407
3.6860034855353034        0.9642162178627308
3.6947291341492905        0.942336478515356
3.698374120044214         0.9330469004104762
3.7038597040224093        0.9189001020555049
3.720324883113135         0.8749995355664375
3.7355909968947367        0.8328343564619887
3.7514082116078953        0.7876635492778105
3.759096729619838         0.7654734746409733
3.7681680651299825        0.7391632904707713
3.79623737839234          0.6568666743173341
3.8100850031305655        0.6157737746205802
3.823928379178737         0.5743679310347134
3.83574484105194          0.5380256966518951
3.836139421881336         0.5368023981234886
3.862978670909383         0.4517358021221453
3.881402263948339         0.392053156234578
3.882590466635005         0.38816798156254695
3.8908103670489274        0.3611710538155139
3.914186558543814         0.28325376567023774
3.931904587653914         0.2249972626827761
3.962686999481949         0.12374203523128316
3.9744585412136284        0.08500636114563423
3.9865105580616156        0.045339420335871836
3.987190365505973         0.04310171123056658
4.010966030902011         -0.03517705796113582
4.034730523883443         -0.11345181858468947
4.081488837029528         -0.2675585849228642
4.081828312339209         -0.26867789669942926
4.0896557736144885        -0.29431607580914965
4.09413536523322          -0.30944922418635723
4.095558658535869         -0.3142790168373697
4.095689552289097         -0.3146751467639239
4.096015054645549         -0.31566042121551746
4.106638209181139         -0.3507832911250646
4.10853261564813          -0.35713749534333167
4.110345034362437         -0.36320334959159845
4.136287643642101         -0.44641175855021314
4.149434273706938         -0.48833895531657945
4.157603575854211         -0.5143113668153737
4.166808367045379         -0.5435013912075026
4.173566709948589         -0.564883046912607
4.191295638746734         -0.6207706107502092
4.194199871894499         -0.6298978236743316
4.201940125339985         -0.654184955886526
4.207274697875776         -0.6708911299142312
4.208956529506761         -0.6761525922814964
4.210845776255077         -0.6820597923273816
4.212443028479246         -0.6870031886267219
4.214905247005465         -0.694585342790904
4.225797038261025         -0.7275687820744359
4.245046617997435         -0.78364111391048
4.269211221845129         -0.8509646076320672
4.271574076162594         -0.85734290467824
4.283144513962273         -0.8880496859656878
4.309085746968784         -0.9537171420191719
4.3374896780287635        -1.020577469034826
4.350096158010446         -1.0481148546458712
4.353375959792432         -1.0553353434728798
4.364670581052334         -1.079519986228957
4.391494853785583         -1.1327306329428564
4.404324445717346         -1.1560773100876809
4.410730065281261         -1.167224603885036
4.416235822123364         -1.1765348209603863
4.416264746173287         -1.1765830696664932
4.418401713427873         -1.1790543876134447
4.420993588565731         -1.1819628888358884
4.421151360072503         -1.1821367873045705
4.42147749434526          -1.1826837032759259
4.426176542545538         -1.1904112344566689
4.432029847599212         -1.199637741958006
4.441030391756444         -1.2113133916043874
4.454054171390978         -1.2267811382227034
4.46702365754672          -1.2405073758840919
4.4793374532504915        -1.2519909125816826
4.492544418399287         -1.262344766939855
4.4950376658399716        -1.264138911643042
4.516050183710522         -1.2772345991352754
4.536687771771775         -1.2865726054903361
4.544619084122834         -1.2892323628151936
4.549765586679745         -1.2906823001766654
4.5634209879469525        -1.291630164344331
4.593019736008922         -1.290054431866916
4.5934260096068895        -1.2899629243260329
4.59448161898105          -1.2897163167724313
4.615338671471234         -1.2822238854926782
4.629519673286718         -1.2742814085140466
4.632126550655129         -1.272570481070231
4.635808827948453         -1.27002100219176
4.646614998949455         -1.2616417046516386
4.658378067302737         -1.2519752369322577
4.687342222285833         -1.225517849065854
4.6942665709808225        -1.2191949413627865
4.701556164282265         -1.212206997627898
4.7105548862593976        -1.2031116817147458
4.7131361913360985        -1.2004070292719138
4.722093137660065         -1.1906914123663872
4.781820145246718         -1.112780001667203
4.782040843728748         -1.1124497786031513
4.782647537870234         -1.1115403982719518
4.784178885098497         -1.1093798475248675
4.8034963740250864        -1.081974264764857
4.813527436222745         -1.0676329805086766
4.825876694045545         -1.0507634109842126
4.835033173589964         -1.0381824241149655
4.853587120390944         -1.0124990551774862
4.861018811065483         -1.0014442830636276
4.8662343347763795        -0.9937135904344393
4.8737382444451995        -0.9826307252823951
4.892107497963157         -0.9571686493077104
4.896549155831589         -0.9511295083514423
4.896777615473539         -0.9508181868057727
4.90095742468147          -0.9451103779696282
4.904827332345803         -0.9398054888634602
4.930133935641703         -0.9023317049975482
4.932750099125201         -0.8985396078131271
4.933451485660865         -0.8975255651115901
4.961571899987855         -0.8577785420175534
4.974352576946647         -0.8402996157342711
4.9879814327618535        -0.8220642176329557
5.009863672653723         -0.793656926039613
5.015118823547689         -0.7867889195226049
5.019466017193079         -0.7811291328882979
5.0236155949701065        -0.7757448761849003
5.044074830271527         -0.7494586805615425
5.067239606389893         -0.7223195377033361
5.1090904442821925        -0.6746241439704187
5.114150197216227         -0.6690307154347949
5.115059967667391         -0.6680087152330921
5.118051618858994         -0.6646616715071161
5.12419700352336          -0.6578519589100218
5.125022254305298         -0.6569442289624152
5.125787162633592         -0.6561042957929881
5.1643405520148775        -0.6155067008049849
5.171579462788137         -0.6082808144336529
5.187317581120544         -0.5930039334441308
5.193951965365175         -0.586741679021929
5.1954803283133995        -0.58531397928577
5.213825238810393         -0.5686137898773637
5.225322141919889         -0.5582697209489698
5.227762292522019         -0.556103073029259
5.252283798578498         -0.53489032431158
5.267884821612737         -0.5219248527297267
5.268892044947851         -0.5211019604394533
5.269439210766849         -0.5206556517088938
5.269603041656098         -0.5205221178856914
5.276424110349631         -0.5150028380123648
5.285618590589379         -0.5076878982310921
5.324781754411871         -0.4779690500448847
5.365093121491388         -0.4496476060884749
5.367168759766706         -0.4482516337130479
5.36955832381567          -0.4466520861437825
5.376935583306112         -0.441829792837735
5.378232339902823         -0.44099190290513085
5.380407284537309         -0.4395931305647743
5.381011713191874         -0.4392058621368058
5.382949296200136         -0.43796379559434595
5.396264387511599         -0.42952363864922527
5.413659891498276         -0.4187477777631601
5.428410055154682         -0.40983318976037475
5.449941113016389         -0.39718712746366874
5.451686252960427         -0.39618120461236517
5.452113508052169         -0.3959353645688902
5.452609346739996         -0.3956502767939688
5.473882405767682         -0.3836534011024075
5.50012369678717          -0.36960261642953895
5.504253626862148         -0.3674665026353446
5.506959214885042         -0.36608105268230456
5.51749542702777          -0.36076828732561816
5.519657761566911         -0.35966527085125527
5.52133984551113          -0.35881030935053315
5.524745859308863         -0.35715164033053326
5.526179656135488         -0.356455357320821
5.530887691693936         -0.35413766609753367
5.558327972935004         -0.34100389302038525
5.569647441610433         -0.33577237025910933
5.574880937127576         -0.33339039446802127
5.593727365676185         -0.32500535352403415
5.597315167510047         -0.32344327300177184
5.603100687138746         -0.3209473664187758
5.603179477287048         -0.3209135721206613
5.639087539354489         -0.30590479048025965
5.643383133867236         -0.30417309478055915
5.643590103591614         -0.30409000256401475
5.677794508339769         -0.2906516499308426
5.6782611647941215        -0.2904738482244103
5.694477107071314         -0.2843880096536089
5.695474817376738         -0.28402615996143993
5.698398253816748         -0.2829685694734696
5.699009583559241         -0.2827479186655693
5.69921860899039          -0.2826725140142215
5.699583431402426         -0.28254025879862765
5.703907359356751         -0.2809784632936175
5.720726889074722         -0.2750034790776371
5.741250858353725         -0.26792848058346597
5.75666900218938          -0.26276969853741317
5.761120655871989         -0.26130513539389466
5.776243162798865         -0.25641334060354876
5.78717112916028          -0.2529585985359607
5.796932256282017         -0.24991245145408278
5.810719046498737         -0.24568395961830303
5.823920196038119         -0.2417162299856765
5.829858794426121         -0.2399572157688366
5.862303420686655         -0.23063073988364294
5.86427833390469          -0.23007851654152317
5.866674432296057         -0.2294109071673907
5.870131023697454         -0.22845017502099693
5.87969926388733          -0.22581846534288852
5.907140838972328         -0.21847738595873417
5.922376639847863         -0.21451890441684937
5.924140769330006         -0.2140659705235312
5.933939611274928         -0.21157903629414446
5.960415183817427         -0.20504696837360417
5.961685847377926         -0.20474034909454414
5.963066879583354         -0.20440781173464137
5.964256216439515         -0.20412202902565602
5.969025955420049         -0.20298146688817692
5.972212877622486         -0.202224343218839
5.985821489318962         -0.19903591705351414
6.003284897117485         -0.19505021466940092
6.013871986671567         -0.1926738422036485
6.025864492738446         -0.19001852865108554
6.028638777898691         -0.18940981597187492
6.031819764219955         -0.1887144362210121
6.042104957809359         -0.18648481771385061
6.050631200556397         -0.1846582480637231
6.058622533741786         -0.18296416676036745
6.065942727533775         -0.18142755551800072
6.080042575472107         -0.17850874518110837
6.087463795372564         -0.17699413054103755
6.097505557741089         -0.1749684568285375
6.108572592183866         -0.17276837639007128
6.121631222242064         -0.17021158189035313
6.122960472883823         -0.1699552301309813
6.125363986604816         -0.16949295738795747
6.14817632582747          -0.16520857241694273
6.155312837952476         -0.16388952918712985
6.18034255755753          -0.1593386527667456
6.205573953866399         -0.15488708404613483
6.208463643485196         -0.15438596996498233
6.236581585496188         -0.1496033961300324
6.267341370480329         -0.14456566071206925
6.283548888082109         -0.14199286833807143
6.286523878322516         -0.14152673536846166
6.292820613434847         -0.14054639845197464
6.299320297877129         -0.13953733432400448
6.316755415196767         -0.136871563891927
6.337014965837339         -0.13384897722037073
6.343605061067818         -0.13288316423693147
6.345550259396566         -0.13259971643295354
6.3525301221204185        -0.13158775700463254
6.380737935809171         -0.12756967181471712
6.384069366032103         -0.1271026986842459
6.39687664946394          -0.12532237830619372
6.4020203474776185        -0.1246140178577669
6.402475239161427         -0.12455155640714602
6.405149701987289         -0.1241849277045502
6.409714088868425         -0.12356160090436055
6.413908170550334         -0.12299149248362216
6.430354721296213         -0.12078467130157439
6.44339492422017          -0.11906439874843784
6.443758794924509         -0.11901677061429364
6.450812615889901         -0.11809748624889696
6.461103489365049         -0.11676489081081139
6.461623142098586         -0.11669798744414434
6.4727881186097935        -0.11526954826084078
6.479561504301097         -0.11441135783012152
6.485662150453318         -0.11364382816708639
6.500434914434809         -0.11180654587765135
6.508001510101876         -0.11087527805376016
6.509333274033027         -0.1107121939592379
6.524255698569933         -0.10890179196683814
6.526446951012206         -0.10863815574316187
6.527440593905478         -0.10851879392919861
6.538767570557214         -0.10716635438528088
6.544137868853278         -0.10653042233075408
6.560290562393697         -0.10463815080012875
6.56061392770449          -0.10460051363092644
6.573419315272237         -0.10312751697992728
6.578659407757917         -0.10252987761871242
6.581240974118941         -0.10223654112371604
6.582389541546444         -0.10210626470166964
6.601840425250616         -0.09992176401959835
6.623654970534291         -0.09752059810911215
6.627900568507678         -0.09705927480509785
6.635817354044234         -0.0962042623669777
6.643066922796743         -0.09542726907070329
6.667562178395822         -0.09284406920346194
6.668093316089288         -0.0927888452484475
6.668512101777227         -0.09274532595360084
6.669043257363093         -0.0926896605742539
6.695226367153681         -0.08999098118435932
6.700101436397629         -0.08949652924692605
6.700503231040299         -0.08945578770314323
6.702418374399714         -0.08926179866733097
6.702994615083485         -0.08920349613899307
6.706252179224943         -0.0888744796977165
6.708277030592411         -0.08867046097735605
6.711444757550309         -0.08835204694087065
6.717140218320662         -0.08778167178457218
6.7374691715864685        -0.08577044026101308
6.75007624814337          -0.08454249303344458
6.758061264336225         -0.08377239390761095
6.774857600809183         -0.08217187688447607
6.791976244320892         -0.08056369361467859
6.793352947854783         -0.0804353088276038
6.803099518435037         -0.07953042407295476
6.822300072134936         -0.07776849871733511
6.823621853974472         -0.0776482156246299
6.833487818200158         -0.07675451270612323
6.835512346412897         -0.07657220688086556
6.839089627563755         -0.07625077467742049
6.857526711103187         -0.07460824573956158
6.872474784047027         -0.07329389877519304
6.900645722848551         -0.07085913350109566
6.937472695707397         -0.06775173644963509
6.93815244611992          -0.0676952283221468
6.939166013922967         -0.06761102681067925
6.9572715364900235        -0.06611818077055392
6.9613851103594815        -0.06578195883983597
6.972963642452158         -0.06484145985382261
6.979498591480943         -0.06431446404735114
6.990827618498826         -0.0634073987535545
6.996820786616464         -0.0629306103591111
7.02691504984832          -0.060564061141070845
7.027409044183855         -0.06052559861596591
7.037149515329782         -0.059770261408182306
7.045328886835144         -0.05913967417391506
7.0525301524450335        -0.0585872841503318
7.055518933542697         -0.058358789916979556
7.085773094403965         -0.05607117678141261
7.0933066505686035        -0.05550871234008063
7.106825662937395         -0.05450653647005923
7.124454156975513         -0.05321355393776236
7.131531337534296         -0.05269846739846188
7.137874391280496         -0.05223790230313989
7.147366172233157         -0.05155405087261154
7.160786075991534         -0.05059322979605954
7.175932516652898         -0.049517291936880314
7.192792697691391         -0.04833021556540643
7.200212412253656         -0.04781135307238205
7.217652011751568         -0.046600774832683094
7.241857549648155         -0.04493966893954184
7.2488560963567           -0.04446353846406218
7.262493467728709         -0.04354109190544036
7.276721149984981         -0.04258637646856297
7.315684544082846         -0.04001252484582492
7.339256480493528         -0.03847994169017135
7.343665796443009         -0.03819496172752756
7.348615134815833         -0.037875718278422794
7.355744859140227         -0.03741702289711141
7.373110896200417         -0.03630563526134876
7.374453729106629         -0.03622004347169857
7.382845273505691         -0.03568629550998505
7.395189416174798         -0.03490467128126375
7.395775518175723         -0.03486766581111499
7.396006778583638         -0.034853067131762235
7.396010603470356         -0.03485282569259687
7.4038020634419395        -0.034361872562107446
7.447308850608101         -0.031651590220386015
7.448759839286423         -0.03156202169133621
7.461347347300376         -0.030787342270108924
7.475489446436998         -0.02992375218273129
7.495455646545126         -0.028711228841281043
7.510996363341816         -0.027772285245911917
7.515073943310643         -0.02752678208814251
7.536432233443916         -0.026246662898735555
7.558841894961974         -0.0249140402688863
7.564370902452776         -0.024586905325945388
7.582452916989938         -0.023521621501406374
7.5907190549146435        -0.02303696426643006
7.591323529140142         -0.023001580412788474
7.608871042921385         -0.0219753732056295
7.6339647343819745        -0.020512012900360928
7.634614551329317         -0.020474298615650977
7.63516883622982          -0.0204421336807602
7.664140137703077         -0.018773543823798738
7.668538394911746         -0.018521078007701176
7.698412836159184         -0.016812174709527103
7.708897061343132         -0.016214868462547535
7.711717193490646         -0.016054460291903203
7.717165265318126         -0.015744888089388558
7.736628531656281         -0.014642301141632664
7.74399237119873          -0.014226511902681488
7.749661359376978         -0.013906932373028586
7.764035447615805         -0.01309861505148593
7.768077382611496         -0.01287143511715074
7.782771578640135         -0.012046582097879965
7.788566642675412         -0.01172172914405654
7.8017518859609085        -0.010983556119261707
7.8049787957133745        -0.010803099306928726
7.833056595588918         -0.009236255551535915
7.838641931783639         -0.008925148032382993
7.845116855828299         -0.008564802737754715
7.84787458583041          -0.008411430384385157
7.850351310258753         -0.008273738234103142
7.8533007115073925        -0.008110131157224363
7.872483744165217         -0.007046496628757675
7.897776260225503         -0.005645364895497658
7.898803002202625         -0.005588516482029703
7.901052089022812         -0.005463997767697944
7.946019726957935         -0.0029765204014218245
7.947577235217622         -0.002890499521435925
7.951492514978516         -0.0026742957207527727
7.953086053146409         -0.0025863145971396417
7.956321252993441         -0.0024077218905351064
7.970457728506592         -0.0016277626868894885
8                         -2.255796251609365E-17
