0                         0
0.010339992785200234      5.500986804118089E-4
0.019653158504065994      0.0010454855635509013
0.03019293393774188       0.0016064636230570038
0.049889911607367304      0.0026558150860840984
0.06805533816741569       0.0036247083011992217
0.09021036537789215       0.00480786950852852
0.09503294795662434       0.005065628080478723
0.09995369235940885       0.005328712330828722
0.12212142703887571       0.006514885898258434
0.12375585130049321       0.006602406508628944
0.12515904894757887       0.006677499121063022
0.12563367887535323       0.00670290027421824
0.14882411918144445       0.007944720200863044
0.15400143286030493       0.008222752966010882
0.160767572251718         0.008586428487842518
0.18684844428047737       0.009989330075062633
0.2056953380326234        0.011006755504907673
0.21355112846796181       0.01143177169434549
0.22392364016332864       0.011993787749174738
0.2540859822842267        0.013633509053854683
0.2597925913429423        0.013944647400434737
0.2691643161339686        0.014456244290525716
0.28702928200077776       0.01543366793339092
0.29278967889506746       0.015749420814265155
0.31316387426831305       0.016868534876388928
0.32697414017666376       0.017631146187347593
0.3389123909602494        0.018292227082816286
0.34837817750096683       0.01881763776641034
0.3540918930293301        0.019135325126991468
0.36001070378673894       0.01946492223458417
0.37738530031895806       0.020435426494450758
0.3886351048084969        0.021066182124359015
0.4003144544012658        0.021722990749088865
0.42719090203160875       0.023242054543296073
0.43296341257037707       0.023569704189384942
0.4362431322575312        0.02375608049638262
0.4392216226105601        0.023925475939596024
0.4465370157732021        0.02434207744116052
0.47916639710831543       0.026215105916980615
0.4851013429572086        0.026557503969333925
0.48537551882037056       0.026573339484518958
0.490676074935116         0.026879791508459074
0.5206549477645145        0.028624080837313517
0.5374793747146864        0.02961122598883932
0.5469875987175999        0.030171723098950658
0.5536221494300511        0.03056394706588244
0.5644300272873995        0.031204989375432805
0.5686293217775835        0.031454761383223395
0.5892761772463307        0.03269001235426019
0.5910841598076578        0.032798653549592036
0.5997217347555382        0.03331873658607397
0.605085043392851         0.033642536739146266
0.6212214471650912        0.034621395853892185
0.6256072878563299        0.034888654791841674
0.6291737430599662        0.03510636338495866
0.6348211531741783        0.03545111791399405
0.6518741541999935        0.0364979214052306
0.6568550295186669        0.036805311927983725
0.6742571051757315        0.03788507992119743
0.6810730326999423        0.038310459855395836
0.6827362336467683        0.03841447019769297
0.7027382977606713        0.0396717920730926
0.7179753241788094        0.040637599541741086
0.7193447051005639        0.04072479066203936
0.7235214442691943        0.04099107155751856
0.7361714950223728        0.041800677059748714
0.7495066255229439        0.04265921182334698
0.7664442095052746        0.04375720064514434
0.7754385949663608        0.04434368906001399
0.7802104014928638        0.044656555579448365
0.78687543617854          0.04509490838149887
0.793098017982615         0.04550558762171343
0.8054198412340621        0.0463215634157043
0.8125838636664972        0.04679864319953098
0.8416142458022643        0.04875193876167004
0.8472605348380258        0.049135582933544905
0.8518358981889207        0.04944735417326525
0.8654489016703832        0.050379686858110014
0.8914766356966551        0.05218197313504981
0.8915444856389235        0.05218672074840317
0.8963708966489077        0.05252491179025811
0.8967620251738451        0.0525523596632191
0.9076209064928233        0.05331685622383198
0.913027391659291         0.053699261113446375
0.9375011651477053        0.05544374198593415
0.9419295557691634        0.055762014758913826
0.961282662096069         0.057164397808331636
0.9810383563411339        0.05861518548284813
1.0209861317165074        0.06159946320877618
1.02433633751276          0.06185366912007728
1.0288762735718884        0.06219911964274527
1.04357038077686          0.06332487442236397
1.0530662273121973        0.06405860074158821
1.0683205173883967        0.06524750138564937
1.0932474774160972        0.06721734586720357
1.0980438450811052        0.0676001954278686
1.1161973659420987        0.06906179709472597
1.139646256172695         0.07097919027774287
1.1633601747743914        0.0729520104306604
1.1800304586809318        0.07435917193090003
1.1932079867857404        0.07548337627354622
1.2008594542123223        0.07614095019859318
1.2167190082754833        0.0775193416510704
1.2198103378295457        0.07779011747523357
1.2214235941404215        0.07793169806469531
1.24005100108202          0.079579975214472
1.248237867195256         0.0803122767695701
1.2620478047626105        0.08155787230018417
1.2656899428493051        0.08188861141741441
1.2728892637586071        0.08254528000738107
1.2752583366601462        0.08276221295533616
1.2800926836082354        0.08320618400856626
1.29226028448543          0.08433131759489416
1.293987860729924         0.08449120732173977
1.300497013213064         0.08509608986596388
1.3256463883863172        0.08746956785058753
1.329214946154333         0.08781103609582971
1.3454009677576793        0.08937446135191525
1.3480551140977317        0.08963311409045362
1.3550448661601355        0.09031736317723117
1.3896107200034504        0.09376678783319199
1.3985416510299298        0.09467578897853247
1.402974702051606         0.09512969858134906
1.411734753265696         0.0960319422316816
1.4313396459177565        0.09807382147748145
1.440958144346755         0.09909317873011582
1.4553758720175727        0.10063105030128544
1.4721910652075862        0.10244589364504372
1.4861736320597456        0.1039819897046056
1.489325664295194         0.10433108068335313
1.4971640300741695        0.105201995292473
1.5141895508635232        0.10711760534355336
1.5274752291257148        0.10863518374311626
1.540030630677038         0.11008767647892619
1.5415637432858027        0.11026625756378577
1.547171311427928         0.11092170459498556
1.5580403705718997        0.11220237937855393
1.5588063942920038        0.11229313286361005
1.5629685789995047        0.11278738000312798
1.5789138727499863        0.1146986351363704
1.5942202441630386        0.11655986162906556
1.605876666955019         0.1179947083176759
1.6124925664499818        0.11881702870593285
1.616746491124588         0.11934885719818249
1.634765056817702         0.12162835796371693
1.6398316495830525        0.12227713777475474
1.6469674187494563        0.12319669310155555
1.6582228870794762        0.12466096356435788
1.6727930929548862        0.12658159747478698
1.6877357993896123        0.1285807927203049
1.6880557115330246        0.1286241991363016
1.6892480542050696        0.1287861133888858
1.7068762247676588        0.13120467127887486
1.7099589589357287        0.13163237850737408
1.742724954334795         0.13625745342020754
1.7432195855203116        0.13632860239753897
1.743265536405533         0.13633521419875616
1.7476867391344293        0.13697305326827383
1.7506029543396417        0.13739558961116582
1.7530003022385097        0.13774039471504262
1.753089411950268         0.13775323279713725
1.7680051026463486        0.13992399733125832
1.7911656500455657        0.14338326605936227
1.807104088472598         0.14581964726888533
1.8130435817584092        0.14673920728401332
1.831430824078356         0.14962188428794956
1.8346966260745023        0.15013935836935363
1.84179515324645          0.15126983298570235
1.8699495235062005        0.15583039614338615
1.876392208168198         0.15689126670917686
1.8775515255842676        0.15708311759026694
1.901142945603121         0.1610562418480333
1.9045055099741812        0.16163326618796783
1.912271213524097         0.16297610296714218
1.9168813289209399        0.1637800281538297
1.9321741030846196        0.16647938010145108
1.9329718203045925        0.16662161894550698
1.9431213733512758        0.16844375912201456
1.9528743742799863        0.17021636998076847
1.9604222116447163        0.1715991267469435
1.9613103285681739        0.17176252105081277
1.9769657684571633        0.17466670913692317
1.9785704896731693        0.17497025342448486
1.9899472073745588        0.17713358109222344
1.9963776461161533        0.17836514801424694
1.9974429000306937        0.17856978018078573
2.0067518211417683        0.18036541305966358
2.023392751215692         0.18361607418495932
2.0320252230704265        0.18533213288238154
2.0488950139514692        0.1887444218353712
2.062290104416655         0.1915092125720053
2.0733444694916767        0.19382776198866178
2.0810697072858035        0.19546786106908548
2.1003637096048093        0.19963521377259763
2.1011276146589446        0.1998029404244524
2.117553082404492         0.2034516127819995
2.1242854663501944        0.20497042373519792
2.1262802928897844        0.20542674053995966
2.1306689774476197        0.20643380378938542
2.136296704666511         0.20773152828215774
2.1856658248314162        0.21940779283001896
2.1879457325086222        0.2199555311653284
2.1886876239316244        0.22013423670096846
2.2057550761262688        0.22430903270943583
2.223888662509104         0.22887820865224978
2.22783954823856          0.22989376353672272
2.2514477141537848        0.23608739033411746
2.2599050551662807        0.238358396766346
2.3002495764357316        0.2495709905491861
2.308893337121211         0.25205480302581057
2.3118658976867086        0.2529156262687922
2.3160076342613194        0.2541207042131182
2.3173914787904937        0.2545238429291875
2.3215127944341516        0.25574155610839044
2.3216380145641224        0.2557786471199693
2.321828510916293         0.25583508384176457
2.3228845003947933        0.25614816197125245
2.3436364420038105        0.2623730401913643
2.3547678367476865        0.26576876825778056
2.3589719909949247        0.26706157976749073
2.359648169698826         0.26727003728934134
2.3790872172356914        0.27332531080616634
2.3970009844951248        0.2791014045777257
2.415909577004193         0.2852556646102141
2.4355375702178197        0.2918504879951828
2.45058032572448          0.2970470409529435
2.452536938537079         0.2977320339736972
2.466228810127143         0.3025839081415738
2.510010858644465         0.31878528074121787
2.5139448661500308        0.32029227119096915
2.5186132717523892        0.32209154504656834
2.521397788123915         0.3231704029480807
2.5301404500503186        0.3265569737339089
2.5362685422918165        0.3289528686692882
2.5527375125886067        0.3354820108276783
2.5682027394341773        0.3417330296842969
2.579652252877082         0.3465642927254262
2.604244385714822         0.3570780974098447
2.6169718753068114        0.36262412829006213
2.6404351954554044        0.3730354685553637
2.649755053283971         0.37727002702489976
2.6544515523110683        0.37942540156950316
2.6581265278977764        0.38112200462315426
2.6611751662670224        0.38253613885649873
2.662463529532115         0.383135579237979
2.6643568254129044        0.3840184438603908
2.6803885963585454        0.39158800229769375
2.7042302393147826        0.40315526137120544
2.720577959013434         0.41100944058209987
2.7349169894781817        0.4181092131190763
2.808086014120717         0.4572894457006042
2.8086996614962843        0.45762909596939694
2.809117753899434         0.457859754263073
2.80921126965846          0.4579113601101519
2.8137473538986137        0.4604206759416641
2.8157606031881186        0.4615382261934374
2.8212358408261506        0.46458946293577996
2.8308994984664455        0.47001743843891947
2.892178579213005         0.505703703274252
2.903523834912928         0.5125293145589276
2.932994011001272         0.5305695930858565
2.934352866502245         0.5313900446235198
2.9417013823751006        0.5358206129899983
2.9428111661341907        0.5364887956520783
2.9470605008771322        0.5390449984833148
2.958819721280876         0.5461001831812214
2.9665973021461873        0.5507514744474611
2.974994387921179         0.5557598211099094
2.9995730022177263        0.5714988977537006
3.007503408699143         0.5765451807280706
3.023827272961227         0.586883245547598
3.033503655619046         0.5926634621983753
3.041788683113959         0.5975930648416087
3.0452177203934023        0.5996280875099168
3.0691160425184982        0.6137254610183148
3.076808369288648         0.6185965116250614
3.1211618418403333        0.6450802639086918
3.1220690388257397        0.6455934545764186
3.1234898111067446        0.6463948727888631
3.1319979353306344        0.6511280689700465
3.142228430179835         0.6567240138736534
3.1534257773130063        0.6627293735337756
3.184654528788256         0.6788184255709854
3.199649246938768         0.6861986720857205
3.2087940366278467        0.6904475131840335
3.2257586952084623        0.6980577134401154
3.243707612704379         0.7054810694084429
3.248354046628463         0.7072577371379425
3.255749783392005         0.7099626461622371
3.257676680151056         0.710642574753858
3.2772821016120313        0.7169774832971675
3.2781436112711404        0.7172314994972909
3.288162826256225         0.7196342977784771
3.2928873532097787        0.7209896027103014
3.294182865931733         0.7213428939982982
3.2954522893946825        0.7216814110562281
3.3037384482481986        0.7234382336425997
3.3161200171382346        0.7257671745194183
3.338077491963966         0.7290246143398217
3.3482380540016665        0.7301542420974595
3.3649415320869203        0.7315066055163439
3.3858360285838938        0.731513488510796
3.3924193656803907        0.7311277033772763
3.395230321854987         0.7309063476655435
3.4181224258706466        0.7278417608359213
3.4302512097437994        0.7253071167766457
3.4340607146470057        0.7243808004215565
3.4481350156964745        0.7204186973142364
3.4523306883930207        0.7190108807303204
3.4657837113634784        0.7141325089625925
3.472985897859365         0.7112925506296184
3.482225180463977         0.7074162192216182
3.488800104355035         0.7044981598314782
3.4898479675765066        0.7040208435651498
3.4905294095371273        0.7037086289463859
3.4915865199547516        0.7031158688741137
3.4960290432668053        0.7005383534549368
3.5015484363984655        0.6971415359689749
3.5065940240722524        0.693847736264593
3.5105159289297467        0.6911630690697584
3.5175092036723954        0.6870591500737244
3.5259600363683505        0.6817257694242326
3.5271872694829445        0.6809172088063317
3.527274017319018         0.6808638600923681
3.5280185000925544        0.6804040586638809
3.536414789683752         0.6749759663663764
3.5511750111387097        0.6643539653675508
3.5560368061365124        0.6607641765111892
3.56308413703869          0.6552595163253616
3.5703077302444326        0.6492472860627376
3.57366303043413          0.6463272917601819
3.577955866916431         0.6424735875880615
3.5983644876862404        0.6227388961892656
3.5993721605008497        0.6217301545221628
3.6006302941804194        0.6204661496558252
3.6201237381636293        0.6002379734275225
3.6247729132229747        0.595234937961299
3.632057414281159         0.5872576508804772
3.6518584091230606        0.5647199850799498
3.6634574579712744        0.5505433912201134
3.6754522804111387        0.5353094717870142
3.6785050168928715        0.5315996980964813
3.6831306478986865        0.5258570715545771
3.683450940523653         0.5254540189533184
3.6949009936815274        0.5105846490295918
3.6955069781887353        0.5097727231875946
3.7017521769241992        0.5011101710637383
3.709973111274974         0.4892987534452421
3.7131575437606403        0.48469737533197155
3.7150565184050524        0.48194648267634593
3.727605683714593         0.46363697399944803
3.7609858472308977        0.41383079446279736
3.7723515442767575        0.39650601465439195
3.7928688758682076        0.36476039704695346
3.803959648286162         0.34716467944948803
3.8118244347277206        0.3345071524435305
3.819095420195095         0.322672484552588
3.8246168635818427        0.31360023809366516
3.833309550997502         0.2987513069125827
3.835269390908838         0.29539930827847316
3.83830482717488          0.2902503843503277
3.8412399079193635        0.2852588179439386
3.878804100952329         0.2202574717895261
3.9015267037114296        0.1799318419477633
3.9061724404524845        0.17166695338259647
3.911001354086597         0.1630528052084185
3.9376332018395424        0.11511687140340299
3.9430521907503158        0.10527420865854888
3.9546211958597817        0.08416065294288204
3.996586390708805         0.006425553366721612
3.997446475974648         0.004813531764302855
3.9977349728171214        0.004286741056304267
3.998859927009674         0.0022329844326558533
4.005434580913035         -0.009757456430955753
4.035649485297331         -0.0649766735007133
4.047595097576157         -0.08673672034940916
4.048518749072141         -0.0884175585457036
4.054291248811433         -0.0989167508122603
4.088787561231962         -0.1614634269761881
4.095767321478037         -0.17407782150864703
4.09848672929214          -0.1789808978847142
4.10495346771551          -0.19054042242263597
4.122530367128019         -0.22166403903047313
4.126350867414479         -0.22837184038132266
4.137536652172163         -0.24789370410979025
4.139046451176405         -0.25051525137281677
4.1393321616201275        -0.25101098721153264
4.154201994938996         -0.27665392499138763
4.156372558688425         -0.2803711679312435
4.178488767363518         -0.317870881844653
4.17960617306067          -0.31974736221178846
4.184460681592293         -0.32787934383528544
4.186222004301442         -0.3308097599704719
4.188337185412105         -0.33431947356556857
4.214040663004985         -0.37470850271305883
4.221996987455352         -0.3876116457074876
4.228493479579299         -0.3980040840007957
4.240568786505662         -0.4164531128180623
4.248808722250654         -0.42945019659061767
4.249070863946672         -0.4298375352899068
4.249843040149385         -0.43097748549837156
4.256639341642697         -0.4409455802972187
4.260676574431089         -0.4468115546950038
4.27893146518646          -0.47281979590974255
4.287394738570861         -0.48459117831528525
4.288524250340389         -0.486148464592697
4.289827422874182         -0.4879411650129103
4.3153213663221575        -0.5221462375059372
4.322336673431737         -0.5312697023287581
4.324946436992339         -0.5346318980552504
4.3302745287468305        -0.5415479930843993
4.336742138153159         -0.5497620854272587
4.338561290714072         -0.5520366789727975
4.371737580316238         -0.5907621741809642
4.375582384772093         -0.5949121013069968
4.385788374907262         -0.6055875356645654
4.388326181921805         -0.6081652814556453
4.433182449753718         -0.6519586963797354
4.435341188994033         -0.6539073739736276
4.43691809251256          -0.6551928967264606
4.456001131762621         -0.6701946372631341
4.4596097118352835        -0.6726968870508964
4.461555398088712         -0.6740307800319427
4.48318683821791          -0.6881394896199023
4.489574194560348         -0.692052508664433
4.493501756383198         -0.6942974605059151
4.496711305906354         -0.6960938827659116
4.499932189160763         -0.697862180428591
4.5024388060782075        -0.6992144463758067
4.512268091263836         -0.7043153459100112
4.533768095385005         -0.7143722407860912
4.5369620464879015        -0.715669618378991
4.551794124459283         -0.7210278237016391
4.579950055012599         -0.7281818269094112
4.605809476756498         -0.7312699654679043
4.6067415890983625        -0.73131901943543
4.6110280837604645        -0.7314888342218715
4.612896242791281         -0.7315537413403084
4.616726186640076         -0.7316574282247307
4.655571690479746         -0.7304772971674183
4.657080888975393         -0.7303494551168788
4.658995045769078         -0.7301784877158567
4.659506048153391         -0.7301311779547112
4.659917741931414         -0.7300925510033913
4.659959533160734         -0.7300875930124009
4.689751309201922         -0.7249568312633863
4.7044434944286255        -0.7212526710538958
4.712063025212204         -0.7188619096373202
4.713071220211075         -0.7185263916429376
4.716565423519402         -0.7173288649472901
4.729487901985865         -0.7133380722610408
4.72974621027484          -0.7132526686602848
4.730713322928952         -0.7129309552699777
4.746767360027327         -0.7071385554627867
4.748180796967715         -0.7065877424815221
4.758004779271088         -0.7026783966009851
4.77781987461385          -0.6943993032397476
4.788702753386659         -0.6896281823379438
4.801925261576676         -0.6836175838022014
4.814315874708821         -0.6777722925572723
4.818142774081574         -0.6759044329233229
4.828517027546239         -0.6707646160825212
4.84776393439677          -0.6609337537335889
4.852909172974771         -0.6582407080512751
4.869957987730514         -0.6491213564814845
4.877956948461015         -0.6445176307535037
4.886968302814547         -0.6391878008264603
4.891750938111277         -0.6362973469290298
4.897587084009539         -0.6329449154246249
4.905972342651767         -0.628109176207075
4.919429298048433         -0.6199881907120499
4.934007899156208         -0.6111677075431294
4.937327724758761         -0.6091558284337545
4.954080947647322         -0.598984446506112
4.967188450088011         -0.5910048399627877
4.976023333176638         -0.5856156022095724
4.98451129131308          -0.5804298537574709
5.002720033751407         -0.5689833246298565
5.009734136279187         -0.5645354885785123
5.01926480235351          -0.5584574501671827
5.021856241729526         -0.5569343052571989
5.027666784413233         -0.5535126353129498
5.036219523730662         -0.548459894719935
5.0475455000108935        -0.5417389848603633
5.05520297272843          -0.5370484434278148
5.070311990347395         -0.527818834131268
5.074287945022645         -0.525363528512056
5.085344524298453         -0.5185788828014996
5.089842093878221         -0.5158372310292735
5.113001410757011         -0.5018862075674607
5.120915140982724         -0.497182969717937
5.146827010360401         -0.4820111043728621
5.147391790784943         -0.4816843036363513
5.150135449968348         -0.4800990915384137
5.1599900931978           -0.47443762828541874
5.167542336942802         -0.4701330704979693
5.170819482665818         -0.46822469903759184
5.1863169621617615        -0.45926652577718136
5.190476230607642         -0.45688096655376326
5.227673040386792         -0.4367899501264107
5.248678482340049         -0.4257893522593109
5.253427050077875         -0.42333702900298364
5.259112324107488         -0.42041769884009145
5.261768595433615         -0.4190599836289076
5.263289569676979         -0.4182843523348688
5.272428846022623         -0.41363610848209653
5.273846118492855         -0.4129213402742619
5.3276642231464555        -0.3869830464714828
5.330171038052226         -0.3857902488710928
5.343097263814528         -0.37967989659588697
5.3515978450825346        -0.37569832031023354
5.3569729273978           -0.37319573302371745
5.3704254666379665        -0.36716144682781354
5.387074787183114         -0.3597780449564241
5.397254013315816         -0.35531354176127156
5.410310668533262         -0.34970330742041583
5.4268459138977505        -0.34278591960384974
5.440306077345705         -0.337309712891776
5.445253287912659         -0.33533186572672136
5.480913779658375         -0.3215350710990599
5.49349727989549          -0.31677536303654275
5.5070025962978235        -0.31173010055005645
5.5145083107355495        -0.308945806570984
5.525564409781827         -0.3048896678202838
5.551081561061718         -0.2957337375111237
5.55591964485582          -0.294058451041985
5.557102460016273         -0.2936506506457624
5.563080441989394         -0.2916002777010352
5.5698067724072455        -0.28931451461945246
5.582640674719776         -0.28501578239634134
5.583112907210132         -0.2848591725742424
5.583824098044459         -0.2846217759023975
5.599109023098796         -0.2795834335407474
5.608217013715176         -0.27663914805317624
5.620999051907191         -0.27254866071850475
5.630323343123808         -0.26960970828340397
5.633437552652848         -0.26863658601629703
5.643377801029988         -0.26555880056957004
5.659831579646884         -0.26055903279930615
5.673406124821114         -0.2564979140285195
5.680163651062298         -0.254498743304136
5.683413885683145         -0.25354250654320953
5.68586781299951          -0.25283109957486155
5.70749450329359          -0.24664845887976747
5.726702192010249         -0.2412884734165842
5.72972717085945          -0.24046236812756944
5.739928217029147         -0.2376996513247245
5.778503475642589         -0.22757505218097804
5.778836101186824         -0.2274899691161275
5.779764703430557         -0.22725264059160158
5.786164519369603         -0.2256250423408066
5.788655681362415         -0.2249952888478173
5.796876320639928         -0.22293225023614383
5.829080901170167         -0.21508686608443647
5.839162140659853         -0.21271209223526094
5.847229260197744         -0.21083963326653057
5.8537380677287505        -0.20932977628094288
5.861611188782633         -0.20751805729846926
5.862326988314723         -0.20735413526377455
5.875823084674696         -0.20428821962341698
5.877066955912227         -0.20400801596803902
5.877906457346352         -0.20381912947189515
5.889637940033659         -0.20119860567444647
5.890280589980681         -0.20105597047014967
5.900054788519169         -0.19890013231446302
5.913317489620276         -0.1960154586051685
5.94064502459336          -0.1902391367531711
5.950354283661432         -0.1882365992185541
5.973267613917473         -0.18361412062298135
5.985233823195909         -0.1812578238180338
5.998034278829318         -0.17878110825637553
6.006812461554572         -0.17710244508898426
6.024916198581177         -0.17368983494137774
6.047547531751702         -0.16951732018530258
6.056656500074031         -0.16786725193234742
6.060543367884672         -0.1671682814448083
6.0688779063631095        -0.16568334046502017
6.0859351616222614        -0.16268537320848464
6.091012582768722         -0.16180611481247464
6.099524072811785         -0.16034313624114976
6.113183001886876         -0.15802409282831775
6.121625807667874         -0.1566083340607789
6.12860535518271          -0.15544814494091178
6.131936089641178         -0.15489791599017588
6.15589628921551          -0.1510045331338948
6.166718741573055         -0.1492832456456898
6.19098153031532          -0.1455086372301629
6.1922400050021915        -0.145316035850362
6.196013822146384         -0.14473739581499317
6.200319339363218         -0.14408000746207517
6.225738001659595         -0.14025928053494843
6.2358248779829495        -0.13877169765145825
6.2375448668241775        -0.1385199004480875
6.260585995346057         -0.13519133132288116
6.289746804332616         -0.13111030759641676
6.313311671688801         -0.12788825418733105
6.318933693798266         -0.12713414331077658
6.327560946497529         -0.12598506128102946
6.334133972440705         -0.12511619847238117
6.359861801606599         -0.12177033622177286
6.361553483224519         -0.12155340566585265
6.364465451642345         -0.12118088046715082
6.365717929832119         -0.12102099738864078
6.390959457032791         -0.11784309053999356
6.401520045453334         -0.11653853609386171
6.4156192315958895        -0.11481986752782257
6.451935030302327         -0.1105141998552512
6.453593066960863         -0.11031870880867156
6.454293369115588         -0.1102362299102061
6.463130491415579         -0.10920477527010063
6.4703393406882945        -0.10837570147162777
6.5028359098315525        -0.10470342059662195
6.514419337396146         -0.10342008275948143
6.519228467746014         -0.10289123527580467
6.5352669394719465        -0.10114405069807973
6.545442135960009         -0.10004949486535235
6.554812082699251         -0.09905110468865128
6.559585084486742         -0.09854604793933266
6.564258685954074         -0.09805381012001219
6.571753796408514         -0.09726915563211569
6.605672708673905         -0.09379143043089064
6.612804416230661         -0.09307546962784514
6.621278115771952         -0.09222972607133431
6.63852769128976          -0.09052498337265803
6.663679978373331         -0.0880798609209514
6.663788617703158         -0.08806940434496947
6.665261665904461         -0.08792771166801046
6.691664688271725         -0.08541604147338094
6.7049323219270605        -0.08417396787647746
6.714772819175654         -0.08326139487021164
6.7301297160964255        -0.08185199204316299
6.742801273402437         -0.08070586949300212
6.752606035513522         -0.07982652061724284
6.754253765018273         -0.07967953367055113
6.759118931105089         -0.07924511161778698
6.760777572709037         -0.07909767815455548
6.775763577536084         -0.07777422228908379
6.799718609827978         -0.07569354679606906
6.801037735496124         -0.07558005733095108
6.806890238866121         -0.07507791180153404
6.830696027512002         -0.07305838234066607
6.836706375852193         -0.07255456590450031
6.846442947366763         -0.07174351180283942
6.849701391166412         -0.0714734961161858
6.8558392337782275        -0.07096679791390585
6.864256846846869         -0.07027598289622268
6.8894308526828585        -0.06823820455287495
6.893146685613084         -0.06794099584584924
6.8962401113319745        -0.06769368033940218
6.911856832400559         -0.06645245958526656
6.92610934250513          -0.06533298349609531
6.927525032235348         -0.06522233240691595
6.969268715207792         -0.062003931926779485
6.970525696762729         -0.06190846410869269
6.971884597706542         -0.06180534209207376
7.011963817144737         -0.05880433020962713
7.019629312982064         -0.058239275415948054
7.029674916378928         -0.05750310691465185
7.052438540075492         -0.05585311975945688
7.063737137674045         -0.05504417755909868
7.072380126768734         -0.05442967087553659
7.089609996190065         -0.05321577555317315
7.104135080834096         -0.052200037569868754
7.112970231940672         -0.05158630473478533
7.127509069636839         -0.05058301927962577
7.142064792724204         -0.049586859943039054
7.157178457700448         -0.048561295625177255
7.1638534669876694        -0.04811119861554924
7.170459584165446         -0.04766746476259678
7.189280730966973         -0.04641167764078023
7.193502506522041         -0.04613194775461325
7.200435171019061         -0.04567395631099021
7.206768912174981         -0.045257007851000536
7.221551481712251         -0.04428936012854903
7.222600843761775         -0.04422096217025964
7.223279620532826         -0.04417673976211511
7.239264211794266         -0.04314002138550481
7.246853409817069         -0.04265094958577202
7.253603065219854         -0.04221752163575416
7.273230915264848         -0.04096492717394001
7.283279890494043         -0.04032812520748404
7.290892598801539         -0.039847753902999244
7.300816828023731         -0.039224104085600446
7.303959330695556         -0.039027234676383984
7.305854802868488         -0.038908630034014666
7.307424225418301         -0.03881050782073042
7.326392808801309         -0.03763034691580823
7.335127720110937         -0.037090479450301396
7.34195212960442          -0.036670266796152456
7.35750843456282          -0.03571755195535809
7.363678136271414         -0.035341053841271
7.3854119220462495        -0.03402515226035804
7.388234962256286         -0.03385501970659444
7.407390469977638         -0.03270541055910208
7.40958853340598          -0.03257403116877539
7.43256912277365          -0.031207081948435876
7.449958898104458         -0.030180257992054756
7.461494953261262         -0.02950287278264081
7.464606360067292         -0.02932068732227393
7.495766041109756         -0.027508185213161496
7.50860235309138          -0.026767878767993136
7.522589630674505         -0.02596541716731147
7.538823393265497         -0.025039161204551737
7.550063211289553         -0.024400185579226793
7.557545741688085         -0.02397587016592119
7.574654322070572         -0.02300887242608497
7.581657922507633         -0.02261429952022089
7.586977436452269         -0.02231510217761237
7.595841079341398         -0.0218175166541563
7.619034369330197         -0.020521127658827104
7.625609696128523         -0.02015458758225756
7.643423613441935         -0.019165884055527212
7.660816802825142         -0.018204739422415805
7.6739045441989475        -0.017484254259392824
7.695429320153079         -0.01630442644867142
7.712058702717466         -0.015397287348722399
7.727711722548357         -0.014545799420009
7.7299539765644525        -0.014424008932481757
7.748868027798219         -0.01339849568018619
7.7582188198786355        -0.012892703875026093
7.7810339417945515        -0.011661961263115948
7.783711564455684         -0.011517646926880704
7.7862403450971405        -0.011381407924412097
7.801261947093754         -0.01057318035475345
7.82870440821147          -0.009103408870060739
7.843447234670474         -0.00831566923537877
7.844892575387319         -0.00823851171256752
7.846226407068851         -0.008167318038523934
7.8522243984403834        -0.007847305007175247
7.868856529707218         -0.006961051102385577
7.880328038331276         -0.006350749035970474
7.889983540143645         -0.005836703249285453
7.906038050140702         -0.004982575758416214
7.91660650798685          -0.004420719741413648
7.917949328973148         -0.0043493536731691726
7.927725621092696         -0.003830249818072683
7.94069733806116          -0.0031418128976904345
7.954754264816797         -0.0023962990844261386
7.964108730660193         -0.0019004531312046156
7.96797032015426          -0.0016958276396511107
7.97187861029875          -0.0014887650972120812
7.980763018196473         -0.0010182069249821922
7.999334891389057         -3.518867271860258E-5
8                         -2.890613847307867E-17
