0                         0
0.0018224107988025666     2.9964403168915196E-4
0.008376879447445272      0.0013777277646210943
0.023249747588075548      0.003825650188895761
0.03430405587988719       0.005646579339128594
0.04040444467651246       0.006652019120033282
0.04137187600269865       0.006811502831354739
0.04555903380921244       0.00750188046068242
0.05554033490783516       0.009151063340094205
0.06910943611523263       0.011394600900309262
0.08605498102177876       0.014195179786137437
0.10292708768894428       0.016986065582272256
0.12703158854121493       0.020977522777073213
0.1315949069463768        0.02173372168299347
0.1356910889073433        0.022412050772146513
0.16763287964033832       0.027723402964427185
0.16800104813947925       0.027784847926434285
0.1822056949114158        0.03015942921895313
0.18896064195745568       0.03129132814372636
0.18917549271955794       0.03132735814418239
0.21375875099041824       0.03545914171928817
0.22225505173680196       0.036891737521704174
0.22229505944909222       0.0368984883369474
0.2331383601809062        0.038729874803774406
0.23317985168968883       0.038736889088572285
0.2601841530641826        0.04331265140655559
0.2704345420787409        0.0450550730498233
0.29257391772850666       0.04885151866181078
0.31227646285871          0.05224667732532241
0.31757784327126415       0.05316335323547163
0.3231706950905472        0.05412731069550345
0.33788633021525016       0.05667390149201621
0.35050036792215933       0.05886865468271474
0.35609213249660865       0.05984508175172719
0.36046626199045484       0.06061038543614443
0.37848452032853125       0.06377675466968963
0.39788813866078226       0.06721153651310334
0.4157784586342398        0.07040137416770315
0.42714011085875914       0.07243857786606236
0.4393911973857981        0.07464520638100182
0.47260558223101784       0.08067959328549021
0.47605529793288004       0.08131325734792369
0.48016221780676827       0.08206838033996072
0.5132675219707378        0.08821025638879673
0.5347183740798198        0.09223869374021787
0.5376765063977467        0.09279801105743127
0.5446831903991305        0.09412647943010717
0.5728505730674162        0.0995176554731302
0.5793389235242867        0.10077063744594915
0.5914189297074821        0.10311453677652956
0.6105761126183833        0.10686123889829234
0.6192634984996598        0.1085722595170616
0.6259208643982915        0.10988851290544431
0.6362018216537613        0.11192981682042592
0.6446445262871643        0.11361395366577604
0.6464743680705398        0.11398138020805915
0.6560523192615564        0.1159114861234762
0.6613827905446196        0.1169906650509201
0.6647090833208404        0.11766590258316674
0.6721542995475672        0.1191823336933551
0.675376716376156         0.11984202580066917
0.6802158875279045        0.12083516739667738
0.6895680509117328        0.12276290557521036
0.7061970092090514        0.12620534427997723
0.7107995402531668        0.12716641437899096
0.7292914880437167        0.1310635769340705
0.7395273786004075        0.13324542998799646
0.7777870853111915        0.14154156328768225
0.7917443680617379        0.14462560890109796
0.7951686560088295        0.14538695329401433
0.8258247040088745        0.15228546403699475
0.8314718406548756        0.15357244952373642
0.8397980091960842        0.15547913253450704
0.858203928474942         0.1597327405858371
0.8648055729584119        0.1612701841796472
0.8912251707693822        0.16752048455913532
0.9168653118429314        0.17373555194424845
0.9171231229891134        0.17379879047974228
0.9172977518631542        0.1738416336621398
0.9183139262419187        0.17409107556665795
0.933976622162918         0.177965015687124
0.9516081139466798        0.18239151052799799
0.9664581461422628        0.18617739784796272
0.9710563890446221        0.18735941478199988
0.9808070620367274        0.18988113717465455
0.9882017642567866        0.19180486351191045
1.0022453717732551        0.19550097072006614
1.016867653103827         0.1994087886112582
1.026498246107631         0.20201839109592845
1.0334984705497663        0.20392870183760176
1.0531128280427406        0.20934167085696348
1.0549950388274771        0.20986578182802562
1.05853648868187          0.2108554942913733
1.066217941903897         0.21301534118733265
1.071006870824756         0.2143709846295957
1.0873029584900464        0.21903645935484178
1.1070777843742323        0.22480665632049918
1.1120867885884373        0.22628719120038238
1.1158400052497588        0.2274015623534578
1.1291464812022878        0.2313804098203223
1.1415465906252518        0.23513488910248515
1.1695742672346623        0.2437868743932598
1.1798288200190339        0.2470098473444375
1.1909971702790956        0.25055503833856896
1.2069644815218372        0.2557619430775111
1.2128045145646587        0.2576923172903646
1.2309059789213184        0.2637251588116208
1.2370082677635061        0.2657921495693864
1.2402505864578846        0.26689749180255284
1.249273137764807         0.26999494652878275
1.2647324574887888        0.27538144368013145
1.2698770214004456        0.2771961729391947
1.2764596038729883        0.2795343313120586
1.2857110848174749        0.2828511821486058
1.3000345554552735        0.2880571915744377
1.3064826967829186        0.2904288936397803
1.3220787640816338        0.29623733746445235
1.3512713085923165        0.30738343948861996
1.3598185244526626        0.3107144591129845
1.36369225580103          0.3122342093343663
1.3783387004666259        0.3181150262063165
1.3812480327036576        0.31929779238472006
1.4061047261212152        0.32960058535630504
1.4083542730573901        0.3305504439302571
1.4132949844646732        0.3326467974324218
1.41569948016736          0.3336645656588767
1.4274513633229502        0.3386938732933429
1.4319395240072086        0.340638713966051
1.4551039071902538        0.35088824407793234
1.4674014105200759        0.3564736937527002
1.468779505350368         0.35710584682953517
1.4754754555333158        0.3601952555659877
1.4932939228367563        0.3685478939394032
1.4954223025978646        0.3695593863101556
1.4986721024626977        0.3711094987986827
1.5197115586769723        0.3813110000121253
1.5299693222786321        0.38649344673879066
1.5361502188626033        0.38962866662616347
1.5554095718276282        0.39945840231102775
1.582486807236773         0.41380936536760476
1.5917688386787108        0.4188872530413243
1.5977069024103094        0.42217818752082636
1.629924440593753         0.4406104377368931
1.6370402189893218        0.44481196579080395
1.640986202543528         0.44716200664993594
1.6597014794883929        0.45850348531210944
1.6626461312359573        0.4603173552048117
1.6863034215201669        0.4751801269832721
1.6939859893634068        0.4801177386898486
1.7050329477612052        0.48731305323944374
1.7158952069315123        0.49449779373320324
1.725696538230666         0.5010741747174939
1.7292562512076666        0.5035555275159295
1.7303310591846668        0.504307044747218
1.7391050760182425        0.5104819313350634
1.7536192589211912        0.5207975167961171
1.779442351927076         0.5398093743703112
1.8048337053261194        0.5593257754322709
1.8071332735747871        0.561140384830015
1.8129161302168633        0.5657405109327807
1.8214853567383822        0.5726540224491448
1.8346306765135478        0.5834843366194218
1.8414825266739823        0.5892374645186697
1.8435080607718652        0.5909523624784296
1.860828031191872         0.6058801178113395
1.8646725964606765        0.6092577815599044
1.8663015457625345        0.6106959283085577
1.8945621028640922        0.6363117482511541
1.8961524069903426        0.6378214398132402
1.916257738908247         0.6572200951689305
1.9188635288665459        0.6597766878880635
1.920478278901553         0.6613658333873725
1.925437419511378         0.6662696916983791
1.9558329086767976        0.6972309080112798
1.9601836206613086        0.7018276385528159
1.9721972855568173        0.7147352728581053
1.9958201899547878        0.7409087787282501
2.007843870778758         0.7547233754287568
2.0150546755231513        0.7631676607482186
2.018880878892088         0.7676969199152854
2.021059399135187         0.7702907758169697
2.0483113034004816        0.8036602442571684
2.0582451764833642        0.8162487359823233
2.0655644722273583        0.8256756025658194
2.086270072560966         0.8530752514294268
2.0943231669397937        0.8640240082473628
2.094663959069562         0.864504770088675
2.1070251422322723        0.8822208235346942
2.107381777427147         0.8827126426457215
2.1097349785871895        0.8859700983862345
2.1140814181361747        0.8920427329019626
2.1182957324703784        0.8980001585542541
2.128759704984257         0.9131097080962551
2.1539431589630986        0.9513548161378667
2.1582440760602366        0.9581521837997944
2.1788023315112373        0.9910485090114178
2.18617221140777          1.0031013017680759
2.1900151023364707        1.0094404158964867
2.201318911701074         1.0283029992281694
2.2142155683698164        1.0502176046442364
2.220608599065036         1.0612366406075227
2.226518166278524         1.07151416978714
2.2277887114692962        1.073829777256829
2.2331102991452827        1.0835717378095946
2.233626603020597         1.084520621227134
2.2336417624613616        1.0845484917615442
2.2802086378349617        1.1728328909999604
2.2914535089822605        1.1949522484771162
2.297933555623833         1.2078403573653234
2.3003968638819026        1.2127667417155186
2.3229154853487946        1.2568293562040778
2.328640836195594         1.2680524460897349
2.34227724450484          1.294816106417397
2.357592136945973         1.3269227860905666
2.3714838927063693        1.3569512386419145
2.3799751410132846        1.375730010998435
2.38445931964082          1.3858361514859177
2.3915776284830703        1.401729237939994
2.416405888036062         1.4557259343919244
2.417326340050745         1.4576847879388495
2.418161047568755         1.4594585098011976
2.4199690262641065        1.463291736930682
2.425116801924456         1.4742737991814792
2.4423092313070036        1.5110036357172172
2.4709865025329045        1.5699032906934087
2.475727108827001         1.5795746576791263
2.4892309540104196        1.6070225122755109
2.5002180835466197        1.6292440440711702
2.502683978509764         1.6342176636841348
2.5348768472474332        1.6986898246972342
2.5364294923118993        1.7018157004462042
2.5554841916598727        1.7385835672928287
2.5663705084887427        1.7582664613371484
2.5693437478275962        1.7634748990964133
2.5749428071707894        1.7730883153978263
2.58033361796997          1.7821036523652476
2.5891993090930825        1.7964170755127244
2.6035890881624777        1.8191327515105296
2.6067678527446283        1.8240092110276889
2.6169364745378685        1.8392646593481268
2.6295629302572467        1.8552447331492783
2.64511695671952          1.8724031133468166
2.6586246334405645        1.8858552568121432
2.69404231647875          1.9119720607312658
2.69575299696934          1.9128673812625738
2.698895459326359         1.914424142747909
2.700395431917469         1.9151270816257975
2.739461637864374         1.9256709582808864
2.750477802512588         1.9250756011367818
2.7575111342155236        1.9238743694110345
2.7835654004253545        1.9138484873672328
2.788198708460511         1.9111458772720233
2.795841117896697         1.9060812385480264
2.804575341390414         1.8993678630244135
2.8138340307197107        1.8911738293926137
2.819711475446506         1.8853968108708203
2.8227162675714945        1.8831916599291665
2.832660918329821         1.8747856443454873
2.8425924780516176        1.864692476989422
2.848202875971868         1.8582406471629493
2.8622515922724836        1.8382801602896137
2.896842545819597         1.783772707438344
2.8980038079632426        1.7818105470463825
2.8996596129464054        1.778997906721069
2.906478126966866         1.7672315129307306
2.934476984519628         1.715809302394657
2.9478047399546177        1.6895769505046874
2.9774034297088035        1.6272712874504045
2.9799908107232147        1.6217856322683735
2.98105297817564          1.6196814178886434
2.990292802941986         1.6022566729032284
2.9916868830832266        1.5995770736037676
3.0002008750975446        1.579894155504221
3.0111968756819065        1.5542982122950246
3.016788779135118         1.5409808016839808
3.0292624946326714        1.511190697526356
3.031010079408145         1.5070078759756012
3.03408096075402          1.4996522915668236
3.069524035877346         1.4142520339592444
3.0714976628102075        1.4094692733595968
3.07505510441717          1.4008411247892472
3.0875811028883042        1.3703863462234895
3.0983717557668164        1.3440577537501603
3.113732830987744         1.3064290912115966
3.1480328429049735        1.226932641969732
3.1573593791900283        1.205390870263908
3.1598792762229153        1.1995760313637562
3.1606796826026438        1.1977295219242639
3.1629499796484395        1.192409048731725
3.1636408617583256        1.1907921121123697
3.168062176133875         1.1804683055344911
3.169227513628581         1.1777540915083902
3.1979026956859418        1.1118675709362238
3.2058174317466577        1.0939871100500156
3.216220069994307         1.0706868924980164
3.2181663276635613        1.0663529128703897
3.245494687465155         1.0091993705124964
3.252478585250165         0.995126777806717
3.2693671922983096        0.9619933602958041
3.277559915048941         0.9452366802553264
3.288510928152737         0.9233008848767754
3.29639045365256          0.9078448372783748
3.2994307595058907        0.9019543739598812
3.3016997084969173        0.8975849549143011
3.302125980261853         0.8967665981873153
3.3025008623965326        0.8960475618102854
3.3036807670962767        0.8938075983529037
3.3115548458224318        0.878935432171898
3.3221389222042363        0.8591535731083172
3.358040088382215         0.7938373393388034
3.3726194048446874        0.7680993343528668
3.381000044590665         0.7535100061622988
3.3871283334157885        0.7429366914935432
3.413579314367896         0.6982211399415738
3.4205804097065418        0.6866360720043325
3.433780652294791         0.6651787701603602
3.4490515660153864        0.640756049744019
3.4529905417826092        0.6347367249614897
3.461471297505594         0.6219768344046349
3.484546316341545         0.5871288142612376
3.500037884106905         0.5650028252956795
3.511437059138681         0.5489455742184769
3.522868917105151         0.533032788332612
3.538668834689392         0.5113538456933038
3.5491856064036074        0.49712587654117146
3.5605197765388774        0.4819728298726483
3.5757144098499802        0.4619528129633847
3.5823191450590226        0.4533556912141937
3.59376448422125          0.4386085358331256
3.6201593005003447        0.4053282010771314
3.629944271403563         0.39324905698831064
3.636493236736209         0.38524270582539916
3.6513909355930547        0.3672629264653793
3.6540436646564043        0.36406162130684594
3.6625021206252444        0.35391106850151066
3.682318097545379         0.3307911963965086
3.6924010876650697        0.3192625290364972
3.6943114217553426        0.317082715146034
3.7101577525141787        0.29929846256295145
3.7319024699047247        0.2751799236885343
3.7563211683870663        0.24848913153314922
3.7629318771142772        0.24133494521218257
3.7818515717856362        0.22102850536020613
3.8071552086128606        0.19426096651240177
3.8210045306930702        0.17979976672496728
3.83997897529078          0.1602044997104669
3.86939172181593          0.13032638833859592
3.882407947320994         0.11729707482521373
3.884713217336066         0.11499617319736925
3.8871339849421274        0.11254966090256471
3.9094336662363682        0.09007894955640935
3.9285619351116745        0.07089881069049411
3.9303313693982243        0.06912922497223417
3.9338574144611678        0.06561993552742196
3.9387128648131466        0.060802260242892724
3.946059324020678         0.0535169367307011
3.9510576140739655        0.048562981478698995
3.952482146896347         0.04715149056356335
3.988564300831596         0.01145977462696282
4.001287920404968         -0.0010985885011697365
4.006592446037681         -0.0063299713392279905
4.034333712626104         -0.0336480103985646
4.038415736850045         -0.03766198954001205
4.04059656320713          -0.039810826027884445
4.066841400288997         -0.06576727679376315
4.070044490000616         -0.06894738252684553
4.078302697972628         -0.07718366311894229
4.083712113502088         -0.08258895584632787
4.085533729133924         -0.084411007572447
4.089712777707439         -0.08859452997315165
4.099114519065341         -0.09802402132017578
4.114332500826781         -0.11333881376701012
4.1163499198747795        -0.11537388287534407
4.130362771939795         -0.12954044396336453
4.142080086724596         -0.14142804612733242
4.144558717908527         -0.14394071852653204
4.1523658005209585        -0.15188064475943716
4.160862885819541         -0.16056651848442985
4.184392289314557         -0.18485914166021275
4.186296634751456         -0.1868407123050762
4.198777726448351         -0.19989258475358992
4.2131683011882615        -0.21507050005759243
4.215404143019284         -0.21744109349087468
4.221717055812973         -0.2241525143762272
4.222338736144331         -0.22481487960164762
4.238839959043392         -0.24249042793139228
4.254561201011124         -0.2597177930019633
4.258914098609483         -0.2645315985736195
4.273114702719393         -0.2800599804038296
4.27987882521173          -0.2875777173686741
4.287800802667513         -0.2964639611585172
4.299676419331232         -0.3099514195874814
4.3068040647958235        -0.31812107594173045
4.316817303201207         -0.3296842057335201
4.317804018653688         -0.3308290945987176
4.321144131677647         -0.3347118883385365
4.343777790140727         -0.36131786565405105
4.356953073598945         -0.3770421775025796
4.3693479744113           -0.39199413615460454
4.373806640553715         -0.39741032181807934
4.387255202134938         -0.413867849169902
4.393207212710474         -0.42130883579839196
4.424248578773085         -0.4609646328336109
4.424390743588002         -0.4611495281367563
4.424664138474893         -0.46150518134250385
4.436040909094845         -0.47644891194099415
4.457333647612451         -0.5050666081408993
4.476478615086333         -0.5313775575414593
4.477831784956987         -0.5332529986560107
4.51013834245332          -0.5792891333861045
4.532715053816748         -0.6128967360664909
4.549032552684046         -0.6379225622468281
4.5531307961607626        -0.6443049420616894
4.580838094368354         -0.6882419547735532
4.590973340076619         -0.7049743917560314
4.5930482867490525        -0.708423954641602
4.633575816830503         -0.7774358799297955
4.637745613599539         -0.7847129387555092
4.644890232725359         -0.797258185558817
4.660968695801267         -0.8258441009398978
4.662910219084048         -0.8293642945290394
4.6856844159845235        -0.8714454242929147
4.715422419980216         -0.9292009086823031
4.722390838493885         -0.9431943482419118
4.7238371888613955        -0.9461206737836672
4.724556234913122         -0.9475782809961523
4.724665358280763         -0.9477996518121736
4.727009529137161         -0.9525654416882111
4.728085729061448         -0.9548156032069747
4.732807503812941         -0.9647116426181682
4.755372657155063         -1.0125343898842734
4.780474777716448         -1.0667637447497578
4.785622926911798         -1.078019598314253
4.8028951441440135        -1.1158297694039407
4.804915012813182         -1.1202870566656828
4.815792876762545         -1.1444198054274974
4.818728422625548         -1.1509694615812691
4.828023624720698         -1.171812484458944
4.843946274218096         -1.2073667298075925
4.852541926257618         -1.2269986807629991
4.857888779598532         -1.2393656517431415
4.872282736027085         -1.2732491657657081
4.88563645966707          -1.305454770609478
4.893669919363536         -1.325266493577549
4.8973282035339984        -1.3343689420022382
4.904851224612529         -1.3521224726204828
4.909870118544273         -1.363995865856109
4.9153213107249005        -1.3767848535672518
4.917119943689077         -1.381005722610095
4.924368529074351         -1.398021649984838
4.932412700718366         -1.416915713102695
4.950320901298658         -1.4590180106597523
4.9506239610363565        -1.4597781268436216
4.9770204844290475        -1.5243476198622707
4.9847308828328885        -1.5433135929678576
4.990251201384524         -1.556716961665077
4.99281167336773          -1.5628840972358742
4.995445823526511         -1.569195820814212
5.001806395809417         -1.5842990320029908
5.011913321935866         -1.6078981375534458
5.01481209074671          -1.6145760292176037
5.0271955995787065        -1.64264926380378
5.046862721239776         -1.6857200184203955
5.0468952700508565        -1.685789759508912
5.0469034666714485        -1.6858073212909936
5.046917152378769         -1.6858338228534853
5.0590813136552635        -1.7090857104755752
5.06793637355092          -1.7256311464870797
5.084711576357897         -1.7604233704182715
5.091898055634092         -1.7750033583626832
5.095772613840307         -1.7821202770569413
5.129049591296877         -1.8348252308736124
5.129307749954776         -1.8351751513297347
5.130119221000427         -1.8362691465452097
5.1307005711757725        -1.837047387037476
5.130971170071881         -1.8374186077025667
5.133338905956109         -1.840634230172825
5.135842233096981         -1.8439704574226234
5.173547231022717         -1.8863204588633975
5.181253820097943         -1.8931527769578778
5.1884692138097055        -1.8979133028669557
5.198796143081495         -1.904243264294907
5.2056314123969           -1.9081199180864574
5.216187406536333         -1.9136168559227043
5.224161409296472         -1.9185972985375424
5.225770590629738         -1.9194928920675989
5.2284951344526185        -1.9209254201107326
5.232716003555605         -1.9229365783612429
5.251614209564966         -1.9288394935344542
5.257546000245176         -1.929646695245637
5.268945500535434         -1.929795375243627
5.273573603198993         -1.929329139511432
5.2778924677194405        -1.9283704281512122
5.294412512128375         -1.9223910010347018
5.315176554252354         -1.9096756459520123
5.316316191919109         -1.9088549398655281
5.316950064135887         -1.908392906229411
5.337392866300801         -1.8913637903636038
5.350914163989025         -1.8778320108280653
5.365374370450552         -1.861362021287158
5.370791602728542         -1.8546599847678829
5.375075837209061         -1.8491543607609142
5.385777536198771         -1.8329935083707964
5.39111818423716          -1.825421405561785
5.397173931416785         -1.8166346568420684
5.40587955293697          -1.8036291756422271
5.41404479575403          -1.7906251098032828
5.42780179162338          -1.7676800789648515
5.439979906811267         -1.746284013329046
5.453753251361814         -1.720858002706159
5.456152628091359         -1.7162954480098744
5.477023232810218         -1.674941298000839
5.479982983524655         -1.6688345201871722
5.482058643518563         -1.664515978493943
5.50572978241586          -1.6229640744657998
5.519276859531254         -1.5939294056770132
5.5270948129519635        -1.5771407518328915
5.537259126003903         -1.5547334500596275
5.544038811554376         -1.5398247253773754
5.556682490366756         -1.5121003113740161
5.570037516837992         -1.4829283511187596
5.5754864826393655        -1.471059068122013
5.583999444755055         -1.452554022787908
5.594296072683618         -1.430234354041648
5.596249111426241         -1.4260085499613493
5.602152365344608         -1.4132506314579403
5.604465928783721         -1.4082567804630335
5.608332299257083         -1.3999189045184792
5.6307397635062095        -1.3517872770426536
5.648787746332097         -1.3143382056377093
5.652778400205626         -1.306126115115773
5.673046075237613         -1.264801086780705
5.687564443575729         -1.235230455054736
5.704840399601623         -1.2007577047567397
5.709184635298982         -1.1922113085894028
5.715622054911757         -1.179584477801951
5.734811146698933         -1.1426625668743493
5.745865339415818         -1.1218805374941574
5.75797869044897          -1.099516456938742
5.764160337196252         -1.0882685854291545
5.776705223005253         -1.0657849514325222
5.785132622581898         -1.0509386000164067
5.803292401801292         -1.0204959999045766
5.825690020588906         -0.9843428641006763
5.828094328073416         -0.9805270311973306
5.828332960716663         -0.980148989987813
5.833719497770399         -0.9716487218638824
5.834018814877269         -0.9711782395301204
5.842049224178028         -0.9586286261735613
5.865066546980827         -0.9234380009111662
5.8679024814309555        -0.9191822295101416
5.871533298851428         -0.9137592353520118
5.880806046554763         -0.9000400342795547
5.88897105442285          -0.888115148397695
5.894147344006612         -0.8808916233865097
5.911981903666236         -0.8555811670624252
5.915968019669734         -0.850071087139027
5.917432219086114         -0.8481162893025131
5.951726789101617         -0.8036554640447602
5.952601741132712         -0.802554378648162
5.95735954786966          -0.7965958522722378
5.957911230596723         -0.7959081061129712
5.968779256416023         -0.7824937131998473
5.972465150701243         -0.777991926062979
5.998742568960748         -0.7468252688432663
6.005002194802712         -0.7396617248729848
6.0133068766947595        -0.7303126669473294
6.020490722651995         -0.7223678562811247
6.0393970251339635        -0.7020904040484693
6.0718130221868325        -0.6685443944559198
6.072965281842847         -0.6673590131838267
6.073034770125511         -0.6672875671730968
6.0742252553594795        -0.666094405092484
6.075727100223533         -0.6645945353472773
6.080778758914864         -0.6595997238072517
6.08232830042657          -0.6580781469780219
6.093092599833239         -0.6476445309110186
6.093891762518627         -0.6468794296595203
6.109101530988559         -0.6325685230377205
6.117538322318996         -0.624835651357303
6.118472245237151         -0.6239886568518296
6.1193387756362805        -0.6232043877430297
6.126068897521744         -0.6171657873259355
6.128827228454314         -0.6147178118071931
6.137424303062254         -0.6071885157886233
6.13987207665466          -0.6050587951896119
6.146606570953951         -0.599244637967648
6.152017619073945         -0.5946211939788126
6.153194772234693         -0.5936210606606326
6.162035215418081         -0.5861748959070194
6.166760713127528         -0.5822416315221446
6.172270782210434         -0.5776966327273985
6.181881584207883         -0.5698755570143306
6.196097123192805         -0.5585552861990567
6.198917796477618         -0.5563442888591742
6.205943735019773         -0.5508876400534491
6.214093493563636         -0.544636145063513
6.222546608291556         -0.5382636997368205
6.252537575221945         -0.5162642105059232
6.271544403943252         -0.5028722475159526
6.281210611031527         -0.49622464248496817
6.301547981095206         -0.48259387396283826
6.322133270230129         -0.4692869787058947
6.3298265342116915        -0.46444039587638064
6.369524992276116         -0.440525682234006
6.386933290322512         -0.4306170624105883
6.3894014285784655        -0.4292407616130978
6.390017032677148         -0.428898588380754
6.390826959841942         -0.42844312599833795
6.395698549036083         -0.4257143418568762
6.400099816842778         -0.4232648605652453
6.431670832351075         -0.4061355493106344
6.433117867947386         -0.4053690013877952
6.4410117505516205        -0.40121596868874165
6.443081430892601         -0.40013510539538494
6.4698986486626335        -0.38643116940639277
6.4819352325124004        -0.3804403004849557
6.4870892121927755        -0.37790536072369263
6.522490081250121         -0.36098486191501894
6.527087866176742         -0.35885017503682604
6.538516497501963         -0.35358684191707596
6.548292274803273         -0.34921277049430294
6.555567973755551         -0.3459904350990618
6.573641145121893         -0.3381082431772443
6.57656738022129          -0.33684842966196266
6.591662399714681         -0.3304222485535948
6.608893224625076         -0.3232354391621457
6.611867755686644         -0.3220108272378488
6.614618262940615         -0.32088264721435805
6.640288804045831         -0.3105479843712266
6.648881096921145         -0.30716398396361705
6.654051198280478         -0.30515918062538305
6.657770293672667         -0.3037114576815202
6.698056370539501         -0.28857557528471134
6.700095021229334         -0.28782785201274336
6.700279957305673         -0.2877601111756742
6.717692470145301         -0.28144821946695153
6.719978170073447         -0.2806293986415258
6.747988304750331         -0.2707784688565977
6.752517877198943         -0.2692172966754323
6.771244806724465         -0.26285691783012266
6.784391806595782         -0.25848222133179705
6.795881588271328         -0.2547201194573281
6.802358006353077         -0.2526058121246654
6.8180592484624185        -0.24754879735049887
6.824969350160619         -0.2453435203430956
6.837157774514999         -0.24149634472024056
6.849976992966143         -0.23754220196131304
6.866208684353689         -0.23260464065526046
6.892397722016342         -0.22480109967327258
6.904833576162427         -0.22116605383095608
6.908629720559029         -0.2200654660781432
6.932253562441597         -0.21331140619869624
6.932700792275505         -0.21318517358192388
6.932752481151847         -0.21317058810402287
6.960102895960048         -0.2055673446655422
6.970635217445078         -0.20268521996226738
6.97550264890201          -0.20136535356872906
6.986080814137137         -0.19851704236038192
7.026827957095147         -0.187802536919452
7.031760955214781         -0.18653311284159196
7.034627000538177         -0.18579833327324022
7.052925733329573         -0.18115464368551557
7.063362470426249         -0.17854731353809888
7.094106711257583         -0.17098263610100048
7.111864835315633         -0.1667010633055825
7.125658521884173         -0.16341972465808507
7.130118919752592         -0.16236695822273478
7.133154716517163         -0.16165275460783332
7.156081399570734         -0.15631971639286546
7.170386948801407         -0.15303506776248382
7.1803951280889216        -0.15076040404880367
7.191814360357499         -0.14818877380336515
7.217615154181704         -0.14245228008568228
7.222578181772635         -0.14136055876929488
7.227909048381617         -0.14019214584228387
7.23078246092196          -0.139564168602459
7.236294138850047         -0.13836319992557916
7.2519756956268555        -0.13497200894560388
7.306732861061365         -0.12344527561936727
7.308708027451271         -0.12303676619095061
7.309278780246833         -0.122918815852318
7.31923779530815          -0.12086751972302506
7.3397887800244295        -0.11667526685725746
7.345397664662897         -0.11554062173735623
7.346603932782614         -0.11529713440958012
7.381068183407928         -0.10842028672420118
7.3968744825589           -0.10531795845763275
7.411040096567744         -0.10255696292959679
7.423932909949402         -0.10006520351954462
7.431199675630007         -0.09866965948946523
7.4401713444986886        -0.09695049565828404
7.445139845654513         -0.09600163586811614
7.4512860264636425        -0.09483103604494182
7.461483038080747         -0.09289818895675978
7.480073454352436         -0.08939874045867116
7.4988343755886016        -0.0858991077672685
7.5104595606638975        -0.08374665059578135
7.5117655364722635        -0.0835054308620595
7.523082976740476         -0.08142166263112892
7.524372113270539         -0.0811850591746431
7.537359234587819         -0.07881003473126798
7.539371365572677         -0.07844346299111105
7.556083731125154         -0.07541327944826998
7.589785253198346         -0.06937515171361247
7.597691421124348         -0.06796824307891186
7.608068951562177         -0.06612709001290482
7.609050020670769         -0.06595335657370026
7.609238771372029         -0.06591993794161073
7.636798029041177         -0.06106283821718071
7.652204421279017         -0.05836689919378629
7.655457202720115         -0.05779947136334257
7.661163850146885         -0.05680657975410709
7.664437394931479         -0.05623800270219423
7.669947795346655         -0.05528252716927062
7.677136688544682         -0.054035456505462036
7.710810992366319         -0.04823411265875222
7.721830210597882         -0.04634983641806394
7.724058747826206         -0.04597053885383329
7.748573467164242         -0.041807588880377416
7.7581402151969           -0.040187723469441355
7.767914830998256         -0.03853538963362402
7.799083652260379         -0.03328492390607709
7.81088057377918          -0.03130541406980592
7.8130472683259224        -0.030942302312886416
7.817898472135951         -0.030129945429155616
7.821174520599005         -0.02958186100172069
7.834260387021006         -0.027396652808884796
7.860508780043257         -0.023033028763579197
7.885215464382827         -0.018934696354258037
7.88568815631119          -0.018856345050210853
7.909158920723887         -0.014967321108380796
7.909930632339265         -0.014839559881127003
7.910523208607965         -0.01474159770273209
7.914659831087433         -0.014057871094384208
7.917020621288095         -0.013667760835491465
7.923720213929493         -0.012561061476397075
7.924176757659346         -0.01248566585095269
7.938692660406191         -0.010089803397598443
7.955261604303981         -0.007357532062983358
7.962252890204811         -0.006205846221158566
7.976265968111322         -0.0038995923662247297
7.988455765134904         -0.0018957373762142186
8                         3.3628574077218933E-16
