0                         0
0.025611077107796695      6.985209697390634E-4
0.0382699829005594        0.0010442054738410043
0.0414033497168096        0.0011298134802617472
0.05020144329751883       0.0013702815456925006
0.056051443507685546      0.0015302668156818616
0.06979815910024648       0.0019063801210863094
0.08452234378167021       0.0023093214834803734
0.0986701068507381        0.0026966759136271353
0.10399708990700986       0.0028425720399322574
0.12510665966283718       0.0034209797900702542
0.12588374253790174       0.0034422798673744083
0.1267559449848707        0.003466184242724484
0.15583460431534246       0.004265048108130746
0.16515580125983498       0.004521908806516771
0.16847281192464786       0.004613406235408568
0.17521346120912468       0.00479949084436051
0.19321241875681236       0.005297296078987633
0.19935748362016487       0.005467556358548347
0.20268673183500552       0.005559862811980587
0.2057652820764319        0.005645256054469849
0.2070898705484019        0.005682008791005144
0.21245906909569426       0.005831053970529469
0.23263972670968763       0.00639223814566176
0.24117274507741654       0.0066299290952722394
0.25411463446135835       0.006991864640065499
0.2777794676621586        0.007656081733299489
0.28993932168321507       0.007997797824619495
0.2907845257808127        0.008021586334267762
0.3104679906929371        0.008576928245372251
0.31048235929963264       0.008577334578090741
0.31092930164273          0.00858997443688345
0.3355362976805629        0.009287930794414435
0.33966468361218094       0.009405423853734926
0.3582156625426965        0.009934781720377183
0.3584434481686032        0.0099412958931906
0.35874068667208586       0.009949796786569067
0.35878010471071886       0.009950924169700948
0.3885448414435487        0.010805169458763255
0.39103425840377615       0.010876999801856357
0.4105877927084409        0.01144331544510994
0.41365253319867223       0.011532311150580442
0.43263587092458544       0.012085527517058353
0.4376917450440865        0.012233438103820453
0.4631705858087846        0.012982483252445162
0.46479243550454175       0.013030370134981638
0.4665275835916456        0.013081629654115672
0.49225043027141047       0.013844718612490502
0.4962854985317971        0.013964960490935414
0.5268016184786494        0.014879438396435353
0.5308399492265407        0.015001351425823978
0.5392451676267124        0.015255768000062387
0.5459076559661469        0.015458078814889704
0.5461078327356419        0.015464166136114335
0.5469907996555732        0.01549102306272091
0.5500931924712895        0.015585466974889396
0.5512255881465805        0.015619970479894881
0.5543667182601509        0.015715765286680543
0.5889766728575827        0.016779559842660295
0.5998753000424533        0.017117609094293263
0.6091655858571381        0.017406929313940944
0.6182922457599148        0.017692395674236243
0.6284144620881109        0.018010229674277654
0.6359148619759473        0.018246572846153743
0.6531226402711224        0.018792663668406727
0.670183747065403         0.019338604750164683
0.6708897997936683        0.019361302717330477
0.671520114730851         0.019381503364020117
0.6847817868896946        0.01980808751940823
0.6935849647384388        0.020092956896578824
0.7044564986033623        0.02044663021025594
0.7158611532956763        0.020819870831280462
0.7178310634914626        0.020884570786545268
0.7243995197173491        0.021100796830795944
0.7448195797857722        0.021777989079837613
0.7583528787983236        0.022230539937486686
0.7876257625853481        0.02321963169005214
0.7953979240711895        0.02348458918457791
0.8027378405448041        0.02373621268236546
0.8156515283251855        0.024181704677855378
0.8206915450563181        0.024356539095863695
0.8305849557219261        0.02470119331678999
0.8343783679799169        0.024833888766555737
0.8546329875565941        0.02554755144024167
0.86651718018884          0.025970195444761902
0.8706588221668041        0.0261181663230044
0.8799928034028458        0.026452934485495697
0.8851099461306574        0.026637220463789687
0.9010159876944176        0.027213474894936224
0.9123424005947719        0.027626830457059093
0.9194351027209962        0.027887358600543193
0.9250571661283522        0.02809478732826954
0.9412777584751676        0.028697813180039822
0.9511201777513116        0.029067021548860154
0.9638525593833092        0.029548336848703158
0.9708518906769752        0.02981470601377091
0.9815395292559176        0.03022387133128043
0.9843513923346447        0.03033200910613324
0.9862894134570445        0.03040671701032385
0.9926541291566167        0.0306527414538336
1.0244580035806066        0.03189934247084962
1.0244736852778116        0.031899963011830845
1.0252859739632658        0.031932116594612266
1.0461516654504357        0.03276511057883305
1.0502443341715622        0.03292960100769576
1.0752145464785823        0.033945053122498015
1.0834944658452312        0.03428626891552099
1.0994823800694367        0.03495147350014112
1.1224287472174184        0.03592079976757778
1.1238266943865194        0.03598036499790676
1.1246070451757564        0.0360136418776876
1.1255036677943804        0.03605190075103014
1.1532641895185223        0.03724901132094087
1.1617189558948007        0.0376184421077969
1.1726789401947286        0.038100700344730204
1.1877725065844191        0.03877512071894518
1.2032328515349124        0.03947156677073095
1.2039487633634005        0.03950390507949938
1.2333302770737062        0.04085070808502999
1.2482713729271526        0.041550274931942056
1.2715077381395972        0.0426579186598236
1.2767842102980318        0.04291277777776169
1.318906091602505         0.04499159712853399
1.3217572150573842        0.04513514765120355
1.3222458277093623        0.045159784403001696
1.3421601584640637        0.04617279364472085
1.3442468907655345        0.046279947009989914
1.403486003542404         0.04940136992768239
1.4090371076096777        0.04970340117709405
1.4139673879554027        0.049972846011949866
1.421299980898221         0.05037645643237106
1.4504737888569688        0.05201198281722466
1.4556770277701039        0.05230880614960209
1.4747036971245695        0.05340715506786535
1.4827753408246935        0.05387922494639282
1.4878994902513338        0.05418080251263687
1.4961788392312942        0.05467118154954044
1.5035888736480263        0.0551133245270291
1.5167661660238456        0.0559071791696056
1.5243620866703143        0.05636920362006319
1.5330488439367107        0.05690146250065382
1.5433343309928462        0.05753894637721061
1.5481058116818054        0.05783735327756452
1.576728714286879         0.05966313299388095
1.5774672859244463        0.05971100975398788
1.5796335038414298        0.05985165350819182
1.6224659864040072        0.06270060535676031
1.6432107116183092        0.06412695584063399
1.6482319961822707        0.06447677098395779
1.6586716432023239        0.06521134499504887
1.6597580990557863        0.06528828331095482
1.6773766342736067        0.0665490960792297
1.6861556638615534        0.06718671282993206
1.686691788785228         0.06722585334296671
1.6887085738426741        0.06737329968558882
1.7163876309741837        0.0694301529801784
1.7179260621917076        0.06954629328098015
1.7192693700093062        0.06964785977998837
1.7204023676568918        0.06973363837488257
1.7215120788620835        0.0698174249539015
1.7230833134413726        0.06993628602688512
1.7253453017951195        0.0701078708410166
1.7256517876851798        0.07013116217839364
1.7564180702096226        0.07252100049732844
1.757479197419339         0.07260525444751369
1.779782777511105         0.07440438304472871
1.7798002177236336        0.07440581094455195
1.779851278188293         0.07440998982403547
1.8042602424456888        0.07643684472949581
1.8238610590372344        0.07810660664580377
1.825383356751202         0.07823786040420817
1.8258653611580205        0.07827946643905384
1.8284972837352742        0.07850705137605779
1.8402989666374436        0.07953588027543962
1.8430632434683987        0.07977917063716947
1.8522261471132182        0.08059186699793269
1.8985469360561715        0.08484718559762684
1.8992057400427804        0.08490947694712452
1.9011079149480614        0.08508845427985896
1.9022723641566182        0.0851982809313867
1.915055205666404         0.08641702267869988
1.917524810724459         0.08665524964992033
1.9706210466230185        0.09199405552368217
1.9786237469292618        0.09283467922304009
1.9821946110125952        0.09321281075377896
1.998422614547571         0.09495487834375084
2.003966010231837         0.09555971112323458
2.0477887342460352        0.10049128808812369
2.053398657521815         0.1011418445006218
2.0562355550555163        0.10147509678938038
2.078767220238249         0.10416627370596418
2.1050321837884503        0.10741514362572863
2.1141096667426473        0.10856377039889642
2.1174935815516016        0.10899639942511427
2.133881104940338         0.11112565766013763
2.176570434635101         0.11693805002308974
2.1784085449351873        0.11719678073382668
2.1834020618911945        0.11790315656079568
2.184530087109085         0.1180634324512123
2.186964730271413         0.1184102477777388
2.1891713538700435        0.11872563032989762
2.1928710703508134        0.11925665122186101
2.2004806466381464        0.12035766665686394
2.2298828951920364        0.12472324944030501
2.2379707712470953        0.1259551667666602
2.250119724050294         0.12784479414934571
2.2571470940137552        0.1289564695973925
2.2620414853705473        0.12973879982499462
2.272199994614652         0.13137787099844575
2.2814100481642194        0.1328908492699686
2.2878623764193513        0.13396606524272203
2.318892610104469         0.13931259519919495
2.325374614359106         0.14046617037958778
2.326981743783808         0.14075414780091836
2.3289935177768437        0.1411157319484771
2.3311616846817764        0.14150679389456172
2.3327313834131536        0.14179079907554054
2.3356578942097173        0.14232348301632539
2.3710399374619757        0.148948833503083
2.3885915981303296        0.15236229262924317
2.395274998806418         0.1536878363618311
2.396804848077564         0.15399368385810236
2.4188419477199075        0.15849964736021757
2.4232221769976086        0.1594176291998397
2.4299823814667394        0.16084893737644618
2.4330032827476313        0.1614942462551278
2.440354481043776         0.16307929649706648
2.4550383652283845        0.1663078974885521
2.457497320248671         0.1668549688748729
2.4579538118267577        0.16695677947469048
2.465107892801075         0.16856256163155892
2.468463190050971         0.16933829515196547
2.478684023089091         0.1716826015886909
2.48573348972859          0.1733285757264391
2.501321139360309         0.17705237638261226
2.505503048525961         0.1780711510680941
2.5167401846252178        0.18085005416415043
2.5284759573302225        0.1838166425858508
2.5449878362609755        0.18810191202893356
2.550369865237404         0.18952682641044744
2.565017179199464         0.1934748134490506
2.578267891571354         0.19713463208944487
2.5860473598509355        0.19934102000533582
2.637253970831191         0.21483974963428593
2.6384837820587994        0.21523067607935617
2.6425168578859286        0.216518618670118
2.643180810763595         0.21672944284864074
2.6449908710064562        0.2173058208296888
2.6454134533003635        0.21744072759670768
2.6458246798394685        0.21757213404530876
2.6467548427044454        0.2178698199692221
2.647410746103974         0.21808011194906118
2.6918554360868456        0.23306076369944717
2.695339495859026         0.23429322637546635
2.7094280096736885        0.23936310459370816
2.7328595491850542        0.24810112267842407
2.740112593724738         0.25088336142804357
2.763788252617724         0.26036829298506575
2.7653728215860967        0.2610206857063033
2.7743402958834977        0.26475464503202395
2.775271411113613         0.26514643298112267
2.775963210503857         0.26543802054022997
2.7811918893064633        0.2676555732007342
2.7894785634923975        0.2712196607487657
2.7936975712990666        0.2730576159050943
2.805384735810481         0.27823130024130127
2.8253846987843727        0.2873655545045346
2.8268310192289454        0.2880398450988772
2.8284501136684814        0.28879688279728466
2.843085150316574         0.2957698141846605
2.844673537704155         0.29653884695027666
2.8452616729804           0.296824511534233
2.857142619806333         0.30270093412369903
2.8670418832128886        0.30775103258302067
2.8687371026370845        0.3086372731188073
2.8907651697935446        0.32045162608592404
2.8967632001566677        0.3237645301836022
2.9294227343329973        0.34252422329936244
2.9321161149333204        0.34412566656397237
2.948683300491112         0.35415843539359715
2.9595921592177605        0.36093574855453653
2.9766734531960055        0.3720578399477582
2.989129256736635         0.3804171462545007
2.9992791553190217        0.3873842060650892
3.0069801254368795        0.3925754041389598
3.009842809256333         0.3945193233898558
3.01357819735999          0.3970674247691705
3.0140819055818895        0.3974120324081799
3.015249338451678         0.398292105855833
3.0231792150223002        0.4043063249332999
3.0312915915786003        0.4105243570930016
3.054226472992713         0.42810938318322544
3.063560663746115         0.43545110420259764
3.0760971954165277        0.44557041207013376
3.1135153687592054        0.477538269306121
3.115353498058154         0.4791767712044713
3.120262836531477         0.48358420695208054
3.123395679782591         0.48641944422422717
3.147966018441892         0.5093055479422769
3.148605778886702         0.5099168520933341
3.178196490462564         0.5390453916547929
3.1802972306143746        0.5411768798199046
3.180709155222516         0.5415958217998067
3.1833209522386836        0.5443898952076647
3.1873447762903964        0.5487106761388242
3.1899055178399047        0.551470589184078
3.2182562471633798        0.5825560064553541
3.2255691707500347        0.5907319379518873
3.2272667779595547        0.5926391259078688
3.2411323115320725        0.6069330995834887
3.241326850779317         0.6071338230806732
3.2417605436949106        0.6075813199918368
3.242049345846695         0.6078793276180935
3.2750961318563783        0.6458458056227109
3.2767838026858747        0.6478491948613972
3.297504150916563         0.672956435990074
3.2999692915866246        0.676006356829193
3.3329303054665096        0.7180706590518493
3.3362873562595814        0.7224889682253653
3.3586155515361202        0.7522252586716043
3.3619183913186403        0.7566867375846404
3.3703560412123688        0.7681578288943248
3.38313292719648          0.7857292957521325
3.3866927300722836        0.7906680824240127
3.387588936736382         0.7917443503985209
3.396077557281943         0.8018122262944992
3.4076064164734605        0.8151202682095908
3.417616628070634         0.8263336433110786
3.425871323897427         0.8353415898465966
3.428690496037503         0.8383685451446321
3.4290640773922254        0.8387677707652069
3.4310296839500087        0.8405761980696339
3.433057570591275         0.8427044024269872
3.4391446535204784        0.8501411830738562
3.441026569347582         0.852413768535186
3.46638910465747          0.8818152762131126
3.475187042364422         0.891481007571994
3.4952167960877367        0.9124618715254679
3.499904420980155         0.9171664981870343
3.505283012962183         0.9224685296481675
3.51977160455689          0.9362401365160966
3.5362169004683577        0.950968962844198
3.54577970475065          0.957663390659053
3.5558509713860467        0.9638976032614524
3.5568678104496008        0.9644805002400967
3.5576746136448993        0.9649065745874865
3.575080688336293         0.9724752536097538
3.587038956452912         0.9758767637339774
3.6082295693670603        0.9783070212907832
3.6096685941032094        0.9780598484780771
3.6117435824439315        0.9776652490284229
3.615075391177177         0.978507240804219
3.619503187722482         0.9791874318447594
3.619832407155764         0.9792237006729667
3.6226325838752214        0.9794521421698148
3.6292249492467885        0.9794243636996408
3.6355825930110894        0.978645528554211
3.6623170459055387        0.96728930057703
3.6678355098546156        0.9633193814724588
3.6685079523880932        0.9627876027575878
3.6688337266435243        0.9625280502347643
3.669492587604947         0.9619992792659413
3.6889851352189424        0.9440304568668971
3.698741066690345         0.933348165014899
3.7054280413731657        0.9253754193430459
3.7175116800421417        0.9096257967436099
3.722254290220819         0.9029720118826741
3.724665667658249         0.8994867894640118
3.729969645370216         0.8915786018111836
3.7423481303582378        0.8718268074212144
3.7708856650884486        0.8195821868942148
3.7871855522931526        0.7820127484545075
3.788063428390585         0.7798298705470107
3.7973396070434524        0.7557681718171828
3.800663045807921         0.7467046071879361
3.8130760499954333        0.7107866163801192
3.842863649174368         0.6128654266104496
3.8436180326580667        0.6103602507402252
3.856899582423644         0.565686631709388
3.864158974750791         0.5408147836363134
3.8768046663363767        0.49672178078489765
3.8880089514585374        0.45684060409837435
3.892508366612339         0.44098288663783325
3.898535889068752         0.41958141506840624
3.907006903001494         0.38404570659213183
3.9179555777275996        0.3388403789788115
3.9283176278475604        0.2959776280940588
3.944866822231687         0.2273613349445764
3.9524518538106195        0.1958463598913629
3.975515930346734         0.0997631474925302
3.978050169306099         0.08911684365032964
3.9835609960185785        0.06598622751935232
4.0064668085206225        -0.029858504318191422
4.009419865773            -0.04218002155037742
4.011943161183949         -0.05270204916052737
4.026454132750605         -0.11309900316294974
4.038234366389908         -0.1619884321660584
4.0396226943391795        -0.1677417970252965
4.051314911443997         -0.2161254682540891
4.059249430408967         -0.24888809443545643
4.076441325597556         -0.31967787008232296
4.085851101926065         -0.35451983001039744
4.086503621683747         -0.3569233182005278
4.087403668307892         -0.3602358591483068
4.087541265954609         -0.3607420004608599
4.0886844812964895        -0.3654731762098722
4.096947011858399         -0.3991245628423097
4.104281959207875         -0.4281988331957127
4.117002883391996         -0.4768396251902828
4.123538766721445         -0.5009514748966679
4.1731833162457574        -0.6620542673500855
4.175828295144299         -0.6698857748889574
4.181724510240363         -0.6870701097735958
4.190163962385861         -0.7110089922724502
4.240986288147305         -0.8387974722043022
4.243067297135552         -0.8434315677272975
4.251266637268883         -0.8612320856479726
4.254435015293914         -0.8656751387625862
4.264310661639067         -0.877823226041071
4.26540795958489          -0.879014059566853
4.297671441818293         -0.9190869133898936
4.299388918615702         -0.9207856647957909
4.302265829850033         -0.9248735845647139
4.338649557631023         -0.9628043836491675
4.338726423248161         -0.9628575047136263
4.338786667391657         -0.9628990592269315
4.359307950987864         -0.9729492465396583
4.38703005120191          -0.9791346955696822
4.392775086680382         -0.9793539514400447
4.398508741205715         -0.9785191641782384
4.402209905623408         -0.9777907586307522
4.408019405042162         -0.9757135031158054
4.410869659086322         -0.9746226110086257
4.447494927024932         -0.9539859891656483
4.450767477096479         -0.9518255845437087
4.469511801961589         -0.9384510412981788
4.473215758722692         -0.9356066389570888
4.473354022235293         -0.9354991737635009
4.499231773569776         -0.9137538926066863
4.50058226499064          -0.9125299353288734
4.548423775613468         -0.8634665979450478
4.548561107796001         -0.8633214012882992
4.550008104584934         -0.8617856202069948
4.5500565501033305        -0.8617340150894268
4.550103304355069         -0.8616810876620176
4.551454485675869         -0.8601502616279582
4.569832310983554         -0.8390906032368198
4.5787349571340545        -0.8284493026341252
4.579125246365826         -0.827978909325044
4.59782329202885          -0.8050612076271244
4.605577925448564         -0.795337000546673
4.6058506250795705        -0.7949926958367981
4.607429656740562         -0.7929959147240351
4.616722699463539         -0.7811361594664274
4.621829329819101         -0.7765043135915992
4.647939878761855         -0.743204365720531
4.654716359307291         -0.7349059452948883
4.679311407057711         -0.7032093078722835
4.687969360142933         -0.6922869520682223
4.709524722813771         -0.6656267154712635
4.715480695998554         -0.6583942442977453
4.737617338285996         -0.6320219105923077
4.746165715809503         -0.622052424099863
4.772068639834487         -0.5925732778907656
4.77624503268982          -0.5879230395485002
4.795923269514283         -0.5663961237826672
4.799984134662992         -0.5621955146414201
4.8003862558826595        -0.5617831109844381
4.844780372197549         -0.5169802991997886
4.848093368338183         -0.5136124173133497
4.862192456155278         -0.4995814920415648
4.867613644644029         -0.49431658052586763
4.872895908853176         -0.48925608040456636
4.8794056048493335        -0.4832338269675609
4.893973406709244         -0.47009036799451653
4.89728596767016          -0.4671660212681564
4.911198466702775         -0.455144287271305
4.91360050860149          -0.4531112579357386
4.933211974812724         -0.4369815152557702
4.950545138760947         -0.42342114841637096
4.953787223008606         -0.42095720283127425
4.954018109273101         -0.4207826029710808
4.955708174057767         -0.41950227666974144
4.957637016512623         -0.4180444301080912
4.971126670507899         -0.4079491211241521
4.973937667753216         -0.4058675537765766
4.983237890136127         -0.39903501183114976
4.993462665923143         -0.3916195669181981
5.001052980776979         -0.3861799957586616
5.010384227500591         -0.37992284903359536
5.016144080270175         -0.3760923730930718
5.030041072089502         -0.3669505245643915
5.035656435131583         -0.3633162773426927
5.084423632417641         -0.3333482898833294
5.094513091815843         -0.3275051203479896
5.0950373746925335        -0.3272065114931985
5.0985033171661405        -0.32524522899976843
5.101123967430421         -0.3237770009761077
5.102012848403408         -0.323281882588254
5.114225694654262         -0.3166268954786599
5.122363879334978         -0.3123451698193405
5.132228609734998         -0.3073190241014523
5.13619728864976          -0.3053476426203746
5.145553714273369         -0.30070361777288557
5.150996141206233         -0.2980329484501713
5.167482803488871         -0.29008034723526155
5.188164385615934         -0.28051168453481035
5.196638280338977         -0.27668388923094295
5.201351604329204         -0.2745781479123799
5.223356122958844         -0.2649881605327533
5.230088985996153         -0.2621577174653661
5.23274523286315          -0.26105444020264207
5.263569072868028         -0.24880568914600237
5.264301328011629         -0.24852711059279184
5.264821281076935         -0.24832494405934502
5.267663304608401         -0.24722412362636415
5.296363327482451         -0.23650606865936544
5.298901167272637         -0.23559320958024466
5.300479668301282         -0.23502828439690845
5.309000094657119         -0.23201681410267555
5.320843665504851         -0.22790412129378024
5.3355377578755645        -0.22291253657366375
5.340969100967017         -0.22109861109678325
5.345559273332549         -0.21959706671016896
5.373048153943502         -0.21086509043518875
5.386827752819638         -0.20665574984614513
5.394879290714663         -0.20424806802316492
5.402938822927723         -0.20187631444914764
5.432324588883309         -0.19355341391072556
5.432686404672258         -0.1934541134612377
5.433214516873068         -0.19330931160711373
5.455190678284808         -0.18744341661511948
5.463502186373193         -0.18530169414083067
5.468239668987161         -0.1840741795983183
5.486476082159627         -0.17949549455233127
5.500303249034025         -0.1761046528978712
5.512658979850512         -0.1731450459237027
5.521326246431463         -0.17110508168500302
5.528852344643745         -0.16935787547718203
5.539254401406928         -0.1669778458546151
5.549695353159956         -0.16463344263517687
5.580213382454213         -0.15803669825248384
5.604228755714781         -0.15311351634504483
5.60430226647364          -0.15309880885458
5.605573423723091         -0.15284483481085803
5.631748266541342         -0.14776215179352423
5.6393672014311935        -0.14633537135027655
5.654288774492178         -0.14355994050468487
5.675857506850679         -0.13965886725397775
5.691910111515083         -0.13685185820828902
5.696755113035714         -0.13601808427065143
5.7023071105004615        -0.13507030519948
5.714506635640575         -0.1330164725894259
5.724580912213733         -0.13135021555006796
5.736575557612196         -0.12940146847905154
5.748294550066944         -0.12753439057683041
5.7531557644304705        -0.1267705962297373
5.7664802323567645        -0.12470921615834275
5.776602081002648         -0.12317369996741825
5.782511350478741         -0.12228849795252054
5.809103220686004         -0.11840405707768462
5.826532471967744         -0.11593746354016955
5.829642987377431         -0.11550384980598222
5.840797889587184         -0.11396523557748074
5.857782279170918         -0.11167182846219759
5.877899707921207         -0.1090323248469417
5.893807353683984         -0.10700425326251968
5.912289783624509         -0.1047134578505762
5.929266943874669         -0.10267130333746194
5.935481650116898         -0.1019368010809298
5.955591524241203         -0.09959436350236962
5.969159832946762         -0.09804351058024034
5.9723693410620005        -0.09767997157891437
5.976238291919162         -0.09724373544222618
5.997134036126285         -0.09492542036053253
6.027066061975437         -0.09173234592807722
6.040432698650752         -0.09034959057357837
6.041094951113901         -0.09028177461417522
6.044417416731852         -0.08994253496252012
6.044930714082254         -0.08989027168647161
6.058881289409465         -0.08848489097164615
6.085754261265105         -0.0858595274390494
6.098926572094069         -0.08460265124308838
6.118593231734871         -0.08276355576513315
6.1253521863551           -0.08214186268146592
6.131140950071599         -0.08161362132579085
6.132680866797142         -0.081473754062119
6.135093353193039         -0.08125578653104228
6.142639537209359         -0.08057798459314508
6.143039926305887         -0.08054219054216825
6.143353505646757         -0.08051416902262026
6.17582739922535          -0.0776688804106833
6.181546698468266         -0.07717937739640361
6.210847169095846         -0.07472614274398391
6.223147615711479         -0.07372252457020605
6.227015304777742         -0.07341027494032737
6.234946827661172         -0.07277491331442563
6.269832565830594         -0.07005087562404474
6.2927137433340725        -0.06831891994818329
6.308093565815533         -0.06717912495318427
6.322493822323086         -0.06612967600360423
6.324450062712175         -0.06598843530964761
6.325745984886382         -0.06589504408662666
6.350231788914046         -0.06415659374221824
6.3608250435938025        -0.06342137646403789
6.371289037562223         -0.06270478370027095
6.388637430270597         -0.0615328463162508
6.397446322466983         -0.060946527602917876
6.404044189890998         -0.06051123420419074
6.41507107609194          -0.05979111637044668
6.424879733230714         -0.05915831579768335
6.430402012582089         -0.05880526339780667
6.432175221312987         -0.05869238916918759
6.435254599681747         -0.058496654862658856
6.459126642258068         -0.05699893580406144
6.476975103872531         -0.05590188475368415
6.477876763093467         -0.05584698105349764
6.478474192697665         -0.055810629822212805
6.492485898794855         -0.05496432718934953
6.507939147611593         -0.054044867871401336
6.517500837827292         -0.053482699620830625
6.519221193904475         -0.05338214450334422
6.520546428470688         -0.053304807243879974
6.529052613546135         -0.05281095550801414
6.550969847490666         -0.05155879554779402
6.553610355659881         -0.05140999364981246
6.574314935082631         -0.050258852629857784
6.574969818289481         -0.050222782143758825
6.577499713696823         -0.05008363318051414
6.611891437133782         -0.04822288494371079
6.61686574347239          -0.047958511505969886
6.633617774617607         -0.04707702345098365
6.635048416173885         -0.04700237562555291
6.639466891994768         -0.046772457086625495
6.672373038401269         -0.04509001220907942
6.680121131284897         -0.04470151860078094
6.692920614152579         -0.04406613734566186
6.743956075912413         -0.04159934764947538
6.744795463072357         -0.041559775316624394
6.745323693873054         -0.04153488525450228
6.745411084322682         -0.04153076848121707
6.786484205084177         -0.03963131457884835
6.78825936032715          -0.03955051900150344
6.802916015332018         -0.03888753518945307
6.819405826920988         -0.03815039205532098
6.821129927807771         -0.038073898393388456
6.836476419560842         -0.037397793031668666
6.853477931526361         -0.03665880183862227
6.85913067337157          -0.036415433560988114
6.8834074031973245        -0.03538349240585752
6.894473488595853         -0.03492023289763001
6.895557375533815         -0.034875098261416805
6.901036293937403         -0.03464760371407878
6.915112165868541         -0.034065087622699323
6.931479355108088         -0.03339556316094326
6.939885332049687         -0.03305497042342445
6.94717797640851          -0.03276128334955629
6.953772477108759         -0.032497148149857255
6.955692931593595         -0.032420483034503136
6.958068084531143         -0.03232583250425307
6.964616747819825         -0.0320658118655436
6.965795256315214         -0.03201916544704675
6.9663284643171375        -0.03199807536480832
6.969388250279019         -0.031877228909821864
6.970285389370527         -0.031841787071130064
6.975350753600158         -0.031642081331058086
6.976814716449457         -0.031584491213891626
6.984236579920156         -0.031293407243199185
6.986050926515337         -0.031222472821602443
6.987462533211094         -0.031167572851512827
7.022064472617049         -0.02983675855854651
7.027089134771918         -0.029645890317060754
7.029853786229822         -0.029541129292201703
7.03255786769432          -0.02943884048567642
7.039141195579857         -0.029190541228630563
7.078696325293028         -0.0277207947082198
7.081803724359526         -0.02760700343587482
7.097558316908707         -0.027033822383781107
7.124086007700434         -0.026080217037861952
7.127753092801936         -0.025950014833274023
7.128512661557771         -0.0259230620238231
7.141802068999687         -0.025453310433595784
7.152580420768778         -0.02507484217677593
7.153440481547367         -0.025044739946092076
7.173476433436246         -0.024347566542062337
7.17855387758082          -0.02417213602891072
7.203865127318132         -0.023305117487236102
7.2058695149724565        -0.023236993151983677
7.217113836971404         -0.02285627994197765
7.229186416867094         -0.02245027148252234
7.255149833867488         -0.02158674642901308
7.255524641419461         -0.021574340888634476
7.26719923916256          -0.021189223987588844
7.281968656269242         -0.02070535830842332
7.30945086723456          -0.019815822732378023
7.315165745968866         -0.019632285615608494
7.316139685643104         -0.019601056354118237
7.318718356338354         -0.019518441128523367
7.327514127901224         -0.019237422368536122
7.342620659920875         -0.018757605409145874
7.359120938337405         -0.01823760193463786
7.3621999798055135        -0.018141038321888986
7.365999373751244         -0.01802208786623499
7.400384906981698         -0.016955831330983124
7.4021901170266995        -0.016900365161724
7.402538742349319         -0.016889622851011914
7.403238933608502         -0.016868051971436572
7.417830359100026         -0.01641985438102108
7.434546789372424         -0.015910720421962503
7.453924526031706         -0.015324378765735672
7.478659466937652         -0.014581939001832658
7.485861385510783         -0.014367110898469142
7.491976564970873         -0.014185153151788081
7.509604257524746         -0.0136629712287395
7.535546690462965         -0.012900780533336527
7.536011254926235         -0.01288719994001043
7.538014940862251         -0.012828653826862008
7.564818750494574         -0.012049769621099566
7.569441285255028         -0.0119157523980891
7.577531709006404         -0.011681675739565833
7.585237286234849         -0.011459304224519053
7.595215159360175         -0.011173141910455854
7.607445006863476         -0.010823265002083653
7.622114685953272         -0.01040485428262123
7.646510012976703         -0.009712104632796367
7.673203251065724         -0.008958476688098476
7.6752269438229375        -0.008901515301526384
7.69765708249233          -0.00827205523695838
7.707563103340559         -0.007995163013142369
7.738499562314963         -0.00713514525564186
7.738958844752581         -0.007122429210819285
7.745312414200196         -0.0069466748433273
7.746671460792882         -0.006909118118024871
7.750730078289118         -0.006796677718453266
7.751996258395382         -0.006761614788404946
7.758114231622075         -0.00659230013831689
7.763576334735833         -0.006441262997828414
7.772191745256055         -0.006203318302851917
7.796498359025454         -0.0055339008305111
7.799931381433002         -0.0054397954976224995
7.808819494151298         -0.005196294813062623
7.8355643631210095        -0.0044647918496994055
7.839109687367866         -0.004367958971461968
7.844272907436198         -0.00422699363106147
7.8484576825106585        -0.0041128000849978644
7.854162137188069         -0.00395722208526154
7.872429092379916         -0.0034596808264603877
7.883666041850443         -0.0031541131513232504
7.891077330637805         -0.0029527837569704907
7.893951945165027         -0.0028747053357712025
7.916633235919198         -0.002258893119598777
7.9346740324775           -0.0017693805742072402
7.936067244443943         -0.001731588977065341
7.9448105383325185        -0.0014944594015209528
7.953202535673947         -0.0012669397238965156
7.969643750048375         -8.214186371642535E-4
7.978371338728959         -5.851008513746579E-4
7.982767662979938         -4.661086455385181E-4
7.988321916951375         -3.1582107606248995E-4
8                         2.5848758884364357E-17
