0                         0
0.0018296548035661143     1.5848221073340804E-4
0.010449581265118912      9.054576319694741E-4
0.060204549683112424      0.005226731792611363
0.06738855306595037       0.005851972445734654
0.08776677192633495       0.007626256123197286
0.10098872827188511       0.008778372130916992
0.1038136197113014        0.009024616485696173
0.11283126404216805       0.009810899032077975
0.1494610590792027        0.01300821940552815
0.15093379750835467       0.013136886054614438
0.15585451382488763       0.013566851830894124
0.16034823586318286       0.013959594185600712
0.16203650129453212       0.014107488700475292
0.1664817244908902        0.014497084032034847
0.16742229989174856       0.014579554238445506
0.17154510054726213       0.014941187235972729
0.18653497852118972       0.016257998055126278
0.20427116366027254       0.01782005008973352
0.22074982217254185       0.019275223004369985
0.22493426874592576       0.019645477932007334
0.23294397535838723       0.02035508409055169
0.2546009945658959        0.02227952874965885
0.2858386333741954        0.025070168357906583
0.29119403558965484       0.02555036001431798
0.2955641937914751        0.025942592105159493
0.31370774466005114       0.0275759036716329
0.31840309185725907       0.027999551822450834
0.33570810442550364       0.02956557392966335
0.3552792260318054        0.03134546185973083
0.37239026150794097       0.032909266059174214
0.38315481782020155       0.03389671181539186
0.38508842725883713       0.034074383314593115
0.3994362139776469        0.03539661736251344
0.3998540150457898        0.03543522106195223
0.41563607373677997       0.0368976202024794
0.44362661638043177       0.039511311165950844
0.4581105950986698        0.04087384720159129
0.47834823274479166       0.04278977855353043
0.4798609360162596        0.04293351704373404
0.49255175379823596       0.04414342762057507
0.4932552351832184        0.04421068121126566
0.4967987097866232        0.0445497374451462
0.4994036882602683        0.04479930920255301
0.5112955626382769        0.04594201135399629
0.5261752648348025        0.04737895735064624
0.5348945344357536        0.04822498550004768
0.5381006219037776        0.04853681457294887
0.5597460654956357        0.05065224691263304
0.5607684192453849        0.050752703728790295
0.5765862572850744        0.052313189186587825
0.5856305452467002        0.0532098422571925
0.5856363251869158        0.05321041651519313
0.5935075455324216        0.05399391250486527
0.6036991265771494        0.05501271565748883
0.6037266544520732        0.05501547411833205
0.6316223236220457        0.05782915415915296
0.6415290295793542        0.05883721718122882
0.6451697191569443        0.059208840609740646
0.6473843966133088        0.05943520955920672
0.6529912651414036        0.06000933862047761
0.6618839623278048        0.06092296802748049
0.6756672665544523        0.06234960023703851
0.6796302888508715        0.06276190922744601
0.6917012050867337        0.0640235867115442
0.6919884753214056        0.0640537197572542
0.7019828141619218        0.06510516604902893
0.7023699881601233        0.06514601947234445
0.7111274695284817        0.06607104544262925
0.7441965887565192        0.0696065631035321
0.7565190735089028        0.07094211582529168
0.7597771044658193        0.07129687666907424
0.7643504148180402        0.07179601600960443
0.7708696308780909        0.07250987758519019
0.8075057730666414        0.07657279362815089
0.8090084625941866        0.07674142176154497
0.8126587548506183        0.07715167077808062
0.8213105013141083        0.0781275436953082
0.825197527657005         0.07856759257850353
0.83194604738957          0.07933396418492633
0.8366724994322068        0.07987250082942773
0.8427101893940139        0.0805640522668806
0.8441216000586933        0.08072613751556554
0.864852213935256         0.08312531701857831
0.8777546504192003        0.08463316485589441
0.8820293657920387        0.08513586634319416
0.8950788763367408        0.08668012670047306
0.90672340758432          0.08807022945976627
0.9131831958958023        0.08884636205925162
0.918958377584318         0.08954324610149378
0.9291048592504885        0.09077448163098135
0.9370787710580236        0.09174823084650742
0.9376064576681991        0.09181286112523607
0.9492128705115652        0.09324038837600368
0.9580996283100038        0.094341159573772
0.9584061882106377        0.09437925194995188
0.9759079125493795        0.09656723134723949
0.9795720312743206        0.09702986982595414
0.9852425451273281        0.0977483423747475
1.0142610223971757        0.10146352943195466
1.0190347068790264        0.10208400129678083
1.022288547870284         0.10250835698433543
1.0226786837788173        0.1025593150763017
1.0233962526708904        0.10265308473545891
1.024558467902849         0.10280507894140806
1.0307116057160572        0.10361224790315432
1.0437374729447606        0.10533465288709183
1.0683335206887277        0.10863761566472771
1.073607382683723         0.10935445436570462
1.076201030899829         0.10970816529728807
1.0992884463749122        0.11289069258002137
1.102258191574918         0.11330449507315168
1.1036190641705366        0.11349445580898777
1.1039253112417917        0.11353726241507552
1.1207421671031579        0.11590429416250253
1.123586367935382         0.11630781125919414
1.1339873623186643        0.11779128655859483
1.1436152345133088        0.11917547878902934
1.1566582967683419        0.12107177107558817
1.1794647347424845        0.12444142534265985
1.181098422527139         0.12468543483167857
1.1943375950935644        0.12667583222177334
1.1965032893668188        0.12700362513634356
1.1966103326447888        0.12701985390388995
1.2057483264103728        0.12841138014681686
1.2062717146246411        0.12849144762019116
1.2368179335754446        0.1332331387024436
1.2375185703142584        0.1333434846525444
1.2383068333538145        0.1334674991421771
1.2498228215167608        0.1352908997473502
1.2686577756262813        0.13832009194281258
1.2800890783551995        0.14018413689044879
1.287188022588944         0.14135213034220914
1.2876967751541732        0.14143614182621655
1.291627825065165         0.1420866655876984
1.2950181485719112        0.1426496713167004
1.3049894735777121        0.14431607276299863
1.32343530066285          0.14744018666566017
1.3420345127238482        0.15065681604923176
1.3486435775511976        0.15181384078877735
1.3546119017191462        0.1528650121923999
1.363317527142125         0.1544090441142003
1.3646236917012589        0.15464180656879928
1.3671419654289276        0.15509138122596622
1.3701878118792308        0.15563656734597842
1.4069997583183969        0.16237874884378534
1.4177652716903923        0.16440324303233328
1.4179789090399837        0.16444365996851387
1.4216442198572545        0.16513854577136639
1.421870438960075         0.1651815240841489
1.4255667152235338        0.16588506029477448
1.4570228236573424        0.17198962333827109
1.4579232665850468        0.17216642747126146
1.4646530745207533        0.17349475131174605
1.4800918002795083        0.17658808909539342
1.4922981238971214        0.1790791833928944
1.5136036515044662        0.18352334097980466
1.5259241243323103        0.18614301185910567
1.526916484669983         0.18635565856840855
1.5278329895397573        0.18655226834268615
1.5328915491586999        0.18764213047871908
1.5440945422561103        0.19007662374259027
1.5879626095850816        0.19988555234291486
1.602900133853342         0.20336159932173495
1.6152094756320365        0.20626630993964606
1.6249469947449156        0.20859731704978285
1.634909580286017         0.2110125396968008
1.6514367180951148        0.21507521976382946
1.654507168594338         0.2158401964090024
1.6607892797757768        0.21741529271999643
1.6689311850839204        0.2194766018150358
1.6806323916204398        0.22247839672636757
1.690242437224555         0.2249784552077579
1.7085369281179787        0.22982433183611103
1.7206536956680636        0.23309631911298834
1.7248365250968138        0.2342411066155367
1.736929577381271         0.23758857217485801
1.741688885636941         0.238921374526484
1.7697034604190616        0.24694270556112294
1.781039520103605         0.25027408254363603
1.8052402516161545        0.25755100346377957
1.8079438665567475        0.2583779047671134
1.817438568403597         0.2613098895292655
1.834189099428181         0.2665798479372275
1.8398591578990722        0.2683948616596577
1.8411472906591728        0.268809394266908
1.8518430711945768        0.2722827808776989
1.8536250301557058        0.2728669057397192
1.8658226169878476        0.2769070233854704
1.8696347187708038        0.27818462367705077
1.8750927801358293        0.2800262468820398
1.8785624957101643        0.28120456136894634
1.8830289977184809        0.28273181224547
1.9080287066023058        0.29145422365255264
1.9314899348322028        0.29985897879427503
1.9340500148898523        0.3007993958866134
1.9532900092541143        0.308013656091938
1.9544757688457912        0.3084667393701564
1.9848565052551717        0.3204106683084188
1.9851419011436189        0.3205257984214509
1.9853636887057582        0.3206153033852498
1.9967293472169985        0.32524274946412585
2.004754677718161         0.32855829927604263
2.042310608566314         0.3447091848136853
2.05909858971316          0.35221201796764917
2.0663996977250365        0.35552959814735224
2.0717999263810807        0.3580047200437471
2.092927657099521         0.36786229892251
2.094977416176932         0.36884290588671204
2.1004485343877053        0.37147447065374517
2.1045589512229466        0.3734751980723565
2.1055639653730447        0.3739667269199802
2.1199241197641117        0.38108459175065573
2.139335562751461         0.3910067762159234
2.147247885178363         0.3951502909754273
2.1563843860244813        0.4000062977527415
2.1588581067792036        0.40133423632431464
2.168778412946116         0.4066473965785948
2.16907875637295          0.4068101337110542
2.1729731138722705        0.4089302334886639
2.1949192877561887        0.42122472250607396
2.1956782099302927        0.42166042048913804
2.2122748877579927        0.4313648031139642
2.2150515869746386        0.4330132583145187
2.2324101891945505        0.4434724814342294
2.2501377879813007        0.4544278526917071
2.2568308542618283        0.4586360135277022
2.2576746257149516        0.459169321158125
2.2584270023477666        0.4596511411043066
2.2624159109938646        0.462219629260985
2.2764135035819137        0.4714191804245777
2.304324866316878         0.49062920774077395
2.325539147151486         0.5060015286827375
2.33076169237341          0.5098881148893496
2.3347465426794223        0.5128807796526313
2.3509751069188045        0.5253114639609306
2.351348044166022         0.5256017085422215
2.376229305384322         0.5454293545799492
2.3857032643314766        0.5532198041631462
2.3964956972293296        0.5622303265631976
2.3970551183070934        0.5627059788470827
2.397431093292229         0.5630209674597964
2.3979842839242114        0.5634770754931192
2.438985471026364         0.599643111458412
2.4436969770125523        0.6040266444415551
2.445218043061586         0.6054509259578975
2.478747257166399         0.6379745941233649
2.483553482038117         0.6428135110810174
2.4851146720659005        0.6443948609314453
2.4865314285367472        0.6458339613182998
2.490863115522562         0.6502578621457686
2.500007057170781         0.6597147217940362
2.526532367119249         0.6880558129614965
2.5274781102573765        0.6891083286841311
2.537727150432314         0.7006696002249292
2.543974479472375         0.7078561484936656
2.5601387243751126        0.7259083078316632
2.5770780972160834        0.7467206523794032
2.6127229501642257        0.7929477628762869
2.630057992721033         0.8166211384487833
2.6564794296037935        0.8542036136959594
2.6639727385067427        0.8651920844662998
2.6762059801256384        0.883444552854146
2.680110932495677         0.8892548265176479
2.7238484084128745        0.956323823768153
2.7280225212900864        0.9632635134062689
2.7350469330458234        0.9750381731708909
2.7615090476665047        1.0204788521381405
2.770429481576748         1.036081730928942
2.7743801219099025        1.0431139627058967
2.792645909330374         1.0766019195287493
2.7958590110053545        1.082495954870874
2.796205243911898         1.083132018008825
2.81368505711396          1.1154822802159232
2.8145582000591434        1.1171104727772265
2.8291221727356417        1.1444404713260956
2.839684141437157         1.1644121891282433
2.84396726239643          1.172561282349419
2.84793413905138          1.1801344753731087
2.8503043160570836        1.1846712330192453
2.864286458799516         1.2116146289988723
2.8935922552701325        1.2690861245196796
2.9178267977468697        1.3176348347215094
2.9210267216199965        1.3243101276743883
2.9246427325120874        1.3319065504769538
2.943673198909972         1.3728144739315487
2.961266961974105         1.4095655270331646
2.9780011203185595        1.4431207218219901
2.987377615547008         1.4613256112096573
2.9892351898783134        1.464881308325335
3.0235479512013916        1.5275361984748526
3.0258144591496907        1.5308949695424383
3.0330416549710595        1.543619568982566
3.035799528068087         1.5484323399874218
3.0651418218954447        1.598170558265385
3.0703446593647374        1.6067099538506062
3.072489397843367         1.6102055586278619
3.0771420562816125        1.614986227652781
3.077956532836462         1.6161835456523914
3.0861884561750306        1.627928241913809
3.113036270703594         1.6617226581500608
3.122771467057726         1.6722712837668265
3.131212093659688         1.6806825138648305
3.1644404113458675        1.712103780087365
3.1645457318459096        1.7121815429235716
3.164606195732296         1.7122261237852758
3.1647411848833777        1.7123254890988675
3.1650094744259967        1.7124938318403
3.2023201043182463        1.7301772237750987
3.211439506730919         1.7327696518260072
3.212648179135586         1.7330622522970258
3.220260928155555         1.734630837964688
3.236065214555219         1.733519189308623
3.2458679550677756        1.731205451473175
3.2520211247890662        1.7291178469247395
3.25865497723793          1.7263182818680476
3.259004338439874         1.7261550613229677
3.261052208952801         1.7251665368304931
3.2906012219116074        1.7048617150836134
3.2969889497676856        1.6986065784728395
3.2984794948236758        1.6970660925711405
3.3058683466844787        1.6889777921144757
3.3146411819738812        1.6813929015716695
3.353964700656602         1.6240581851937743
3.3726949309637364        1.5913283650329444
3.3802602788753995        1.5777290326432658
3.3959842664767543        1.5475926219922864
3.4000626391202164        1.5393633771915547
3.407479194170346         1.523962792156446
3.415420302720742         1.5068497754487025
3.435689161089927         1.4602488060719698
3.437660586215525         1.4554921768648474
3.4444020418138686        1.4389263361002052
3.4622951522839447        1.3949678705613497
3.463957396348209         1.390855645113508
3.4661573504925833        1.3854057167028415
3.468230768713487         1.380261473132172
3.4703220789525964        1.3750651894862511
3.498883655865937         1.303329281789632
3.5228972331901742        1.2419074496469191
3.5244882095924503        1.2377083600790024
3.5285847895371694        1.2269431347347748
3.559001907456884         1.1454771645551476
3.5599014347975553        1.1430267996686951
3.5610941902601594        1.1397740173627395
3.5655200372619333        1.127667880312062
3.567301690305095         1.1227783153262894
3.56966292449514          1.1162838535691622
3.5740202183307073        1.1042565446009212
3.596528799537225         1.041243075434789
3.6115830277081287        0.9982719324657039
3.6232521312259474        0.9645076639272222
3.637198354401428         0.9253863288314909
3.6903041266947603        0.7789099673519269
3.697559592282265         0.759186484216675
3.702972060994862         0.7445182353243882
3.708015225457579         0.7308855733278774
3.7515412445063587        0.61461904762713
3.7618373892004113        0.5874375266822021
3.7681452845740524        0.5708545751636277
3.776506885352622         0.5489538768386618
3.7781859131250557        0.5445704921650446
3.7798401044549164        0.54025663191142
3.784599230703871         0.5278715419567166
3.803122347591985         0.48003363043619224
3.808196160986561         0.4670462579019202
3.8472094004748336        0.3687013043560995
3.847831002472719         0.36712057519962593
3.849256042887092         0.3634995734396391
3.8680247647277315        0.31662972232118247
3.8705202925415896        0.3105599049557975
3.895162589836416         0.25078425957299366
3.9169308439011865        0.19822391373490106
3.9326159875350184        0.16049315989228155
3.9449945907579638        0.130800094701098
3.9453479277774806        0.12995361553605972
3.959462005587729         0.09619017520924297
3.9597608002360807        0.09547644262982828
3.980774648268664         0.045388542381676646
3.995533265718546         0.010337719100387761
4.0159459023958775        -0.03812233622163462
4.023685353451857         -0.05653067008891992
4.032161376439977         -0.0767128369057864
4.040941059263041         -0.09764217575562958
4.057245126698526         -0.13657356660329426
4.065976926524862         -0.15745846663260465
4.076495038113636         -0.1829552067669743
4.092893714748083         -0.22276897047176655
4.101313004104587         -0.2432696143381025
4.114194338525224         -0.27471362645392644
4.118607708805365         -0.2855087210476212
4.134321367293902         -0.3240347368252893
4.155950664332791         -0.3773054410526305
4.162216917639169         -0.39285889866096085
4.163765410145747         -0.39672875683895337
4.166836977182574         -0.4044216142183163
4.199581247468948         -0.48780799952267706
4.205749287750833         -0.503797330648277
4.206408898288729         -0.5055125188169385
4.211215736422408         -0.5178251640185862
4.214371834431459         -0.5259354568153284
4.22383568267963          -0.550378442151625
4.237466086044774         -0.5859082846578316
4.2536812033170195        -0.6286225753503041
4.257144242513744         -0.6378254160225592
4.271752554702339         -0.6769577265345643
4.282180439438949         -0.7051996958257726
4.30859558117924          -0.7771583790973232
4.323335827208171         -0.8174881841278347
4.354557599301378         -0.9033265117541224
4.35543038471186          -0.9057341607604947
4.360014850852384         -0.9183880075139813
4.375239043242862         -0.960517307044259
4.37640601677581          -0.9637349698320076
4.377849258858678         -0.9676762111076229
4.396060736440464         -1.0176764756708072
4.416552155885859         -1.07428410852372
4.416697933528957         -1.0746881388600338
4.417070297332858         -1.075720249140278
4.425559910000958         -1.0992845666328845
4.447157589322199         -1.1595173773986354
4.4566097640835665        -1.1860068019457928
4.472089169471136         -1.2295565523067202
4.472960700765962         -1.2319212274835198
4.473064795935354         -1.2322036268126328
4.4740668488137505        -1.2349216983299671
4.494689078339263         -1.2907013071621205
4.505120417308381         -1.319031333779526
4.513435480062239         -1.341211272382615
4.524027166674639         -1.3689467746088828
4.535772851604486         -1.399026533095474
4.545520453836359         -1.4234482664394785
4.547592598517616         -1.4285765810512068
4.55893000363991          -1.4562426807259305
4.574980989943035         -1.4935990170255682
4.5818217183164585        -1.5090283479622715
4.583781164204721         -1.5133937798284172
4.588675844447721         -1.523010289011728
4.626002443589136         -1.5904379378844966
4.628929312907676         -1.5952834795701696
4.647421569002034         -1.6244134049009447
4.659500948912877         -1.6420572137069718
4.687809948235773         -1.6836337461856674
4.709275901169567         -1.7091225797362248
4.713223608910577         -1.712994452886132
4.736303325356186         -1.7305593351530442
4.744537720755348         -1.7347297587315054
4.771953302325401         -1.7406686211601903
4.772921638128381         -1.7406549266221758
4.7833275421708015        -1.739405953275931
4.8185968610797385        -1.7262449041408223
4.8231203143536945        -1.7235593704624375
4.825891347853243         -1.7218022103124089
4.828548720625507         -1.7200371790528612
4.86318305416059          -1.6898750698026226
4.870628694047719         -1.681654478245018
4.8733189905790075        -1.678533048609383
4.876958891209694         -1.6741821408491886
4.8883198244907256        -1.661211449051999
4.916925346575009         -1.6236796267848619
4.926136539095625         -1.6093131711915472
4.93455568174019          -1.594533960822421
4.965480483992548         -1.5428256736166066
4.970470197054242         -1.534257095101105
4.997199178108849         -1.487290171127902
5.000848570791645         -1.4807381532651156
5.006459331829939         -1.470599383661656
5.007949348075185         -1.4679467651709204
5.038901104501678         -1.4103679345640008
5.048241581039397         -1.3920638279141508
5.056720285160045         -1.3750758610652938
5.062835560765789         -1.3626031502816212
5.070860985289279         -1.3459545988159975
5.092982255655314         -1.2984197340471693
5.094087147823638         -1.2959903369033132
5.094527440045382         -1.2951036065355588
5.108661167365293         -1.2668264659727897
5.122362487169837         -1.240760829328184
5.139612573561154         -1.2057362639398612
5.1466069818579445        -1.1918297027422664
5.15512238070738          -1.1751287124114873
5.178232997147433         -1.1308126183358276
5.179499801100146         -1.1284092396298124
5.179802980518302         -1.1278344457127318
5.180152413639982         -1.1271721505166092
5.20760386018885          -1.075779858754089
5.2140015958969           -1.0639834755429514
5.2253899071115           -1.0438386175621175
5.245047118450287         -1.0098300673778025
5.261555725452116         -0.9820155393519825
5.2694662492199615        -0.9689290742359452
5.296285393383306         -0.9257267341966617
5.314832196149653         -0.8966669170622962
5.3202346915448455        -0.8885470831521862
5.324511439117812         -0.882083527524213
5.33419722334383          -0.8676010362012488
5.3367382064796445        -0.8638374870428476
5.337006988775677         -0.86344025357689
5.367873354320275         -0.8189305307129895
5.396142968185035         -0.7817444792796676
5.397899097118815         -0.779476427440794
5.400178044304549         -0.7765404723131943
5.405810370643321         -0.7693198464010657
5.408580848589359         -0.7657866326192649
5.41410084860663          -0.7587833582376052
5.415474046896052         -0.7570396754833977
5.420824424669895         -0.7503083069159465
5.427261159027561         -0.7423420476425875
5.429466286686429         -0.7396460488168106
5.458044215333048         -0.7062355327244757
5.474500042756024         -0.6875370550467906
5.478927280313733         -0.6826353572166475
5.489844865987244         -0.6707813139555335
5.497216879104146         -0.6628975277411359
5.5236534851197945        -0.6359383272419322
5.523992845596157         -0.6356056035898275
5.539385390333117         -0.6205427592732817
5.558230855479725         -0.6027231599939886
5.558447828160035         -0.6025219868018371
5.576601399673865         -0.586011909787304
5.5787070644101755        -0.5841380137080966
5.5812396574949865        -0.5818955085321026
5.5871046577833905        -0.57676981049264
5.625954764461476         -0.5439251104319166
5.629738626547537         -0.5408290671165878
5.63233977384936          -0.5387486667897157
5.6454739965941965        -0.5283988174744543
5.652367443503761         -0.5230702242561214
5.6623136678196815        -0.5155073992916566
5.674051200251076         -0.506773291582169
5.679710729378137         -0.5026357371745358
5.684839563604463         -0.4989276370644864
5.708449521686909         -0.48236645576098264
5.712954053033252         -0.4792963033447401
5.719030736762618         -0.47520424773027997
5.732169205244954         -0.4665105691334103
5.767929672102209         -0.4437669964855455
5.785777796012853         -0.4329184850849116
5.791603178896252         -0.42945015694270494
5.801248671446726         -0.42378582909377727
5.809383027873967         -0.4190995340770778
5.814270187662949         -0.41632459307544123
5.819081846623623         -0.41362229983329973
5.824115025830407         -0.4108310593868208
5.8617780880158055        -0.3906776717794712
5.866977094189519         -0.38799732361904965
5.871956389561786         -0.38545335981356993
5.882866196872219         -0.3799585007617563
5.889320277536416         -0.3767589308035981
5.9173511330071396        -0.3633036372134505
5.923625663885822         -0.3603899168626996
5.9367649201148005        -0.35430840789246476
5.950655372377954         -0.34803315955371056
5.956206699428831         -0.345569507820172
5.962560484505355         -0.34279262024068025
5.970153782177073         -0.3395055074581515
5.984863559827286         -0.33323526721922
5.990224401771163         -0.3309821364072684
5.998845971111394         -0.3273943937414098
6.01950894589303          -0.3190364259334265
6.0475441003283885        -0.30809360772922256
6.055292604704479         -0.305149825201639
6.057287194663288         -0.30439770087198065
6.057903993036196         -0.30416558571298796
6.059493374477027         -0.30356848552819227
6.067766725693998         -0.30048408079614597
6.077634683358037         -0.2968572597905932
6.084611327795278         -0.2943272814851198
6.11122409804857          -0.2849546705258718
6.124005619866186         -0.28060077384417703
6.127386750382001         -0.27946650874625223
6.154961106756989         -0.2703787162983033
6.173449227435141         -0.2644476908291225
6.176312553430591         -0.26354077292247485
6.187185332624091         -0.26012744701937285
6.188166270930064         -0.25982272817340835
6.1958308720786395        -0.25745625415755014
6.204813032091748         -0.25471560524700876
6.228506164915174         -0.24765525127200969
6.236363204557377         -0.24536800975594728
6.241844410593151         -0.2437883433405171
6.250936789983334         -0.2411968616012782
6.255453013542072         -0.23992307212208222
6.2763609331638           -0.23414203438347775
6.284560138184689         -0.23192702986343772
6.297478129330365         -0.2284722500590267
6.29901475314177          -0.22806470760089476
6.32001489983388          -0.2225677484756143
6.340020171210159         -0.21745719444979472
6.340679744117103         -0.2172909129338186
6.342599100576173         -0.21680786037197888
6.351784170192536         -0.2145132449399903
6.353351267914874         -0.21412456572118066
6.367515884771454         -0.2106485945110555
6.36945018312297          -0.2101791206202548
6.374204538005556         -0.209030499942215
6.381119476390171         -0.20738378308661437
6.382536037305933         -0.2070445589142738
6.388988692704764         -0.205507624245047
6.4164487518024425        -0.199114460343624
6.418561847088787         -0.19863052479686863
6.432310549179127         -0.19550985106070834
6.433307933657158         -0.19528535478278047
6.437390913712013         -0.19436900223437403
6.443621386467422         -0.19297801348582289
6.445960949257261         -0.19245880426139778
6.448272867314755         -0.19194714303469218
6.475512174815788         -0.18602282984200627
6.501489404032618         -0.1805619508439813
6.5086621140180725        -0.17908661677132023
6.509029060510842         -0.17901151873752894
6.516476153305368         -0.17749537521996148
6.52239550556812          -0.17630184029378973
6.541889616274622         -0.17241883494419807
6.547226274540633         -0.17136633255206157
6.557774216074215         -0.1693022828679963
6.577131433356743         -0.16557047934985064
6.58374877561028          -0.1643150056461011
6.589068866266241         -0.16331198750932435
6.61652557711073          -0.1582252305815401
6.624881251003275         -0.15670706811095864
6.6542623805556795        -0.15147933555395124
6.659743498738091         -0.15052315010263767
6.662914840661132         -0.149972284460957
6.665161559944896         -0.14958321084579648
6.669686715954439         -0.14880255165907838
6.670398341549954         -0.14868014775547045
6.670904943338396         -0.14859312135648778
6.679160276266621         -0.14718040288186401
6.724799191466593         -0.13955464211201302
6.744928869666264         -0.13629436190318261
6.755227870321875         -0.1346504625168212
6.763860161536296         -0.13328520093783325
6.784119314226912         -0.13012620021592886
6.795611565689403         -0.12836219362518714
6.817642888929898         -0.1250391796600873
6.8290375927890725        -0.1233451002093868
6.8406243558399655        -0.12163857351813406
6.846201942590179         -0.12082288377179207
6.851977661325627         -0.11998218475369912
6.871281703484181         -0.11720162168717385
6.877425401348402         -0.11632613746073994
6.884779819184768         -0.11528218821748404
6.886352834067035         -0.11505970643514403
6.8864306234679935        -0.1150487115369171
6.888290203232771         -0.11478608172292074
6.888357677224582         -0.1147765597794645
6.896036580934793         -0.11370114766219368
6.896572955571221         -0.11362626900570404
6.929193720017147         -0.10913111011336457
6.943215565126048         -0.10723441405175654
6.962971118202059         -0.10459837801883289
6.970592537491384         -0.10359276430194574
6.975724501041826         -0.10291942906240928
6.985759478323841         -0.10161091326962161
6.986176620882671         -0.10155675224311826
6.986271889657248         -0.1015443853227389
6.986474477062482         -0.10151809049746098
7.00311455041026          -0.0993732367601436
7.015711712384728         -0.09776914031903526
7.038532653614373         -0.09489897285578784
7.041589825973576         -0.0945177110005433
7.061718706147053         -0.09202651411860041
7.061772913896552         -0.09201985105315674
7.061777096121341         -0.09201933699591364
7.076271935266052         -0.09024645814726241
7.080695108556894         -0.08970930222163664
7.106270432920159         -0.08663764050897428
7.113584839680838         -0.08577000343898063
7.122815625413005         -0.08468192787903996
7.125457986466033         -0.0843718744268945
7.144167258668181         -0.0821945401645974
7.150248821794217         -0.08149357907048811
7.150286547336603         -0.08148924122767402
7.150313162365326         -0.0814861774744555
7.150407271594507         -0.0814753445885047
7.169534248290666         -0.07928565993232455
7.196725450477622         -0.07621393479231099
7.215955770275749         -0.07407070871725004
7.225517173312408         -0.07301426106938715
7.228426895524457         -0.07269398578509001
7.237393619807206         -0.0717105992357193
7.247414623367829         -0.07061799906231367
7.253689815289366         -0.06993725344495189
7.259147008654942         -0.06934768512791009
7.276772798284952         -0.0674574804778024
7.280885029186866         -0.06701901687559927
7.292402866086974         -0.0657957151570438
7.302419712129609         -0.06473566276316906
7.326657403373568         -0.06220244101255566
7.333740563041103         -0.06146766764888677
7.368748481095621         -0.05787283410873395
7.376053315609597         -0.05713046952286579
7.377964357817841         -0.05693670795710169
7.378204564653            -0.05691236649108023
7.386614282394458         -0.05606202647000535
7.390953369516066         -0.05562470041878993
7.4106866451144215        -0.05364799361427583
7.440832442911505         -0.050666749312349095
7.442256634327748         -0.05052705620870509
7.442840607693231         -0.050469698077709124
7.444573409140847         -0.05029957149374413
7.4531430769410205        -0.049459739560936695
7.457942363205351         -0.04899063833333049
7.4736477879625225        -0.047462039654925
7.500455090572333         -0.04487594668634444
7.505696170871644         -0.04437373751928854
7.516830625666908         -0.04331050208961548
7.516957473119884         -0.04329841823824927
7.51699208920794          -0.04329512109176954
7.517106825542618         -0.04328419286369555
7.56064333841784          -0.03916952166073722
7.562097770250526         -0.03903307553253216
7.565138295695407         -0.03874804922351799
7.569770967974268         -0.038314337320918435
7.57385517066628          -0.0379325402890739
7.5761825675372405        -0.03771520960875499
7.583782005820502         -0.03700678090119125
7.588170957156208         -0.03659847562672625
7.606130683091641         -0.034934070298268546
7.618370020494592         -0.0338056848481221
7.6266139413734955        -0.03304785579503531
7.631333531606573         -0.032614802448812
7.6485489653893275        -0.031040103635782756
7.6499007180741225        -0.03091688821096736
7.6568562421634985        -0.030283509283995674
7.676782529893915         -0.02847486779348222
7.700781718366309         -0.026308098666243437
7.716274783988524         -0.024916012775947582
7.728879115373415         -0.023787368119723474
7.752447858696362         -0.021682772250815746
7.753516477063705         -0.021587584423379578
7.753808746272005         -0.021561550690714214
7.754766869371046         -0.021476216254435566
7.767365991843941         -0.020355496917661895
7.779422578888236         -0.01928549291687036
7.801587680414176         -0.01732463945696006
7.808762760915206         -0.016692073129190584
7.811252272023413         -0.016472752366133887
7.820556605425534         -0.01565378248373425
7.845353358460246         -0.013476733885831564
7.8502984791449535        -0.013043541977988687
7.853445646671903         -0.012768018227644732
7.859683240762638         -0.012222323672134322
7.868441796364458         -0.011456243402856139
7.872725579896154         -0.01108171317700996
7.895811400506632         -0.009065104694779856
7.906546316562935         -0.008128403483883329
7.912029502609733         -0.007650205209867833
7.91864995218771          -0.007073533910505491
7.936924436662926         -0.005482462734439591
7.938637339682654         -0.005333382689178797
7.9470890585294836        -0.0045979354108714905
7.957574782264186         -0.0036858082517347898
7.960852565848161         -0.0034007533294724062
7.977829800881476         -0.0019248592115776691
7.9804491184604895        -0.0016973194016582473
7.994570365101002         -4.7118832286302954E-4
8                         -1.1851784839289634E-17
