0                         0
0.008182479504361387      4.5684090857086174E-4
0.030045884581365943      0.0016787780288361836
0.04355792008308901       0.002434909778551352
0.04689528698053547       0.0026217409663914773
0.047021912775002596      0.002628830704483965
0.0779445654960784        0.004360838837108668
0.07858393488732186       0.004396664386868928
0.09699429942736677       0.005428486141800606
0.10565945294218648       0.00591429166578212
0.1119556656303013        0.006267348864286507
0.1202106249622645        0.0067303242671379266
0.1633492767936179        0.0091548407978074
0.1637667184338339        0.009178383998500395
0.1643053438539002        0.009208777634733253
0.1841407923539236        0.010329682326878184
0.1964140510452136        0.011024832896811358
0.20916081685749593       0.011748086635089831
0.2428644766728697        0.01366674112295853
0.29290898473890603       0.01654170600468717
0.2941144157703985        0.01661125396010505
0.2949671222258927        0.016660504351522658
0.30295294829050684       0.01712223008744753
0.30411745937937934       0.01718963281690866
0.3072498189546305        0.017371022179500897
0.3217117244572988        0.018210422703791668
0.35910234394560403       0.02039541766660138
0.3667063463550596        0.020841904169502788
0.3801295152477817        0.021632220113200124
0.4050324786251543        0.0231056808320802
0.4160841473761428        0.023762604860542172
0.42272815775291767       0.02415842549680534
0.42301469783798484       0.024175511365408783
0.43322349030378143       0.024786564723342838
0.44969078936335627       0.02577675189162288
0.4587746123065156        0.026325358837856954
0.46140252157143735       0.026484385554260217
0.4624666121140624        0.026548818989998724
0.4955636489445517        0.02856448989391213
0.5033179109264119        0.029039432358048168
0.5103444178736071        0.02947121741777515
0.518031389594327         0.029945131779056798
0.5311486724736632        0.030757557058130262
0.5367116666368423        0.031103521654781318
0.5434895318018694        0.03152618075619175
0.5583483287257444        0.03245714299809994
0.563641794921265         0.0327902550080499
0.5644766804545595        0.03284286324590505
0.5647460065084771        0.0328598382157423
0.5675569046264728        0.033037123200786334
0.5810031698778699        0.03388800215824953
0.6143320555776348        0.036017129000751776
0.6232554682433422        0.036592032928332685
0.63090132276263          0.037086259797071176
0.6314575953691262        0.03712245596112489
0.6322185719464057        0.03717171420707446
0.6434145023030601        0.03789765031625968
0.6589699922049184        0.038914078089187634
0.7028640855921595        0.041831252358870495
0.7233689401485353        0.04321881014375747
0.7386918268460678        0.04426602344660533
0.7638907266413913        0.04600688574269336
0.7771163982939704        0.046931188559866034
0.7920427756132505        0.04798361865563851
0.8119603429023835        0.04940054135542989
0.8292364087666735        0.050641190720092454
0.8593328241865           0.052828340630758086
0.8624169365594794        0.05305432149694087
0.8635662168327077        0.05313886804668817
0.8776704113901544        0.0541821606399406
0.8859097225959959        0.054796520784467416
0.9065387599580321        0.056350550058123276
0.9110579744319506        0.056694014121856894
0.9122177935959599        0.056782177111287004
0.9143999112227065        0.056948245701374835
0.9255672544806145        0.05780213903277858
0.9805362222953744        0.06210304830027018
0.981980789578928         0.062218267020215594
0.9832485132491962        0.06231966205788755
1.0160647053150305        0.06497625869418387
1.0247833465017124        0.06568956014152737
1.0437540493722983        0.06726031694122607
1.0593326297437295        0.06856936944737024
1.0649001648077152        0.06904139496001634
1.0660092452628591        0.0691356883773576
1.0690211967269092        0.06939220471898516
1.07439123160304          0.06985115233161397
1.0811488670887834        0.07043160808897522
1.0923631829595886        0.07140205082626018
1.1248794628605574        0.07426283684716209
1.1390258784637017        0.07552918850212673
1.1510236374184655        0.07661353221927322
1.1524199746792716        0.07674114956670475
1.1894856500769757        0.08018033813526554
1.1947300597136408        0.08067545845010198
1.2378364699931135        0.08482043789686468
1.2436179450085252        0.08538960173231713
1.2454401099142074        0.08556963558904726
1.256424082658619         0.08666146261256605
1.2698208412013248        0.08800841933471377
1.2797843696421976        0.08902029212843707
1.2846855508080168        0.08952121705735236
1.2887470736741298        0.08993790984718739
1.2998691816724068        0.09108633824546095
1.3162345897463879        0.09279575861601672
1.3507099693270666        0.09647314615488442
1.3547583923942328        0.09691177066211971
1.3602386817485579        0.09751376534873427
1.3753065664379214        0.09918659318670076
1.3791788220843482        0.0996206725294199
1.4030026322214           0.10230272414471944
1.4099222216202867        0.10309586052346296
1.4270516878374362        0.10508665106919296
1.4330152737484358        0.10578889338026622
1.4695757755324903        0.11019740537526489
1.4797469325605506        0.11145544685435672
1.4825321885334335        0.11180234565083312
1.486851725412524         0.11234237614987122
1.500189918719668         0.11402557651938726
1.5010336120247765        0.11413284080617307
1.5047960944578593        0.11461309990984443
1.542588234970141         0.11952917720497339
1.545284138039922         0.1198858790297267
1.5454753456063384        0.11991131960623048
1.5625536622432408        0.12220112154572424
1.5839861134116107        0.12514432274184428
1.6279183203949694        0.13141948175927032
1.6284205900773827        0.13149310690743882
1.6506452443025543        0.13479350504093976
1.6531469369909155        0.13517022759687725
1.6579518125981785        0.13589674061358248
1.6728796519006086        0.13817872260076483
1.6755202397892963        0.13858629533701808
1.7075841049138747        0.14362917774472342
1.719826504626039         0.14559783330331316
1.7258188715411589        0.1465689888837539
1.7708393503293025        0.15418076308844633
1.7779352079114163        0.1554242386738081
1.7799684926994903        0.1557827469322442
1.8043234988074597        0.1601530538187846
1.812623011645465         0.16167439845106787
1.8513235232118324        0.16898360998034787
1.8715570743645848        0.1729461223065174
1.8784412832554378        0.1743179471019888
1.894233180300724         0.17750877383256441
1.8992252872708135        0.17853018826350875
1.9002032761262164        0.17873100721982713
1.905261432154402         0.17976664900194356
1.9519335175693522        0.18973269093270673
1.9834488893729945        0.1968807973301279
1.9972864437180782        0.2001259320114108
2.012331202214133         0.20372798013795237
2.0259722339961295        0.20706040768460396
2.03655786321671          0.2096993295667804
2.058389155912895         0.21525209044021415
2.0611538836755496        0.2159659010093153
2.1034775435696327        0.22738264481850737
2.1038939524138884        0.2274983930662181
2.104074786364251         0.22754867985011984
2.1043827204084034        0.22763358073526596
2.105060295719921         0.22782056482308463
2.12356784802811          0.23301775182515744
2.1487600145484964        0.2403705974059462
2.1658103501845365        0.24552930549613003
2.1749460250418284        0.2483459812475884
2.181187130060363         0.25029440689240556
2.1931134311367346        0.254072327529875
2.1952620436868364        0.2547605717858423
2.2088768260825025        0.25917576514383267
2.212643515726694         0.2604137846632226
2.2326044247671444        0.2671180966799998
2.256116451511685         0.275361422626006
2.2952219637373457        0.2894686560308616
2.3004185109584547        0.29143558555753873
2.3043580692822943        0.2929404388476993
2.3151881901950087        0.29713828419814114
2.329131022571826         0.3026741442831554
2.360442555766286         0.3156399482783929
2.374652437321715         0.32173793612472723
2.382700983325549         0.3252510821647515
2.4155234819265354        0.34002134198070794
2.4166994413259775        0.3405637439308432
2.432018079815937         0.3477416098940677
2.4575971250493884        0.360515070062896
2.4603606438809633        0.36192141307249615
2.480812235127032         0.3726421365818684
2.4870961779791596        0.3759850446920048
2.491957566708004         0.37858694705150725
2.5300452488848317        0.3995917517980013
2.54488770352837          0.4082088000791818
2.550843664829046         0.4116445376126122
2.564260472224726         0.41957479632014977
2.5773278500284307        0.4275524049330558
2.580197911317785         0.4293381281086162
2.610061970633467         0.44863640232016233
2.6396508599383712        0.4690473881503247
2.661236546891053         0.4847479845634631
2.668991514792007         0.4905981968951408
2.6757004135138067        0.4957130717121883
2.6822086990774308        0.5007226904136522
2.692540426724519         0.508771786002123
2.7335822766748548        0.5419150582814067
2.7470979002362643        0.5532383912899479
2.7802967174460957        0.5819120480998488
2.7829744029452854        0.5842780127015396
2.807170738928191         0.6068155883107023
2.816520562372302         0.6157151699156
2.8319467133003684        0.6306873732465985
2.852663624706402         0.6513606366036475
2.860837839100567         0.6596961421616248
2.878123164309444         0.677655186679842
2.8900256722644824        0.6899680408081198
2.892150851398964         0.6922017995605425
2.9130504229263945        0.7147391818359132
2.924455219483393         0.7274741383232137
2.9321026286997447        0.73618606500439
2.9468359974732135        0.7533609108194427
2.95176400489401          0.7592203137591577
2.965064068932344         0.7747079174310073
2.968105371345355         0.7782858863001931
2.981704389163469         0.7944505246817714
2.988943384866556         0.8031658646953431
3.0050981210969034        0.8228923885271952
3.008716352460626         0.8273751037136006
3.0103698413382354        0.8296723126386409
3.029315761563247         0.8548637822317925
3.0417244039977818        0.8706160380046424
3.0663797104903807        0.9011959069815558
3.0713971924791523        0.9073019235358969
3.08471594441646          0.9233180022880194
3.099442312357993         0.9407018084099674
3.100391239121876         0.9418725571324186
3.10081509313018          0.9423949969883189
3.13576380655317          0.9844216479488471
3.1392924641034856        0.9885469119527224
3.1562395624754878        1.0084602049245635
3.1635885845632883        1.0171474052912703
3.184669999702566         1.0422417458536264
3.1882541553461365        1.0465338571893272
3.189861696597715         1.048461351988671
3.194582860969766         1.0541308686953572
3.2202280333744526        1.085082790784038
3.229618537067976         1.0922518401038133
3.2416414299572           1.100921743427695
3.25889046353347          1.1205315280538122
3.264870307660297         1.1268455857210435
3.269954489124174         1.1319886664952563
3.286093899316681         1.1469433840012515
3.290925585228286         1.1510146536434034
3.3242106543716567        1.1739807759834433
3.32464716742777          1.1742230174925936
3.324766479300572         1.1742889636703533
3.3249969974607105        1.1744192685804968
3.3352225667042035        1.1799323252996476
3.337123204676222         1.1808994572067277
3.3378188966198437        1.181248944174753
3.3389246317819326        1.1817994430357903
3.344185976701633         1.1843351436284542
3.3728079106491826        1.195706324275528
3.3838689215594746        1.1990040321830302
3.3849473721548886        1.1992928483744776
3.393051936218947         1.200586570911747
3.3970514397930995        1.2010477260602657
3.4231634597295395        1.2011791471206803
3.4310495085142687        1.200237001623872
3.449563210861138         1.1962353147253626
3.469183631010788         1.188757410658819
3.474996397827464         1.1860556315774495
3.4775728147643674        1.184755242160092
3.483623194857566         1.1814530309869458
3.4928808532295204        1.1757258553783463
3.496617064312079         1.1731834227987445
3.5028481956637205        1.168647644074115
3.5116863116148966        1.1615803164254659
3.5233516799601126        1.151256200229093
3.5324105114170083        1.141812071001858
3.5354576101114774        1.1385206216708865
3.545937533311888         1.126607067819272
3.567905349861698         1.0986512201111243
3.568694075552648         1.097572392141488
3.5692144437338644        1.096857775960278
3.5693305600621525        1.0966980053452757
3.575567257276877         1.0884223147148566
3.6087957759203793        1.0393868312354626
3.612218827151109         1.0338342229357647
3.6140021865811334        1.030905860047041
3.6476417988027485        0.971107391259243
3.6553982698510987        0.9560904510811703
3.6563904940267173        0.9541362293972491
3.660796503231813         0.9449390044199033
3.6786606091487535        0.9067787158602176
3.693458330003807         0.8741114057179993
3.714491280234279         0.8260491400281909
3.7268110744960583        0.7964256586556335
3.7624645652892084        0.7045696018736722
3.7625398602313647        0.7043659806763045
3.767011170171285         0.6923266428466776
3.7785523757891593        0.6608553553637521
3.7786426017996027        0.6606070741588845
3.803093418441516         0.5920391589652825
3.8257002770925865        0.5263642961778483
3.828790792565291         0.5183639535786881
3.8368906991488894        0.49713753913891356
3.84193172359418          0.4837383209532567
3.866772545479516         0.40895718075152127
3.870576068110121         0.3975238594069397
3.87440815311696          0.3860911705371137
3.884806761046462         0.35518344459727524
3.894365582106122         0.3269208488664241
3.9128137244011882        0.27159005651848755
3.9260156096167043        0.23158849801677292
3.9287771686899235        0.22317820722706286
3.9358353463676523        0.2016153335355582
3.9540925840058643        0.14539039136476087
3.9643465529730895        0.11352846389480915
3.97588652884406          0.07742638571326393
3.97808682343584          0.07051355311369276
3.9913798425938225        0.028549916009443926
4.026508591281481         -0.08399654901719582
4.0270924678271465        -0.08588743291925015
4.0274884430339855        -0.08716897024754165
4.028071074241899         -0.08902691248700205
4.0281089516654225        -0.08914767256206951
4.0515299412151435        -0.16281035392793292
4.063843803994358         -0.20087170702233295
4.064530222477783         -0.20297984209274478
4.065064926184704         -0.20462103855776584
4.073493110692545         -0.23037552406221512
4.074260872863873         -0.23271090607979233
4.081983728445104         -0.2561028250911106
4.101403807020756         -0.31412489886268885
4.115868894098318         -0.35659904519149044
4.119900914968064         -0.36859907081868376
4.129903789968411         -0.3983966111834116
4.149266804210224         -0.45618709151108977
4.174820870075864         -0.530477871445889
4.1771063144997544        -0.5373237630424299
4.209899781652347         -0.6317708351335598
4.216586478915775         -0.6503849414853811
4.280627674751476         -0.8141347730810458
4.310833237058929         -0.882239842284707
4.312798198209457         -0.8864675674895719
4.316864109044173         -0.8951369722546189
4.340019681946317         -0.9434039583131986
4.373368568372811         -1.008345599975937
4.390391358602566         -1.0394138782677103
4.41622499979222          -1.0838760393958407
4.429659912274573         -1.1057185038653357
4.4486713462675205        -1.1276454530702344
4.455395977075611         -1.134724294781413
4.461330095727481         -1.1406771135234135
4.465139260361495         -1.144219298749038
4.468149224495687         -1.146881628998289
4.485928983208219         -1.1601466762980222
4.494521472586182         -1.1650484704086723
4.498261127840841         -1.1668747677028946
4.516972200100804         -1.1788171555387148
4.521128773424138         -1.1811022893964231
4.521277539180783         -1.1811815970083732
4.543169718900037         -1.190985229491024
4.54384080852636          -1.1912271597129074
4.553716871524088         -1.1943844418420113
4.569715102914382         -1.1978971296351273
4.581553186867424         -1.1992212421100255
4.588078309959231         -1.1994874260684707
4.607147289246876         -1.1983767502296219
4.624766971747341         -1.194709247167757
4.625406328597808         -1.1945192213012001
4.63665383408389          -1.190106121248683
4.6392877502992915        -1.1887872393384296
4.664037398163404         -1.1771564425281964
4.6649319252254156        -1.1767046364234346
4.69720776705056          -1.1558930800001763
4.712023951731038         -1.1448988996169063
4.733031252899708         -1.12775679626146
4.751405249710396         -1.111269414371346
4.762439502795597         -1.1006981182002438
4.780331060337556         -1.0824886330787722
4.7992352831391525        -1.0618122214085681
4.807200233897593         -1.0526586996223852
4.827671238540634         -1.0279309594855355
4.83743196487994          -1.0157266910642246
4.839617635705094         -1.0130058815410612
4.856542081170167         -0.9920866930118193
4.86630388469073          -0.9806964727453598
4.873851827285172         -0.971832489410319
4.882398190900664         -0.9617360689849306
4.891893128917834         -0.949829529373875
4.906168357552012         -0.93190712866863
4.928035226837466         -0.9044035821927935
4.9626515680777725        -0.8603882883419192
4.964107973090818         -0.8585409660381721
4.964836781088968         -0.8576166739715415
4.966436750914257         -0.855725607492069
4.992887696352868         -0.82458748262911
5.000126221662873         -0.8161074446834687
5.02163565642994          -0.7910132309624102
5.04365355491489          -0.7654876257074571
5.060057110993338         -0.7463695396957855
5.060658411432055         -0.7456770918412743
5.088674362227099         -0.714069748718312
5.090898933251816         -0.7116018578658699
5.106222717470122         -0.6947779867009458
5.12132432015341          -0.6784987765841641
5.124347535227017         -0.6752756783879079
5.129078227150661         -0.6702790199610673
5.147631379551737         -0.6509932841897363
5.155383962448856         -0.6431513702337285
5.185051731737968         -0.6139790005670649
5.212828533480801         -0.5878693827453862
5.216997543159743         -0.5840510411150388
5.229946783878631         -0.5723581740517716
5.250413713714004         -0.5543927973290703
5.267158228891803         -0.5401647750128844
5.286363706767749         -0.524366343044469
5.304527142191249         -0.5099369810456161
5.3179360353981995        -0.500041522357815
5.32083302721915          -0.4979655922233452
5.374828375972264         -0.4597649837614334
5.377985716035779         -0.4576009347216554
5.380647955138482         -0.4557849046578018
5.414116570236233         -0.43363162379107617
5.430596777274319         -0.42318411479486473
5.454791070534964         -0.40839736609528576
5.458738431720504         -0.4060470731385235
5.471455721808479         -0.3985937602757174
5.480708551930449         -0.3932847197490605
5.506153289514548         -0.3791795419083319
5.520875422683673         -0.3713501983190991
5.527759660541873         -0.36777683967067526
5.537750052144932         -0.36269062352095494
5.55435156425385          -0.3543463608516252
5.560508053062112         -0.35137295281529035
5.5671210515675185        -0.34820925078844683
5.591039705392819         -0.33702746736807293
5.605576509197495         -0.3304202583478439
5.618027968317879         -0.3248877270460478
5.632077068282622         -0.31878586479881343
5.6509089598782065        -0.31084047143628435
5.659511976189547         -0.30729985709031676
5.6616068685232195        -0.30644615375667267
5.6702329093991155        -0.3029658098100172
5.692817161187296         -0.2941393355076143
5.719237226258559         -0.28406174255470046
5.726633862568023         -0.2813658225922659
5.7330803427344215        -0.27901256116608314
5.746519218837281         -0.2742798615020086
5.760789153893171         -0.2693505405858189
5.765769859510165         -0.26765332638653544
5.767408717051654         -0.2670975081717309
5.797300819036283         -0.25718855955423975
5.831686101256951         -0.24632704947565606
5.8407583233035965        -0.24355711567248034
5.847785146396246         -0.24143916330857706
5.8480824192352845        -0.2413500912864124
5.848246852110187         -0.24130062968970142
5.848606703295614         -0.24119243335307006
5.879142491043816         -0.23224782982164385
5.905218697609289         -0.22497972815407422
5.911286402866631         -0.22333741448049887
5.920514988297377         -0.2208521986819298
5.926198502456751         -0.21933782456119522
5.9397844679588525        -0.21576778810366154
5.95523498614907          -0.21179005121440977
5.957063009917499         -0.2113256870761722
5.963215106045763         -0.20977263070696037
5.981690787789977         -0.20519875609524765
5.996058071671109         -0.20172371845629025
6.011244940331808         -0.1981386394274847
6.02695520978835          -0.19450104103029386
6.028625560347514         -0.19411853222289996
6.043895876829295         -0.19065950146788194
6.067246330609615         -0.18550213580206368
6.078526685451042         -0.18306783745963554
6.0969532716018575        -0.1792313752193479
6.114979241438187         -0.17555921355548224
6.132104859907792         -0.1721445751984352
6.136587630854167         -0.17126269023150104
6.160478630116122         -0.1666461202098433
6.168624745693957         -0.16510413566794466
6.178652502032074         -0.1632284088866253
6.193901110736644         -0.16043681954563122
6.210166644777724         -0.15753334925617768
6.216144074616971         -0.15648562042969266
6.218075045964737         -0.15614937136354723
6.222536925057712         -0.15536090952274895
6.225083450710673         -0.1549130059181763
6.240718492507304         -0.15219635335690562
6.252395207448254         -0.15020490784975526
6.258500463904981         -0.14917532618819376
6.271586051983916         -0.14698315763195002
6.283051515394543         -0.1450900339161644
6.306533596084902         -0.14134872066415
6.323465383073224         -0.13870768075031625
6.340058157097079         -0.13616556374176983
6.342810253337503         -0.13574833204338513
6.355077054513799         -0.13390387241500426
6.383137217559632         -0.12977928780893977
6.410757326990086         -0.1258545828362519
6.423072613564074         -0.12414786616558712
6.436440354346444         -0.1223254763941475
6.443200748286478         -0.12141581147681513
6.48752131985521          -0.11558289095702179
6.489274691367045         -0.11535729049166082
6.503625830422876         -0.11352555168764128
6.510655454413515         -0.11263791832306815
6.511929147099601         -0.11247776472142042
6.5138659621155455        -0.112234627887665
6.5223097977793785        -0.11118023963453263
6.543454975907382         -0.10858381524278891
6.563366863352133         -0.10619328905098256
6.565108831462437         -0.10598669339875143
6.6029765570751           -0.10159649113837367
6.611874499545233         -0.10059289075359579
6.6124705821709355        -0.10052603908487977
6.612808661372711         -0.10048814417319325
6.613919583643447         -0.10036373252019634
6.614533381521661         -0.10029504300592024
6.6213645235523355        -0.09953295063966336
6.626112169015063         -0.09900586230446035
6.6274675942917325        -0.09885547830544412
6.661059271749762         -0.09518559074789908
6.682966995279257         -0.09285131190057411
6.6874180458716515        -0.09238275671752419
6.6952321454713655        -0.0915648401547534
6.714093259156822         -0.08961269765329462
6.727219844408874         -0.0882744190226967
6.744873719545892         -0.08650089136889645
6.745532496750221         -0.08643529413749362
6.7458884729835535        -0.08639986557297014
6.7720700586392875        -0.08382984825540592
6.791993340562771         -0.08191857874494515
6.796743921458592         -0.08146707310210918
6.796755058977389         -0.08146601647923138
6.8274195035620835        -0.07858551552756629
6.853116584590876         -0.07622418657328119
6.8531426654627134        -0.07622181432238181
6.877130999060259         -0.07406079971905521
6.883678717949617         -0.07348002185381958
6.913560527591789         -0.07086902717265586
6.9174538199093           -0.07053361287310872
6.930821449507761         -0.06939033945972503
6.948061208598209         -0.06793504684822316
6.954685118131311         -0.06737906054437057
6.9629560946666915        -0.06668818041878007
6.964105362809939         -0.06659247611660989
6.967394215828035         -0.06632050839717828
6.971482220967315         -0.06598327110901367
7.003809468319144         -0.06334828438936224
7.019281882081441         -0.06210712740612817
7.02697810862747          -0.06149457705273324
7.057279648729713         -0.05911397752387215
7.0744584013529455        -0.057786404939349535
7.091764540919503         -0.05646512366688312
7.101767345253519         -0.055708819734336626
7.107149836703552         -0.05530447366624959
7.110992389759137         -0.05501631162917557
7.117202134993234         -0.05455177073612203
7.136963071194414         -0.05308445654250927
7.18298640040089          -0.049748728236727394
7.187565813752946         -0.04942072762245986
7.190748750004415         -0.04919325156801728
7.1989628637320395        -0.048608112066744556
7.231446526063601         -0.04632096283158674
7.25208463145856          -0.044889621874054826
7.276642375686519         -0.04320926433251116
7.2879904417029095        -0.04244115587644762
7.300025972493836         -0.04163230365111387
7.31801092493637          -0.04043472269005679
7.366994582458781         -0.03721655716640708
7.369323563973628         -0.03706549386169511
7.384627795817796         -0.03607644704340639
7.401693747956829         -0.034980962739817066
7.42019622370109          -0.03380377490664253
7.427075194998675         -0.03336838303422432
7.430299666422831         -0.03316471972050459
7.433187590918216         -0.032982542877687204
7.449430128578475         -0.031961967789388195
7.462116088147041         -0.031169637638094716
7.481103324015377         -0.029991568332872167
7.487466298556923         -0.029598873278501088
7.490455509997224         -0.029414755750459154
7.5086919033157455        -0.028296537193289988
7.520577678073801         -0.02757238189501167
7.531790909909869         -0.02689025322429337
7.539730949653626         -0.02640893167186737
7.546259946240548         -0.026014197163472537
7.55106687939894          -0.025724182143090718
7.573073199248379         -0.024401020830965164
7.585615021448184         -0.023651460806705008
7.6144736863348905        -0.021942630778970528
7.623906462720115         -0.02138656353029837
7.637576026466363         -0.020582906227644512
7.652095165691577         -0.019732114327407877
7.674146249105472         -0.018445509271881752
7.685012377382044         -0.017814222093225075
7.69865604165247          -0.017024417711872287
7.716594116472674         -0.015990844558014194
7.73159006846048          -0.015131000704769602
7.739388403687473         -0.014685370946249419
7.746425960312363         -0.014282660441289922
7.76326827554319          -0.013320544691089741
7.788243882276449         -0.011898108007212556
7.790686936897465         -0.01175915330275603
7.80688698933342          -0.010839258366363978
7.817770159881102         -0.010222760359899042
7.833679676326625         -0.009326196521234717
7.860977745172288         -0.007789132840297787
7.864338622002845         -0.0076000057033715615
7.8695018925079525        -0.007309500323182331
7.922472314832716         -0.0043328485258057985
7.935606476449987         -0.0035967332537186892
7.9700683346758385        -0.00166923188168096
7.998408340385902         -8.864939547542628E-5
8                         -1.3692827500256205E-16
