0                         0
5.9171321950654626E-5     3.3103694286147775E-6
1.6895351967912044E-4     9.452214110764473E-6
0.012118329906399631      6.781575331122336E-4
0.022349063265958827      0.001250982262389151
0.029168236994147972      0.0016329441020846887
0.037148486995196225      0.002080095946312886
0.041805266163468566      0.002341103140200074
0.05490525879881497       0.003075824115502188
0.08111047884589535       0.004545039765805806
0.084289972309509         0.0047235131957121725
0.0949847165778615        0.005324175466154629
0.09940833277581343       0.00557277680094968
0.10694180908512896       0.00599635320620159
0.1246968245228653        0.006995666947977868
0.14396954592462372       0.008082027108522447
0.1843594167300201        0.010364199888510815
0.18693413980692622       0.01050993283772528
0.18883459784259923       0.010617329371801418
0.19185186802445034       0.01078785451921457
0.19239898505626196       0.010818777766157712
0.19544374016393398       0.010991660715886623
0.1985612438264742        0.011168767137138116
0.21011902288001333       0.011826608804140114
0.2538177452510697        0.014325491357149611
0.2633341402014305        0.014872124234290829
0.27500010784641443       0.015542569134986237
0.29729642377791377       0.016829118450023623
0.30682416223563347       0.01738096398832599
0.32075203453423595       0.01818989812690062
0.33113734858361954       0.018794805817074062
0.3500754687136225        0.019902890038610514
0.36640113640666105       0.0208625010068812
0.3906241379644526        0.022293790053159183
0.39342385205769365       0.022459631380821993
0.4291808019495245        0.02459096812442407
0.4293774035485723        0.024602768714266903
0.44094864140907675       0.025298710806135424
0.44387558265857935       0.025475186485969904
0.4440554531929883        0.025486037278238734
0.4607256602630003        0.026494571841380463
0.4713185465250275        0.027138409486112455
0.47953682426519906       0.027639511202688673
0.49072277305717477       0.028324058883303232
0.5049736187811616        0.0292003152203432
0.5212072684458917        0.030204150096587695
0.524175450949989         0.0303882367500393
0.5266917857571135        0.030544488111544067
0.5374639000387729        0.031215333685544744
0.5563939842080001        0.032401897550281604
0.5659300209065077        0.03300333322383834
0.5691331513032098        0.03320591067578724
0.5764113882091109        0.0336672533153059
0.5786568471850857        0.03380987708570714
0.5868541827744929        0.03433131479984775
0.605653606932588         0.03553451137976836
0.6161858307254814        0.03621306835074704
0.6452845620757619        0.038104513471332334
0.6593413725827163        0.03902700866909576
0.6621227034912177        0.039210926147555364
0.6692196867455652        0.03967806868580085
0.6888569097519796        0.04098283313561256
0.7804485795155781        0.047273608905325046
0.7820846493659372        0.047389014287266516
0.78723629524352          0.04775303550606601
0.7909229275621088        0.048014127502668216
0.7922288728841886        0.04810673433820724
0.8023314413051946        0.04882521298878015
0.827505079604753         0.050631610814876445
0.8290299990430927        0.05074177285638054
0.8440583141910567        0.05183194363805613
0.8727056022514232        0.053932717888482785
0.8860438908703971        0.054929027241939585
0.9060200998136299        0.05643885490872714
0.907084756923616         0.05651991873045593
0.9075493431841741        0.05655519236607187
0.9095836320765756        0.05670978711288072
0.9187078833388534        0.057406017893373844
0.9233954606521647        0.05776551062422377
0.9357451963919483        0.0587184831478922
0.9699435471360065        0.06140178514316502
0.9713457739862711        0.06151319941714729
0.9716638777978658        0.06153848968648906
0.9990511772690678        0.06373701773361401
1.0030760285480187        0.06406363862617133
1.020484825579739         0.06548999412553026
1.0268386401435796        0.06601488652877355
1.0432462140230665        0.06737997652152615
1.0653664572971864        0.06925069254169607
1.0817475513463843        0.07065766390861274
1.0869257639063041        0.07110602200820201
1.1029624477236073        0.07250554225494801
1.119898905745071         0.07400160233465665
1.1362448603676778        0.07546781922286903
1.1419902321601698        0.0759875664771391
1.1550069304747053        0.07717335704321003
1.1815121710802075        0.07962511122828099
1.1826226589804918        0.07972892089487166
1.1835593336681203        0.07981692954032056
1.1846020091660734        0.07991498761714307
1.219955611111833         0.083295758235416
1.2287912679602315        0.08415548491624845
1.2694963358802056        0.08820758177179963
1.2701099081307676        0.08826981074264204
1.296047111992158         0.09093146211114458
1.303977700876726         0.09175698712129567
1.3244699393855812        0.09391546368878022
1.3351335006454468        0.09505364659562783
1.3357516958372293        0.09512002795806035
1.3604901435126477        0.09781220856394286
1.367287169976667         0.09856412771070308
1.368100753779404         0.09865448340769431
1.3699493864756298        0.09886007121029083
1.3863303492153163        0.1006988448985279
1.394006748482047         0.10157106046911075
1.401730832709787         0.10245782060617901
1.4347720004489468        0.10632517545573811
1.4360618329857326        0.1064785812700137
1.4613551920459287        0.10953240584586349
1.4639631447107586        0.10985193018194174
1.5036016191816872        0.11481541778750928
1.5053985551234375        0.11504518627478981
1.5059550015016099        0.11511642098866555
1.5073330179127784        0.11529300115756261
1.5087463175394116        0.11547435464583045
1.5097081067400577        0.11559795632841748
1.5117657769637878        0.11586284156839814
1.5180690353871946        0.11667807641537349
1.5582089794294758        0.12200444762148749
1.5708605387359027        0.1237262724030598
1.5709513263110717        0.12373872987643092
1.5710115155650735        0.12374698958076497
1.5712291401752525        0.12377685927678879
1.6129092430820093        0.12965105143110672
1.6333022890217501        0.13263638926352211
1.6356135958777676        0.13297935297460556
1.6377228137239428        0.13329314902497552
1.6676095067345433        0.13782353455874347
1.6820503601409693        0.14006880947788375
1.714704675548524         0.14528566370240803
1.7148665765880315        0.145311987780112
1.715693114402437         0.14544753994309537
1.7169976943495067        0.1456617683603867
1.749369187907279         0.15106269208189635
1.7644911668616063        0.15366771323976175
1.7834545378149427        0.1570182838541966
1.7881747218571662        0.15786515354524924
1.8124771309094996        0.1623066048272499
1.8374454990000355        0.1670114729273522
1.83923509718589          0.16735420851809127
1.846412124654753         0.16873613260753428
1.866803119412511         0.17272713569840975
1.8706288744498316        0.17348659905992161
1.89372646202597          0.1781434104192377
1.9093697114945638        0.18136712697922716
1.9272530985862968        0.18514311768810088
1.9305142442158347        0.18584428517558643
1.9514658234725248        0.19044165090561077
1.9649776323589434        0.1934915592276616
1.967304106256534         0.1940234237597592
1.9676072486990213        0.1940928719418277
1.9709646154455869        0.1948642695554816
1.9713758815010929        0.1949590461889849
2.0157604431930025        0.20555059342267643
2.0281027314290636        0.20861354128758872
2.057312375600023         0.2160704400902917
2.061266848302414         0.2171077973985755
2.0751337105512766        0.22078836335074878
2.0923488244610926        0.22550574097164114
2.111770530807935         0.23086131380906097
2.1274619901376908        0.23534750314235606
2.1548812094191225        0.24353259487923334
2.1681548096409085        0.2476325683842171
2.188275262750058         0.25401855633596077
2.2092665829390663        0.2609007665211457
2.2305493270776786        0.268107695158781
2.237406549976855         0.27047889239119594
2.2435031213274175        0.27260717576183335
2.265259753758423         0.2803566675200353
2.3062174447362347        0.29559965998787696
2.30664905229746          0.2957694436489217
2.3073669076718843        0.29604859199061134
2.3261027237360077        0.3034928984089611
2.3403065473497935        0.30931463298093526
2.370630479351891         0.3222575978432006
2.384458767676758         0.3283922822890615
2.3908553259969434        0.3312792595672529
2.427574194429267         0.34866958919953617
2.4452865889113604        0.35737410208055
2.4485964624137915        0.35902348501143716
2.454754252276222         0.3620953058763544
2.4685072341510255        0.3691052291079227
2.475769035479028         0.3728897501528776
2.5327374121662585        0.4045731908612048
2.556855252443265         0.41905229549858236
2.5793666969805313        0.43313905882116016
2.5881934744545383        0.4388056953795758
2.5956901338344998        0.44371518047024056
2.632152974726183         0.46881921101884155
2.66764899012275          0.49501340479845224
2.691296782741611         0.5134256514352413
2.6948126089708118        0.5162287338608086
2.7471743403671205        0.559986704639897
2.754708854018664         0.5665934112332138
2.762345329988541         0.5733691622562023
2.7939350841071224        0.6022501574646543
2.8363567794365356        0.6431925153650618
2.840753483710855         0.6478283248818066
2.8479597726272767        0.6551093363881151
2.875658507668428         0.6854842701734747
2.8874749774524338        0.6985722618585202
2.8923539477063946        0.7040586211245689
2.910298407141568         0.7243862145596213
2.9126388306857436        0.7270517639757885
2.914045589747168         0.728657523379562
2.9549240855394516        0.7764915911617345
2.9598090246451862        0.7823594026263508
2.9633826498254994        0.7866725684377913
2.974338013504843         0.80000308326396
2.9895683859297293        0.818806053747916
3.0069792186046294        0.8406865773781927
3.0226580583678175        0.8607004585751418
3.033764477660655         0.8748229930673409
3.0440559531221165        0.8878687832593833
3.0488554252766527        0.893939424329776
3.0780685001936523        0.9307070656439553
3.083129977521675         0.937106324529752
3.0925338717811197        0.948999678519538
3.096379143837744         0.9536916167721126
3.0972795502591097        0.9547912282668823
3.1042549436105418        0.9633220682815123
3.1400248742783603        1.0074083822185858
3.171620185990716         1.0468228248772247
3.172578740430767         1.0480255395154878
3.1882766890023713        1.0677801717726934
3.1959421412451956        1.0780171501745293
3.2362481418628697        1.128154320674715
3.2372018615782165        1.129265563173213
3.248381531158027         1.1420328517380947
3.26152158764804          1.1564290170950984
3.2637742704388777        1.158664550329131
3.2651499374310458        1.1600125361106541
3.2719945986773387        1.1665254887036378
3.2756155778692837        1.169840336983565
3.2886917713552486        1.1810582886788297
3.3139194070698763        1.1997084304526602
3.31493594552347          1.2003873369187668
3.3247616139434255        1.206659633713562
3.3334481282653585        1.2117671709258215
3.3647925015530804        1.2267828925511635
3.3734830351438543        1.2299994079397853
3.3848340353099053        1.2335815791880878
3.3994750926174495        1.2335139067232026
3.4246582677622466        1.2344278803995257
3.4387919385831327        1.2338681046919964
3.446704516063568         1.2327090967052554
3.458452052799709         1.2298687708523934
3.4625230825382403        1.2285723016269998
3.4840418883073316        1.219049995926598
3.517287143880803         1.1955128943490223
3.519233475107822         1.1938028912671663
3.522041227528993         1.1912713559554375
3.52929183803153          1.1843805056758585
3.529473364917016         1.1841858970221668
3.532249802493561         1.1811874562775724
3.5390606908042233        1.1725473448505006
3.539747179697931         1.1716602225207868
3.543445472946628         1.1668298321812876
3.5820849768988245        1.1111938226758797
3.6069378612156533        1.070423430996974
3.6111141395558386        1.0631893533243069
3.6140248087613216        1.058082371522934
3.631920151304088         1.025507358090168
3.6748150316270842        0.9391871987996596
3.6748498147327666        0.9391234102782366
3.674932260845154         0.9389406106341489
3.6934160636442845        0.8967425192196008
3.7043310741204656        0.8715378424953064
3.729163470885803         0.8096504413302335
3.7356245573583133        0.7931295084060257
3.7381097497907927        0.7867288677607298
3.7407745506733376        0.7798372318514395
3.750937767300374         0.7532834875416253
3.794904057615722         0.6334844581867964
3.7966945772977367        0.6284360494797034
3.801930492350535         0.6135971098411215
3.8317711637088836        0.5268596512674107
3.8541835578731325        0.45928934006468647
3.8570492240163254        0.4511329380209689
3.8744701884965105        0.39913164375929916
3.883189289514342         0.3727980161928289
3.903348185934978         0.31112886994567024
3.9272738721780254        0.23651463584095833
3.937769515489002         0.20329607349192003
3.94643408077573          0.17564904434776035
3.951631320154836         0.15896849190618234
3.987679648224876         0.04126691130659426
3.996202629630145         0.012926368510259321
3.9970167711355833        0.010215636449300776
3.997200281910335         0.0096044374708988
3.9995471076928473        0.0017819932075009996
4.0005327237286705        -0.0014393908533544102
4.002755150242837         -0.00885669075994085
4.076351389290085         -0.24585788066597697
4.081113282721528         -0.2606158245319548
4.083538204685263         -0.26810414680849326
4.0836772879854655        -0.2685330942101473
4.0892325579634           -0.28521392305166826
4.090198781246856         -0.2881161188743884
4.104332503890999         -0.33059981207965566
4.106605096706967         -0.33743626667186405
4.139343223098303         -0.4360858970527099
4.1818804804445096        -0.5635073652810301
4.189055489815666         -0.5839506769105124
4.194939608919864         -0.6006679419565768
4.1997143216108235        -0.6142015064269468
4.205193059479892         -0.6296954917800689
4.213066962272714         -0.6518973884175342
4.220050715308806         -0.6715245400662723
4.248773505018177         -0.7516065684631668
4.282385539661083         -0.8440117128534241
4.29463966372348          -0.8736015504564955
4.308348994379355         -0.9061199404155015
4.326385325978762         -0.9479603865983536
4.343380785763253         -0.9822059666059131
4.370940142024133         -1.0342593991169073
4.377637896358047         -1.0462600104385555
4.390793382046165         -1.0690913435405027
4.413755887334727         -1.1065934555585324
4.422709496224689         -1.1201851452705198
4.430377751265718         -1.1314923344587247
4.436156996680871         -1.140783936037145
4.43875504502632          -1.1448497314478427
4.455489680788101         -1.166569542657277
4.478762401450633         -1.1899197267939352
4.481874225532483         -1.192437390791768
4.503145683299195         -1.2058284945125022
4.511124720632382         -1.209133153475685
4.523307795701237         -1.2155518078431293
4.547975518437179         -1.2248657056902919
4.550143876937839         -1.2254592808485247
4.558016290589456         -1.2273344015981658
4.5628349534457           -1.2282656016142544
4.569258668998931         -1.229251246451471
4.57826425083911          -1.230141015926598
4.599522680507707         -1.2299631806463784
4.623749303769016         -1.22585842072928
4.626552018331583         -1.2251152951770503
4.629747185618541         -1.2242002506117926
4.643899937629438         -1.21866179113563
4.645162944639377         -1.2180138545744528
4.645308738302193         -1.2179374396366542
4.645474179477558         -1.217867329363162
4.6632513185521685        -1.209708899816694
4.666587358027997         -1.2080399125638446
4.698547075442631         -1.188400996035616
4.702738730706601         -1.185409986675996
4.723765620005254         -1.1689527775227373
4.725847986187417         -1.1671910841416129
4.727495095730371         -1.1657807857538578
4.7643951310619626        -1.1302879331946933
4.809150013781689         -1.0772247095386356
4.8142611218496985        -1.0704662956165756
4.8197537778059605        -1.0632218771511648
4.826735234461013         -1.0538340192535423
4.832224123254587         -1.0465014293646937
4.848668308107817         -1.0246998847334758
4.855775311098776         -1.0153546128785587
4.864783863593904         -1.0035758161378967
4.871635985277681         -0.9946666578354213
4.876506716702859         -0.9883600220355286
4.878742366655206         -0.985472617291954
4.907936625106651         -0.9481902158633065
4.916536736094349         -0.9373572529534513
4.9351962570470045        -0.9140875285659927
4.950863847045458         -0.8931067387438656
4.95152449260076          -0.8921556732570818
4.952479870535332         -0.8909432761547412
4.980069321944765         -0.8573738041124407
5.008784860075817         -0.820997014390694
5.011446221884035         -0.8176802613836145
5.028278560618623         -0.7969175252446801
5.04389974689866          -0.7778553645750748
5.044918313112142         -0.7766249492540245
5.051464517951794         -0.7687537864269336
5.060770755161373         -0.7576729073851248
5.067496752820209         -0.7497439387717593
5.085300699480808         -0.7290782143612486
5.0903664794143335        -0.7232837272632249
5.112003157739156         -0.6989613090806348
5.1554264443207884        -0.6527167690139553
5.160274675832807         -0.6477143757882275
5.168551531016375         -0.6392489936430203
5.169211756630844         -0.6385777846411087
5.1696655314004           -0.6381168083576059
5.172738055594098         -0.6350029683219517
5.184733363750345         -0.6229694591941073
5.193112845842511         -0.6146860077538588
5.203221258596369         -0.6048277664328363
5.22411263392556          -0.5849189267119719
5.224302167975625         -0.584741178475539
5.2243386016373305        -0.584707016289186
5.224472691756102         -0.5845794801740187
5.245649948139546         -0.5647776823854141
5.250235378340138         -0.5606279860048659
5.292443794462683         -0.5250221033566296
5.309442299028217         -0.5120032233367017
5.324316984035248         -0.5009199866313139
5.343268091820884         -0.48708639368685386
5.390785440981235         -0.4538146609712665
5.395976992098284         -0.4503020470336324
5.398097555230276         -0.4488742122835339
5.409959875004841         -0.44096124504612266
5.413548124730275         -0.43859246331551277
5.434736423296208         -0.42485664189462763
5.4813160191691495        -0.39626000723053517
5.498464610449107         -0.3862857979288132
5.504196603754078         -0.38307485777941136
5.512378576818219         -0.3785710691620003
5.515955445041048         -0.3766315728508598
5.522624481895691         -0.37306316393210115
5.543253626105132         -0.362418743873886
5.545273027138686         -0.3614087245633329
5.563230181526766         -0.3526780627259821
5.609925478121786         -0.33075522903158217
5.610402735540349         -0.3305396616488666
5.616300614432797         -0.3278899045819201
5.617165648518819         -0.3275034766364615
5.618243639344902         -0.3270227073674131
5.6187408192314106        -0.3268020388775761
5.620589328839114         -0.3259867848020736
5.624330431674349         -0.32434660391165826
5.628384646176515         -0.3225798642451778
5.675792063614903         -0.3027479659581742
5.684699013768952         -0.2991920082890097
5.701089252040149         -0.29278905828399027
5.705185487194696         -0.29121729274487806
5.732713497907549         -0.28094971094938254
5.752314900645956         -0.2739518898813196
5.769931285321897         -0.2678030608527372
5.804708127615868         -0.25618773604626927
5.805752097329712         -0.25584565080891514
5.806329556548368         -0.25565672486987207
5.80719793601023          -0.25537412591990816
5.826365891614536         -0.24923839041773194
5.843173737482756         -0.24401895128167578
5.848572171568226         -0.24237442622792182
5.856104437293301         -0.2401057753105598
5.869014556160928         -0.23628755226088866
5.871638376773514         -0.23552238590406563
5.8896458592492165        -0.23036979726042112
5.89245060723994          -0.22958278252718564
5.906387514004363         -0.22573412867590617
5.916910861932493         -0.22289658118023617
5.922233954294765         -0.22145946535775515
5.930761056386914         -0.21918074804822227
5.943623075347011         -0.21579813087266
5.946946592051856         -0.21493473271139124
5.958633725801734         -0.21193336931745052
5.966732694590737         -0.20988524283630625
5.991734558429478         -0.20376149918362044
6.018152319603622         -0.19749347522613078
6.029655724022044         -0.19482914874044005
6.043314009470803         -0.19171696177446312
6.04594294962106          -0.19112431313655548
6.050630445351463         -0.19007271212730548
6.102073760990644         -0.17898516398667635
6.104413902343236         -0.17850057928134663
6.1073063815949284        -0.17790399839490795
6.108192963325665         -0.1777216654258169
6.120696917512335         -0.17516354281828833
6.153055668591133         -0.16875996528561962
6.154232979593996         -0.16853287273793438
6.154702790279514         -0.16844211927848696
6.154902177472427         -0.16840362347985163
6.155484581148351         -0.16829124631121176
6.160969871156707         -0.16723779619855828
6.167113637722267         -0.1660644582666407
6.167374838678797         -0.16601489082034698
6.167555034885941         -0.16598070477651083
6.194369733041839         -0.16097849786906296
6.200330435880213         -0.15988947590386976
6.203349414389631         -0.15934108965565036
6.219065596436291         -0.15652086333869544
6.219463892436713         -0.15645014353742465
6.226419128178088         -0.1552212035537553
6.228588875937468         -0.15484264355648442
6.229642602392337         -0.15465913984735188
6.242104787395403         -0.15250583940060897
6.284497132897756         -0.14541510138504404
6.298558136250944         -0.14314310386400372
6.305054240975631         -0.14210174510783033
6.3117366388866545        -0.1410391675301008
6.3208647897757935        -0.13960185478268824
6.330439565333529         -0.13811179608466992
6.343014054984039         -0.1361822527044004
6.3533531116818995        -0.13461899042944472
6.372911366580217         -0.1317189031701643
6.38061949918529          -0.13059334197206504
6.400658182646144         -0.1277132643579941
6.4131118496248565        -0.12595684363300255
6.419644543111852         -0.12504576226510578
6.430944995466997         -0.12347620919079201
6.435603134390199         -0.12283530018185398
6.462808202702526         -0.11918739614637583
6.4663566160816845        -0.1187187518508815
6.469806637427702         -0.11826468639186488
6.478705131605714         -0.11710074360514315
6.496245217237309         -0.1148368855071492
6.507475321990592         -0.11340863893285363
6.53112734572286          -0.1104546981805241
6.539415487537716         -0.10943694596159563
6.546218289315314         -0.10860832304630468
6.552433708316536         -0.10785470914999763
6.552588795806276         -0.10783594844384523
6.558894023777833         -0.10707579095933661
6.559563255126245         -0.10699540376650478
6.5726011183060935        -0.10544061745404736
6.610283031258209         -0.10106788615991807
6.640357023316259         -0.09770690081082271
6.6455373587414535        -0.09714051638745182
6.679343606929599         -0.09350127463861428
6.690583016759308         -0.09231321557101978
6.696816394717341         -0.09165925558254433
6.719895291587654         -0.08926972070791803
6.729806521026116         -0.08825887266469003
6.742033798231989         -0.08702450801645892
6.751851476808454         -0.08604354865786819
6.753513999828596         -0.08587832854480451
6.756965752655608         -0.0855361243720035
6.79456838167895          -0.08188439834323487
6.806688011393709         -0.08073524841914427
6.813385097237944         -0.08010464422010954
6.832495938552067         -0.07832235008410936
6.837537513346188         -0.077856415099499
6.8434884799583395        -0.07730871694317347
6.845181028493169         -0.07715339416884988
6.846989634778474         -0.07698764178530675
6.863116442206646         -0.0755197645219004
6.880655355388529         -0.07394394926943579
6.897073863687978         -0.0724909151990667
6.917094668383278         -0.07074648093571798
6.9304112205411           -0.0695977469458155
6.93519701943434          -0.06918797798233414
6.946924513931742         -0.06819139715661478
6.969841744795542         -0.0662708575498212
6.978274805737234         -0.06557333513253881
6.9930027224914255        -0.06436507076655315
7.01078973345546          -0.06292266601774045
7.014634238698595         -0.06261332228948313
7.0222739235294656        -0.06200115611608553
7.049003675289553         -0.059886033177220646
7.067147435287135         -0.05847400448368109
7.082785653129887         -0.057272336995819184
7.084402364042814         -0.05714891769586372
7.08580321105392          -0.05704210036457815
7.0869043317711995        -0.05695821789674934
7.105004628087682         -0.05558946300817632
7.14410926933941          -0.052684922327567066
7.1689137034076635        -0.05087427060919844
7.178087526485037         -0.05021084640585544
7.179921675765566         -0.050078610132274035
7.1808662454839425        -0.05001056221664852
7.198172123910762         -0.04877035706820647
7.1994130275360995        -0.048681916188536366
7.241164315165967         -0.04574422775566065
7.278535794774227         -0.04317727936494434
7.279584305879366         -0.04310599530712816
7.29105973179993          -0.04232859860669158
7.317560026289634         -0.04055275658564071
7.3365389303878           -0.03929182180840315
7.337229058900414         -0.03924619005806842
7.339249153933297         -0.03911270859178957
7.350361470384573         -0.038380802092716486
7.35176653065203          -0.03828854302351994
7.354370618488758         -0.03811848909852899
7.355097663671819         -0.038071042370110816
7.383239529030499         -0.036245004245381525
7.383585479342791         -0.03622268386623972
7.402508557557647         -0.03500649358280315
7.427474609292213         -0.03341606918690603
7.433981107788991         -0.033004226825246515
7.435682625132213         -0.03289670608604301
7.450745637243629         -0.03194811870468206
7.453305980186187         -0.03178745218747581
7.453700483673023         -0.03176271197015114
7.475254743441            -0.030417344984029926
7.4821226693134335        -0.029991593459622802
7.487801681509045         -0.02964010655747394
7.509024340795958         -0.028334255603552103
7.522562230898416         -0.027504985220711296
7.546222430521201         -0.026067366700402845
7.579284632469806         -0.024077106586686527
7.581352822997137         -0.023953328723093463
7.58518591728561          -0.023724148976503486
7.591613609969331         -0.023340592032543597
7.593140926468555         -0.023249580291505933
7.6043066611284775        -0.022585705153372253
7.6109438868513015        -0.022192315847678567
7.631036449237199         -0.021007047823255978
7.66743570498639          -0.018873401121852575
7.670267366508246         -0.018708325935155874
7.678354217675594         -0.018237449776599916
7.694395676563061         -0.017305838261241265
7.7188841692445305        -0.01588992170328348
7.720612237236947         -0.015790291052719244
7.723701311322548         -0.015612286300594132
7.753978451172933         -0.013873967065194472
7.770551697175829         -0.012927333629123525
7.7824332533182075        -0.012249868713162922
7.795696226531526         -0.011495319206102427
7.80997531306377          -0.01068494428670299
7.823783021172617         -0.009903276500327381
7.831386079419497         -0.009473916635031885
7.85350651339301          -0.00822545064455347
7.85505273471652          -0.008138222722332694
7.870305982799604         -0.0072776549582169465
7.884569390932585         -0.006473958685565763
7.897898998994587         -0.00572377537082619
7.915304173639876         -0.004745525045783832
7.91673594417693          -0.004665118730846429
7.9174968916292805        -0.0046223890079687205
7.928173430353372         -0.004023163558063902
7.961378422674937         -0.0021611684507153836
7.9868375065543935        -7.36532491235053E-4
7.998954268517868         -5.8491295524808305E-5
8                         5.347857945875397E-17
