0                         0
1.844054683502923E-4      8.539470930353821E-6
5.331560190480801E-4      2.468972498829063E-5
0.003701745230786175      1.7143984656826542E-4
0.00399345414168942       1.8495153168105385E-4
0.007524980917950577      3.4854824197140153E-4
0.008232812684900295      3.8134266801664147E-4
0.026947737777036528      0.0012489502745348783
0.04032712509347218       0.0018698328445093974
0.04091472165881914       0.0018971127560039863
0.046597367824061785      0.0021609887019559872
0.07531436106615565       0.0034949851801119175
0.10080720399590949       0.004680621950700087
0.10120452201997059       0.004699112203360415
0.10207583378121605       0.004739662257557493
0.13004665877355476       0.006042304147360881
0.14655319257342853       0.006811861158824356
0.14822049777992968       0.006889627191108293
0.16804957276052562       0.007814968233502034
0.19577926573424673       0.009111265195950551
0.20086227559909026       0.009349390189774215
0.21122366349724653       0.009835278520793266
0.2152235106778841        0.010023022310426002
0.22909965250364345       0.01067563873049059
0.2502880373248715        0.011674462114825352
0.2531708341960725        0.011810492894341265
0.2535043275593736        0.011826233581418577
0.2791960673944156        0.013041428852884795
0.28077266104659543       0.013116164892898937
0.335041697285576         0.015700312589217426
0.3392131643742876        0.015900153402380126
0.34420132464560677       0.016139314408119255
0.35924305647733806       0.016860760070562985
0.3889413515247892        0.018293513986996194
0.4087194787645222        0.0192526847348129
0.43646227961768874       0.020604853405194704
0.45707687528702606       0.021614692807520926
0.46394970501422916       0.021952335163116225
0.47791944634008987       0.02264011666161375
0.5023228218658486        0.023847488139322255
0.5063325061189304        0.02404670334498728
0.5155947099960647        0.02450778174147808
0.5227110757978526        0.02486289188852204
0.5386697655977515        0.02566193311045723
0.5510737052635367        0.026285564771274313
0.5647560311406141        0.02697608160921756
0.5675027052556151        0.027115030416488013
0.5765277163865674        0.027572365308523188
0.5801051239500814        0.02775395654249923
0.5811972248926532        0.027809500079826917
0.6323391880722289        0.030437769013731943
0.6324363735816355        0.03044279001577925
0.6474845750714582        0.031222491472617256
0.6547019056752753        0.03159803353828142
0.6847294125814631        0.033171505160384376
0.7005390073206136        0.03400709683127514
0.7052574953945244        0.03425744131122468
0.7333552242929929        0.03575729806550082
0.7368103728591481        0.03594285685362634
0.7369464070515861        0.03595016714125781
0.7391782502125741        0.036070152714492196
0.7651013889002765        0.037470627864834724
0.7705557293357936        0.03776729499880138
0.7913323734916594        0.03890430986869528
0.8189115463673828        0.04042603715601897
0.8327187159943259        0.04119564772622539
0.8362965347619524        0.041395921572122615
0.8372358316426285        0.0414485910669096
0.8379054626349391        0.041486152714497175
0.8435737334262319        0.04180454396674621
0.8489965687611727        0.04210988661640594
0.8914439354950925        0.04452602655808176
0.9107476516798141        0.04563906168665651
0.9161151647785303        0.04595013091478033
0.919397485832621         0.04614069421403783
0.9502336759586654        0.04794354404825956
0.9721068449331537        0.0492412703639441
0.9786494564308671        0.04963241578409127
0.9947681394005338        0.05060190480036997
1.0075203774136652        0.05137341108671067
1.0107758991780993        0.05157121203701834
1.02180790915074          0.052244051031851674
1.0494153217271092        0.05394507323229611
1.071857327595347         0.055345998319235944
1.0824846549328253        0.05601508560981431
1.086825638830413         0.05628971728783883
1.092630966184987         0.05665801172317399
1.109233972771057         0.05771777001817643
1.126966941304263         0.058860210143541564
1.140508273745371         0.05973994847349458
1.158738748087956         0.060934368616786125
1.1867592051384177        0.0627912078994497
1.1875491646624545        0.06284414360135654
1.1901409934933376        0.06301800651823286
1.2192224985272897        0.06498803615376927
1.2434864009659923        0.06665870524465461
1.2581183657638213        0.06767804408023537
1.2592239695484393        0.0677554290331297
1.281364688936849         0.0693140932959459
1.2993853216639677        0.07059642007876563
1.2997843481439024        0.07062495354850779
1.3045074855285335        0.07096315253670073
1.3270133605473002        0.0725862874096845
1.3469223837313593        0.07403813115524005
1.356668862736677         0.07475211867247494
1.3748547892092093        0.0760988128165956
1.3874366828094076        0.07704154514943369
1.4356372967121342        0.08073654425624571
1.4418883114547134        0.08122543307560078
1.4447288965077254        0.08144832934660831
1.461910946274147         0.08280637575783749
1.4944731685501764        0.08543074281827928
1.4971297515244275        0.08564735083167903
1.5273701534359911        0.0881396186888174
1.5296946354270358        0.08833321350196283
1.5359423739999354        0.08885498807501424
1.5578102708417338        0.09069769208846876
1.5666308588911342        0.09144819274318604
1.583325659837008         0.09287357963226922
1.5988035615245706        0.0942061415157952
1.6203291065637586        0.09607708346585063
1.623376186929667         0.09634623664265711
1.632498134430255         0.09715609658780379
1.6433158757982378        0.09812448765246556
1.6479517465819622        0.09854213424446781
1.661026723754703         0.09972646950717222
1.685622121551366         0.10198432641114404
1.6964993941351867        0.10298684397002769
1.6992569592105147        0.10324238709572617
1.701547959296044         0.10345511243574967
1.7036211677018924        0.10364794280012864
1.760473675704007         0.10905710749973413
1.7852388505223313        0.11148653457258273
1.8201943662124194        0.11499119267474887
1.8216799740991174        0.11514210035390426
1.8355062956973454        0.11655423885067842
1.859617778054791         0.11904995776309245
1.8667677029433156        0.1197969324462405
1.8698633228767574        0.12012288359305352
1.8705685506998126        0.12019622241531941
1.8731802025547974        0.12046805523209302
1.8919976926697777        0.12243942595803292
1.9004112972258853        0.12334630686298066
1.902515906108543         0.1235734645147757
1.9176394893683435        0.12521366707633802
1.9285482168663568        0.12640532392180603
1.967378380614227         0.13065339331346698
1.9749084596549455        0.1314936362655518
2.0008507266283573        0.13442930086380825
2.022745875148866         0.13695632137067232
2.035732357118625         0.13847648757666622
2.0388940073408954        0.13884898743232363
2.041357751075195         0.13914106229134499
2.047464314225693         0.139866950395662
2.053556501952804         0.14059391279804634
2.065615031944699         0.14204101736134717
2.0921264667150172        0.14526086092018
2.111539064264886         0.14765192875747254
2.1115717955750166        0.14765599514488983
2.1118236497035987        0.14768728598682876
2.1628257315962176        0.15408382192847006
2.1640001683949848        0.15423252152432085
2.165564686892793         0.15443268932578103
2.1725291215074916        0.15532557867292346
2.1774839038668214        0.1559626507531134
2.203080595719807         0.15927809040151314
2.2165221464678706        0.16103541965228085
2.217357124881885         0.16114557189154632
2.225756165863781         0.16225529157146684
2.247527189041668         0.16513957402136065
2.251848031102789         0.16571575164238445
2.2579106427791653        0.16652628049648763
2.271191299121959         0.16831033613513807
2.288783910548253         0.1706916612751079
2.295892827312917         0.17165974700382808
2.29655805326753          0.17175050847241674
2.304236779211915         0.17280029731920965
2.304654814986229         0.17285756095337923
2.3163909976147354        0.174469947419419
2.3511338528173784        0.17929436867743329
2.3622945642678475        0.18084625409798746
2.3705096623265964        0.1819954923149548
2.3727257792494165        0.18230652000606157
2.3758622184075637        0.18274744480064425
2.384831918826057         0.1840131498525486
2.413736533393976         0.18813956206082477
2.41448418318987          0.18824726248796306
2.414877816511826         0.18830398572363735
2.4397807949072976        0.19192000319219213
2.44177334310369          0.19221166523717692
2.4585235786555013        0.19467002407498923
2.4715786981569345        0.1965739234157972
2.4736248843374478        0.19687240175290374
2.474337612414714         0.196976339402674
2.4760036678277735        0.1972192442284823
2.503211288111507         0.20117467083032778
2.5052220132328613        0.20146614029323284
2.5153684312253923        0.20293515708038284
2.532742392720588         0.20550689352793228
2.533090249365286         0.20555828539459378
2.5344206747773077        0.20575480487277742
2.5384192540938963        0.20634510079908622
2.5603242654940654        0.20956977176313019
2.567951110514306         0.21068892435628447
2.5781117746763935        0.21217699155962153
2.6033309810362075        0.21585614889110188
2.6036597881016426        0.21590398307263736
2.61974887576942          0.21828877915337627
2.624263167777798         0.2189584799888835
2.62707264377032          0.21937185868633352
2.627825303932181         0.2194825130710103
2.657820594894572         0.22386139396823782
2.6616585649273596        0.22441732367420483
2.667925564127338         0.22532297237578117
2.6804773026408695        0.22712890465022112
2.690048318915094         0.22849886606343214
2.6915868256457007        0.22871986629315574
2.698362782764508         0.22969165775904982
2.6994491141700756        0.22984722223679158
2.715966006398566         0.2322044841479561
2.726638518994483         0.23371967739490063
2.7332501093752026        0.23461060398065384
2.7367882547324545        0.2350527724667721
2.7425967223897056        0.23585887064474773
2.749936127659098         0.23691023054547297
2.7586991246765984        0.23814629987884955
2.8077934391291026        0.24469294850035914
2.8345039777172536        0.24803936516336345
2.8490563684560652        0.24979867755880847
2.87644453900625          0.2529875798084498
2.8822665835868566        0.2536448930416816
2.8889757299316545        0.2543934172301705
2.917293231047471         0.2574472244424427
2.9494954147920525        0.26071264770178315
2.9567397280446097        0.2614168498589301
2.9642258183366965        0.2620981347532703
2.9823717548678856        0.26364866531037073
2.9823959776922657        0.26365063964372243
3.013846854805422         0.26599942168441054
3.013934851516163         0.26600539146593133
3.0225421419146823        0.26657308674536623
3.0534518672744406        0.26830923065529194
3.058249872807372         0.26854247825467215
3.070462438546442         0.26908654415969474
3.0889782305382223        0.26977549416674934
3.091903309508837         0.26986935008242463
3.119375970534757         0.2705513508614111
3.1295140007697584        0.27071193360181955
3.143740082204482         0.2708544666210539
3.145388855035696         0.2708647330093568
3.1460708250674334        0.2708685996961384
3.173332967763077         0.27045444943869573
3.1904148376252306        0.2700200518645781
3.206068240684023         0.2695036645121982
3.209438816768764         0.269419782456449
3.23888341681773          0.26827312856195407
3.2475123112432875        0.2677739806325747
3.2502564140339083        0.26759974998567915
3.2662998276687865        0.26643145758204184
3.2707971166416585        0.2660580968373613
3.285725532476282         0.26467477221441876
3.297225860144943         0.26345679316189247
3.3098889514521437        0.262047140327134
3.3183763883068114        0.2610461368756045
3.3338556106865824        0.2591044164524767
3.3437420285101167        0.257785773016897
3.3507859772835547        0.25680893153584544
3.3589361643155047        0.2555387783641421
3.3818350463972258        0.251714045113737
3.3826653233821453        0.251568269952285
3.3983558410682084        0.24872005194492952
3.398770283457406         0.24864198400683338
3.3992071326210236        0.2485595792525775
3.4214101504386742        0.24421441957662396
3.436913652803888         0.24103701784208023
3.4426877072771562        0.23980012163005854
3.4437529277382937        0.23955441043534678
3.444662833115533         0.23934352573408105
3.451993797771883         0.23761085953782646
3.4745006744587803        0.23191786975339018
3.481332477317987         0.23007832287623975
3.4879677482040967        0.22829055535712264
3.5102964778434647        0.22196067500239974
3.5134068379157255        0.2210405442628075
3.5342977439104524        0.21484830906307995
3.5351445992963906        0.21458987725090012
3.5380070700825774        0.21371206936596326
3.5518813924345687        0.2093637980624956
3.578098231802989         0.20072385187512948
3.584479384449837         0.1985370883571573
3.5883223238075552        0.19720431733270133
3.5903559469534136        0.19649422084889298
3.5953876264968736        0.19472294561869785
3.595919773434588         0.1945373537537596
3.6034953555652627        0.19186912872399547
3.637833270790436         0.1789858885684064
3.664125480138613         0.16827006438748948
3.6726971551809946        0.16474498181116815
3.67420660823842          0.16411765901939565
3.6858215805776604        0.1592113334913274
3.6898623267819834        0.15748106510583448
3.6914323379681155        0.15680551964837408
3.6995387772738013        0.15328845885371942
3.7157718151497483        0.14609943624986388
3.7308617163212263        0.13924182337524724
3.7505715276108913        0.13003096707989284
3.763555048307044         0.12380644442137756
3.767691149518766         0.12179733340007264
3.775901852064792         0.11777148445666417
3.784084230082617         0.11369918588770571
3.8019104545963125        0.10475073589085572
3.820429201574325         0.09534360674752652
3.8320558734447143        0.08937967939969949
3.8449677348454956        0.08270423778791619
3.856523370491786         0.07670597032370306
3.9495767738025407        0.027548299069483192
3.9496878693046935        0.027488363965551033
3.949970182985706         0.027336041414361717
3.958451135264802         0.02274899126220411
3.9655025091196765        0.01904017798934906
3.96627315508913          0.018629233171430826
3.9664806109203927        0.01851859461713156
3.9697631736694667        0.01676721511547604
3.9976647474438534        0.00182352908715436
4.016626612475177         -0.008390463753108979
4.0331028310860955        -0.017303838147111214
4.04708913246847          -0.024898153263176417
4.071465146167818         -0.03819523692187566
4.0727638905875745        -0.03890588752248007
4.099932507083062         -0.053822818323346726
4.107820332583691         -0.0581724648942827
4.109472865066332         -0.05908061925938276
4.123652618362737         -0.06682879313383591
4.132503264479219         -0.07162473769834721
4.137552935978536         -0.0743471611268404
4.157671527890584         -0.08489588204378487
4.160623392878129         -0.08642238128944207
4.167211808699559         -0.08980984469437317
4.189333915799978         -0.10098590123717996
4.214118972666476         -0.11314461782352947
4.2169096977073695        -0.11448964816390104
4.224767101454681         -0.11825053884397252
4.226649852227179         -0.11910938801395135
4.230865888878125         -0.12108409362322813
4.2410247699123715        -0.1258418677446197
4.278368185691818         -0.142854907077322
4.286843169599894         -0.14661171821911867
4.298214957910414         -0.15159203930075243
4.340580502965291         -0.1695349949940712
4.350244929369442         -0.1734931426387252
4.353616814147651         -0.1748623253631259
4.35368968544494          -0.17489184798517857
4.354022137095472         -0.1750285486333267
4.385832854796185         -0.18770735590098891
4.415885452356125         -0.1989555335866721
4.425249752498866         -0.20231552079188342
4.431529689871436         -0.20452178530471085
4.48623107377642          -0.22181290336682213
4.486855829536094         -0.22199042583404865
4.487094210643291         -0.22205804227501613
4.487161972997641         -0.22207725098334494
4.516432744756048         -0.22987871435954288
4.529343384628736         -0.23300523054755995
4.540601732936366         -0.2356525151785135
4.556477443400829         -0.23919259401553886
4.556571950359228         -0.23921299187753195
4.557415520910598         -0.23939881070771213
4.5906947282106945        -0.24637156331819107
4.603634660771215         -0.24889429193482426
4.608276660098054         -0.24977356052212446
4.613697367406846         -0.25078313834605637
4.625321625236541         -0.2528727387796936
4.6265797369838175        -0.25309376579790943
4.629113581144348         -0.2535358720445883
4.633797083257553         -0.2543423445948306
4.644003613278164         -0.25604953503203237
4.675549465161379         -0.2606042022247804
4.691957224904547         -0.2625819845294677
4.705880859443152         -0.2640503485809589
4.7068744613666995        -0.2641477626993615
4.722158520546779         -0.2655225330320268
4.740256194594373         -0.2668843869183325
4.75296061458596          -0.2677320121472173
4.759802704935376         -0.2681514672050076
4.774394890769421         -0.2689594135769652
4.807084619002402         -0.27034129661555356
4.817630253461434         -0.2706608056036688
4.819637170499102         -0.27070754090911137
4.828985699318574         -0.27088389185814066
4.850114614514606         -0.2710316401161204
4.872154520774542         -0.2708151626954327
4.880095435245147         -0.27064443340382716
4.8878002760306805        -0.27040231004337945
4.88949758069152          -0.27034042508535777
4.8900986958837604        -0.27033712997754206
4.890541334929868         -0.27033456237274694
4.896916918349826         -0.27028429334845394
4.914144323160372         -0.26966281370601647
4.94710531377891          -0.26815446938612925
4.948166448149023         -0.26809894253542327
4.948879199858764         -0.26806140177096444
4.948985253689711         -0.2680557991362936
4.952724823237438         -0.2678554687980285
4.990602306804469         -0.26555044703778047
5.0006088194881295        -0.2648404909812807
5.004549040976232         -0.264549349599722
5.007478801542334         -0.2643286275841841
5.007858794817332         -0.2643002424532644
5.013238224105062         -0.2638913054786372
5.016505537639748         -0.2636364555900618
5.0171102161049355        -0.26358875432547685
5.065444917477924         -0.259233790264807
5.0685312354386305        -0.25893032740047045
5.113959041054093         -0.2541929495665249
5.117082267452898         -0.2538350754140459
5.12586245379624          -0.25281998162192093
5.143628625489833         -0.25072530585753683
5.203453743689452         -0.24327123874627024
5.206871839212881         -0.24282881750955354
5.217808713673431         -0.24139843791164153
5.220832885742942         -0.2409989507487012
5.226609580574529         -0.24023107945785546
5.226950396763374         -0.24018558014090688
5.227346972720623         -0.24013260933455205
5.227409895146475         -0.24012420204228468
5.298571064470105         -0.23013943866333333
5.3118004903064495        -0.22818828165637303
5.312878999302034         -0.22802865014674345
5.313452885537064         -0.2279436736985641
5.314840245528493         -0.22773814474526385
5.315349706182594         -0.22766263577640328
5.319708705801132         -0.2270548887555305
5.328714829411066         -0.2257938380806418
5.35303305627851          -0.22235250697227063
5.362988033766367         -0.22090047313278247
5.368071751270069         -0.22015611928049308
5.371124981928274         -0.21970814402403904
5.377977004034464         -0.21870144916163906
5.380928067688536         -0.2182589776916206
5.434255531117765         -0.2103096714599318
5.4458549202711914        -0.2085922452684813
5.468755608370705         -0.20521374748036172
5.47967403302512          -0.20360868232735566
5.50046581924754          -0.20056237824307224
5.510772850542334         -0.19906659910634975
5.51373283650792          -0.1986365267149169
5.520161982027535         -0.19770161325837457
5.5276250743200475        -0.19660381932917897
5.5448346764974           -0.19408570475848708
5.553625101073281         -0.1928066759298143
5.586900996563598         -0.18800897936476615
5.599135025681116         -0.18626259801601164
5.609639321406596         -0.18476919740345948
5.610068424951085         -0.18470833403681536
5.653078783784296         -0.17866455512691065
5.679057199416361         -0.17506852053232014
5.713389768838405         -0.17037895671776598
5.718901051692984         -0.16963482539621147
5.7213544658099424        -0.16930685395989595
5.7368557527170685        -0.16719774975340287
5.749394161515507         -0.16550111760453035
5.764351065504855         -0.163500993276015
5.768979555143611         -0.1628862437777362
5.784583349193676         -0.16082839352651393
5.803404358021329         -0.15838756026438583
5.811955638744084         -0.15728617636037484
5.813028464201029         -0.15714833445452125
5.814281472005473         -0.156987436492622
5.821959174047969         -0.1560037746673956
5.831394324668807         -0.15480019430720407
5.843629709576229         -0.1532480188030304
5.865221824362445         -0.15053257746733179
5.8787625452987395        -0.1488443079542354
5.882438845708463         -0.14838826156531365
5.89560879770937          -0.14676264986036672
5.902377239545207         -0.14593214068927757
5.903153917820387         -0.14583705443609576
5.913144229222487         -0.14461791184938672
5.923068703408054         -0.14341404206671998
5.9277164417736           -0.1428521882960306
5.931562617632917         -0.14238877873096561
5.936660580671224         -0.1417767033485693
5.962191613638229         -0.13874836628861167
5.96857449159143          -0.13800090307384696
5.971654624585901         -0.13763899421618245
5.985696254842656         -0.1359997815028725
5.986766651471357         -0.13587554037126862
5.9880891130658345        -0.1357221821658502
6.024701259724516         -0.13153799606204325
6.031563066288164         -0.1307670127089764
6.048854383716742         -0.12884268060799836
6.055428337766947         -0.12811616138926024
6.055675636424601         -0.1280888874115431
6.060357585502377         -0.1275732951014057
6.060508670856958         -0.12755668138365667
6.079958947597192         -0.12543057915240977
6.09340306505422          -0.12397573714078776
6.1190579879971825        -0.12127091841387144
6.13031723465852          -0.12009475464110268
6.1434591593432675        -0.11871598711984026
6.172512909720578         -0.11571210540615086
6.204145685677953         -0.11251087325360962
6.2055003271653           -0.11237539680930084
6.20758106550893          -0.1121684361179549
6.222051258870531         -0.11073746184853903
6.22766816785446          -0.11018591117790198
6.273377095811763         -0.10577888005838279
6.2938791205257125        -0.10384924153825877
6.321996716229773         -0.10125022945129664
6.364337710187369         -0.09743993444164435
6.3664095502794735        -0.09725667856095653
6.376417740486759         -0.09636717872330404
6.38525220252612          -0.09558672269307525
6.4251141025651055        -0.09212034489834658
6.425780071027264         -0.09206314377595241
6.432279536140784         -0.09150628042964569
6.4746694221991135        -0.0879502751519075
6.476660460308782         -0.08778517777597057
6.481901733572918         -0.08735139671515971
6.493931036427903         -0.08635997896200928
6.51638194216856          -0.08453268140522768
6.517052945220531         -0.08447857982725246
6.517844513183356         -0.08441479201557935
6.545039778756803         -0.08224607399296074
6.559351588106537         -0.08112254855490066
6.562540205167345         -0.08087390212450436
6.583911172856265         -0.07922312207682347
6.588052650230616         -0.07890638118268595
6.5918761011344555        -0.07861487482702735
6.630868172726526         -0.07567205358137546
6.65452800917452          -0.07391785448727019
6.656014236395081         -0.07380845515821263
6.6575224065427765        -0.07369753649290287
6.6830848893507895        -0.07183222658045166
6.700652824733438         -0.07056636640425135
6.718774641654691         -0.06927314276358996
6.728193605801704         -0.06860654500400237
6.75542968123505          -0.066700417656539
6.790970694535129         -0.06427141546136772
6.792529157740131         -0.06416630993223364
6.810667376587251         -0.06295080876172193
6.83305136969879          -0.061465157627235964
6.880837977438449         -0.05834664146804977
6.885873399463313         -0.05802224858759397
6.898825993966624         -0.057191506182804885
6.914792315083425         -0.05617564054222063
6.9216139877524885        -0.05574425954969965
6.940869303550112         -0.054535178972866166
6.9714841155102185        -0.05263885443918087
6.986349771043065         -0.05172958698800686
6.991419895656937         -0.051420424537038364
7.027600839555159         -0.049239060865355615
7.028923552923232         -0.049160139960532534
7.03291798899273          -0.04892306744291891
7.050363132142498         -0.04789453623780332
7.055222358627751         -0.047610030817438954
7.063001828885833         -0.04715311646397842
7.069391059145273         -0.046779184265072035
7.074799815522118         -0.04646357128348732
7.106630541888778         -0.044622629783846034
7.115623928261737         -0.04410722307960912
7.1196874612424565        -0.04387502733564165
7.161474889031293         -0.04151191638059731
7.164203534716878         -0.04135917395664703
7.16559573805231          -0.04128126949722829
7.168464582514307         -0.041120888809036235
7.188705710744144         -0.039995184365647786
7.1890706243132065        -0.039974984023977866
7.2144834244058496        -0.03857711881061354
7.224210885419014         -0.038045542964934315
7.235396492607497         -0.03743667651875471
7.2596327623602335        -0.036126203761387164
7.260821371681119         -0.03606224388467814
7.263095037561687         -0.035939976891823294
7.292410689699227         -0.03437299165738252
7.310604319271303         -0.03340906526649009
7.326393677964881         -0.03257775995190379
7.345662718662124         -0.03156984641045676
7.360830148562598         -0.030781577405123814
7.37574378632134          -0.030010878625201597
7.389740649100709         -0.029291066827613017
7.396407330709372         -0.028950110793418096
7.415707366180624         -0.02796522035087618
7.428145678015278         -0.027333321048421635
7.4482960203681525        -0.026314344172726455
7.463889208956049         -0.02552981780335884
7.496501034384794         -0.02390033309151961
7.501529618331089         -0.023650748643932414
7.504884419599094         -0.023484406378680597
7.5278019997372585        -0.022351653020013632
7.541133045121317         -0.0216956066204542
7.544469179856413         -0.021531759336820624
7.553826133494809         -0.021072917689256832
7.557300565367341         -0.02090280507144237
7.570088817476325         -0.02027791142859174
7.600366877092396         -0.018806130697472796
7.611151232604823         -0.018284546644677328
7.63013846766048          -0.017369589480810615
7.634459709100109         -0.017161018816522412
7.640942507736901         -0.016849309578235327
7.6966285290404075        -0.014186672324956573
7.698670260360103         -0.0140895316473014
7.7062265453369765        -0.01373030639217338
7.709050311564513         -0.013596179786983348
7.714809071059914         -0.013322837369594472
7.72270623672567          -0.0129484177010003
7.736495269622836         -0.01229582705331355
7.739754284371592         -0.012141725274097577
7.756482651329691         -0.011352077368861258
7.766963189381308         -0.010858503419831647
7.797517936554194         -0.009424607289749051
7.8064898360006625        -0.009004998218319443
7.810208543220493         -0.008831267471823093
7.830812930732152         -0.007868412696099912
7.833836545904416         -0.0077271911557233565
7.857568256357021         -0.006619428612576095
7.879837093666892         -0.005581007959690682
7.8838258176143095        -0.005395117399917391
7.902784545534073         -0.0045120134460662955
7.907126575471215         -0.0043099638761578945
7.962120398790338         -0.001755078972992416
7.982619043458689         -8.047356790406193E-4
7.995197723907407         -2.2225682950659004E-4
7.99875907993642          -5.7425290584335396E-5
8                         -8.216982244817117E-17
