0                         0
9.765814923985599E-4      5.4127362710274E-5
0.0017807422633578048     9.870219216258857E-5
0.0730675674109995        0.004064302973074893
0.07345653938808733       0.004085982916150801
0.07878444335586084       0.004383029220540301
0.09219932669134617       0.005131670654089801
0.12588240526964867       0.0070138994130164965
0.14427967006235382       0.00804430270081364
0.1573027349910733        0.008774710460564487
0.15812141451897416       0.008820654520303596
0.16838186408057487       0.009396747301604341
0.18138431338057304       0.010127538134633398
0.18268215628269063       0.010200527814545614
0.19727397506521485       0.011020697506234797
0.2129607699947064        0.01190321536783559
0.2146215370761755        0.01199669654153328
0.22052564960685012       0.01233072136069474
0.23550239728905778       0.0131791189142677
0.2427567713599356        0.013589493021897447
0.25545611295030846       0.014309802108180439
0.2668441878019433        0.014957811672582968
0.29045045832492966       0.016307317958590868
0.30503609036416957       0.017145354258073463
0.3279570924160313        0.018468893372494962
0.3535945997468441        0.019958990017255623
0.35498291158157413       0.02003997337721279
0.39428616984552656       0.022345078487926145
0.39679981687358973       0.022493320654819276
0.41380795587536545       0.023498960782454423
0.42426282951999045       0.024119123298201907
0.43075973253376587       0.024504238076403246
0.450417861378732         0.025677598538950516
0.4756970590945077        0.027199245664120762
0.47857597911701877       0.02737344997186422
0.4865509734396496        0.027856992655435026
0.5112552951615685        0.029363952507126482
0.5233236525213844        0.03010511102139465
0.5328891287140477        0.030694886268742744
0.54647136860396          0.031535857258037446
0.5496168952338458        0.031731210408632554
0.5567245195376842        0.03217402988812684
0.5915389506753277        0.0343599498521838
0.6084688771502861        0.035430949062836
0.6113683457419165        0.035615408427362404
0.6136522705029493        0.03576092142490245
0.6166398918466967        0.035951552250443726
0.619097473668461         0.03610860424729946
0.634132538672682         0.0370760966407303
0.6472834001204333        0.0379282732105673
0.6522343347911703        0.03825052804218769
0.6768569768613708        0.03986485960712746
0.6899010663417953        0.04072736683607169
0.7210215429147289        0.042807186703320885
0.7405423637175699        0.0441276522397451
0.7605966739210254        0.045496942100116164
0.7805382602289022        0.046871335332767626
0.7907619872470679        0.047584800797902
0.807698269476288         0.04877665827745416
0.8207092964355807        0.049700715931530394
0.8345844705617745        0.0506942194383704
0.841667154506315         0.05120457288839034
0.8444320436171391        0.051404362040692896
0.8513163247788706        0.051901669821923735
0.8529069679978106        0.05201690408485712
0.8605415389435908        0.05257171069305459
0.8999902129788574        0.05548380570525993
0.9166271815170197        0.05673472569650586
0.9175706561473003        0.056806069743466525
0.9204114792709064        0.05702115073207844
0.9555483823405753        0.059713973642015444
0.9819380382551693        0.06177606662278415
0.982347065274655         0.061808468845642714
1.0157521079070198        0.06448627439760847
1.021911892358473         0.06498756103106312
1.0526578528515085        0.06751457696627593
1.0547682887116698        0.0676903387349533
1.0682179935059204        0.06881741565225488
1.0746863615556836        0.06936374300370493
1.1158679841364065        0.07290722042862072
1.116173771043493         0.0729339535481055
1.1248088471184547        0.07369143261296594
1.126473723900519         0.0738380475160743
1.1274608307528948        0.0739250626227068
1.164133506614723         0.07720372245195584
1.1774552471138835        0.07841579079227612
1.1784167203907392        0.07850420001101903
1.1794504234810774        0.07860029080554318
1.180422606615124         0.07868958334958218
1.1822112743450033        0.07885332145318576
1.1841476784623315        0.07903197014049072
1.22632932281963          0.08299987601973152
1.2442782169429378        0.08473253512674549
1.25191397503926          0.08547764825586615
1.2588388213717694        0.08615752390990157
1.273648410720924         0.08762471644881384
1.2962145371821872        0.08989493918087374
1.3111271647309781        0.09141811533540965
1.3173951995701643        0.0920637767568538
1.3209674986222182        0.0924331957561723
1.3239424443826464        0.09274289196385041
1.3255200156806684        0.09290749811122302
1.3378409912519909        0.09420211593256839
1.382141348588229         0.09898919712180229
1.3839689203485455        0.09919112871380938
1.3851614665271512        0.09932308511724931
1.4332456492254422        0.10476600220491102
1.441140098085683         0.10568158171176299
1.4431777436764253        0.10591920800386799
1.4466292665741232        0.10632293959586833
1.4476839499900247        0.10644661449602587
1.4537317440566566        0.10715856418702623
1.4871441325292103        0.11117690499127553
1.499414387733572         0.11268873133345195
1.5009513240784058        0.11287946662810577
1.5165986445416517        0.1148386524998628
1.5314216781441046        0.11672759069443793
1.5340547691820468        0.11706639415658027
1.5374162674913214        0.11750035276196029
1.5514758394686317        0.11933277953175087
1.5806067735243048        0.12321878770036206
1.5828293169217782        0.123520215590762
1.5838931262973504        0.12366419401557201
1.5855788962681483        0.12389065284506927
1.5876120618610632        0.12416449308110143
1.589097668565205         0.12436588321993172
1.5894267493212415        0.12441054760793939
1.5924502620226952        0.12482182811891485
1.5937718721229313        0.12500212172382788
1.5943800990683414        0.12508520180923988
1.5963991194181921        0.1253614665500457
1.6455230777304604        0.13230996881200813
1.6501445338975238        0.13298007793640837
1.6627908551598778        0.13483725057248086
1.6874951567731467        0.13856485773073135
1.693462639965853         0.13948256370022857
1.7260314530233587        0.14460962024427318
1.7541448038822767        0.14919633314406713
1.7755574685738889        0.15278993465858942
1.793266940583556         0.15582744797060016
1.7990616372500492        0.15683420663680156
1.8419133670915473        0.1644596827083803
1.845909574370642         0.16518772022658687
1.8517542592883813        0.1662577129425328
1.8565343766839166        0.16714833712447735
1.860289922573558         0.16785081208285432
1.860876703716935         0.1679607878881181
1.8613005578629918        0.1680401300860347
1.8677316057423339        0.16925004896289664
1.8763189314805198        0.17088342122347613
1.8849729098655827        0.17255003848824713
1.9068150480379384        0.17684263692897376
1.9172430086722307        0.1789423932538596
1.922665433883562         0.18004710760367468
1.965301513952726         0.18894728728411936
1.989434854317016         0.1942311785244252
1.9895572713644016        0.19425845355517415
1.9895598029625723        0.19425901765330994
1.9978417602922585        0.19611472271323166
2.0005519472014677        0.19672645348152337
2.0288254389833416        0.20323965837842645
2.0366012672692655        0.20507299237185947
2.066466382787401         0.2122830700966144
2.0688425870511913        0.2128682320565519
2.0765309069288977        0.21477316146431652
2.0841459402178866        0.21669738142172384
2.0944761635284053        0.21933351806027496
2.1066948729962904        0.2224899515429434
2.12349296255623          0.2269314146688785
2.128734655057044         0.2283354699356494
2.134590630324459         0.22992236771584681
2.15331166059774          0.23509276858438694
2.1692933312329417        0.239587192005736
2.191572145885563         0.24604081166254782
2.2388642187991454        0.26046692953436995
2.2518180308797286        0.26459078934700025
2.258705317098578         0.2668135498164429
2.2648916768086655        0.2688279631771386
2.2790333247537022        0.27349629255674124
2.287660758946253         0.2763877054912043
2.3337646347148966        0.29239642671204513
2.3362187678978903        0.29325072863767393
2.337153235407498         0.2935898706408938
2.339724383182759         0.2945246466236844
2.357836873034895         0.301145772667929
2.384544905972616         0.31127800547224016
2.3912130790385184        0.3138763079944376
2.4039638841468283        0.3189210694084479
2.4362709727737224        0.3321517965843057
2.438499141719194         0.3330889338711169
2.4429416914389317        0.334966484367499
2.4439063379082127        0.33537576926323026
2.451044293613058         0.33842200677882445
2.4562794090888413        0.34067601228224154
2.4613129099024267        0.34285903955547736
2.488532907884953         0.3549331907327449
2.5129266662915724        0.3662925219845586
2.5231941574559387        0.3711759815139696
2.5232714054893006        0.3712131271700574
2.527879342719297         0.37343423148998667
2.535919526812099         0.37733480459861674
2.5360259090823414        0.3773866279684821
2.5487424758446284        0.3836216085241894
2.5803698321729405        0.3994743305144264
2.589145351692414         0.4039603213530237
2.60587253916936          0.41261630888672307
2.6115577088523922        0.4155896797812083
2.637853258061333         0.4296059187074945
2.650857981202857         0.436760188529972
2.6547428673239075        0.4389281466745392
2.6713385407296184        0.4483487498262785
2.692792031940018         0.46090973003980074
2.7120992647827484        0.47258315052970495
2.733071148277629         0.4856591967101657
2.733867129918811         0.4861585959571657
2.7362352914610693        0.4876469078448724
2.737122326501701         0.488217382891803
2.7395813365847386        0.48980113898616334
2.7542674125091477        0.4991007344638306
2.7794218496601255        0.5153243389311494
2.813701707748306         0.5380335688968128
2.8178952364415775        0.5408591585694165
2.818244634856848         0.5410950499117086
2.8222418126552817        0.543798804666865
2.8270170101666614        0.5470411625599787
2.828508511064379         0.5480566442868844
2.8931487630859           0.5920279606399227
2.8982639035671074        0.5955895496173381
2.899493368774146         0.5964485206253863
2.901944429095051         0.5981643346689655
2.9044397911240765        0.5999157728461685
2.907297626085369         0.601927338429704
2.9095921645575995        0.6035468293772526
2.9335603910814485        0.6206988467014763
2.94636185608259          0.6300356297061145
2.9516170359568896        0.6339039624985058
2.9691713606949173        0.6465341832470225
2.985067345757138         0.6581286167378348
2.9918434562107685        0.6628423677055191
3.0107976167514683        0.6760908595658486
3.031298462928076         0.6905252175221589
3.0541870060527465        0.7068730155606177
3.055160190803701         0.7075518462258438
3.0618302134000626        0.7121687432625038
3.093190976366027         0.7330415298367176
3.102600922277553         0.7390360094523942
3.1102980959853097        0.7437003586471337
3.127199094478867         0.7535832944325325
3.147386832248948         0.7647420270095682
3.1514409630643767        0.7669199814934936
3.160992838623053         0.7719551744133676
3.1681934556561937        0.77566158169936
3.173391613617192         0.7782895207155115
3.180173636449161         0.781658010975692
3.188732520679186         0.7861491345944099
3.1988283710959657        0.7912215751605907
3.2189488628826695        0.8006037760978059
3.2463923099146856        0.8118400023508625
3.2542145722888627        0.8147128641965221
3.2701696839462713        0.8201190704024036
3.2722547473587555        0.8207805967618641
3.303893360123547         0.8296384715200046
3.3221134935482453        0.8334511791540569
3.362232321441267         0.836185470615599
3.3887330571285106        0.8337215273706945
3.3967688216763117        0.8323031421282316
3.4062802786842976        0.8302206074130442
3.411895512665544         0.828859807591095
3.4159627894443503        0.8278121485803666
3.4182268894234697        0.8272063910086682
3.4325813505713714        0.8227949859689767
3.4335470622419253        0.8224674936083777
3.455889087685947         0.8143386188269292
3.475778456325262         0.80585694048111
3.4807357572403395        0.8035603410269792
3.481784286224807         0.8030652472526691
3.4969371725287473        0.7955464335420265
3.5003748629552938        0.7929936352931046
3.5116900950847176        0.7842376359005977
3.5183599632479523        0.7788223706649743
3.5363181520281928        0.7633057897078447
3.5440307499093313        0.7562226458225437
3.5477629744614054        0.7527045920322538
3.5896383256604287        0.7116893667591161
3.616111254704804         0.6830361855050777
3.6195920724899047        0.6790057870091855
3.623241951690412         0.6747140073191176
3.637773438882996         0.656960676843853
3.6624935900803273        0.624313007069667
3.676113234119009         0.6050089707849631
3.68562244014144          0.5909763469733155
3.726535533074265         0.5253995394027835
3.731445013069059         0.5177129627753925
3.738863573652713         0.5052288491150172
3.750535650223395         0.4859778853872541
3.7769801927673234        0.44091576900377705
3.7787332227790817        0.4378576207274193
3.8029854819503552        0.3946445581647966
3.8542529522418607        0.2977386374791682
3.854497852014983         0.2972576214743347
3.8668345298878117        0.27280396484693675
3.8683963611789465        0.2697567005636979
3.8793648359420905        0.2477482991435475
3.8796334297867108        0.24720815584247802
3.8820517919774558        0.2423422234955369
3.9197163514413362        0.1659839174529179
3.960177205696605         0.0825012527787292
3.967152441589155         0.06795694686712753
3.9766362304017453        0.048263709319655033
3.9773568600608122        0.04676897289290935
4.006471203277096         -0.01342388164628661
4.054719467410051         -0.11233157873183568
4.063278816923762         -0.12976809879349332
4.103099002714305         -0.2102773223057373
4.1050316906926945        -0.214244481861768
4.127184670528062         -0.259295454789338
4.133138161286142         -0.2712704194099137
4.161575046342703         -0.32769607469359174
4.186321516196394         -0.3757589956505213
4.188399706137095         -0.3797512293460082
4.203873515327856         -0.4092620152361991
4.206956833816363         -0.4147740327466029
4.212759658204437         -0.425034764969198
4.2219203868307575        -0.44093286925609837
4.222954789051235         -0.4428734408302087
4.236467452397425         -0.46767459027130553
4.2388130314453525        -0.47187577308804846
4.240031888982534         -0.47404674250479306
4.247131066488532         -0.4865265143545381
4.290616243932619         -0.5569005255862276
4.35624105791583          -0.6469075515922099
4.36189756989603          -0.6537536402085016
4.36327142002484          -0.6554187013475751
4.366762949158107         -0.6596236670558715
4.367505689178384         -0.6605132395069
4.463067962516257         -0.7605280106369127
4.468380287837396         -0.7652470852693294
4.471960117594745         -0.7683771963336491
4.47755115406788          -0.7730895323587621
4.478137893552963         -0.7735735919155021
4.534370667319778         -0.8107395702170517
4.537200307145685         -0.812066689529549
4.545739122419937         -0.8157659540268082
4.578449561991233         -0.8256908053840242
4.633140402284149         -0.8320587817149661
4.6363204722847815        -0.8320716970816204
4.653866185772261         -0.8316321984666853
4.676929783793455         -0.8296252015126951
4.683416371508147         -0.8287682271899485
4.732224851104756         -0.818201329432154
4.735873640414222         -0.816996781363235
4.758230529044772         -0.809023506832036
4.770948255250051         -0.8040331265700166
4.7732931500046725        -0.8030769901660444
4.792020164403756         -0.7950386862754341
4.812274319161897         -0.7855399319032451
4.838484065801834         -0.7730729699606923
4.849804784364432         -0.7666873261136607
4.852633913268534         -0.7650601440912381
4.878775446001836         -0.7494314100198394
4.899264366936476         -0.73643355886482
4.910567126102198         -0.7289817372665668
4.924298198075512         -0.7196596361487254
4.935877681296611         -0.7114931152607954
4.966548191373277         -0.6898807176062067
4.997585487904872         -0.6680367864392638
5.007324867418832         -0.6611878318421969
5.022471084221074         -0.6505419649014473
5.022785885245192         -0.6503317236794522
5.0685793147988845        -0.6191776882211925
5.072667772489494         -0.6163247411399287
5.085724053427928         -0.607135520084401
5.089877971824098         -0.6041868611556338
5.105047329342028         -0.5933161249610139
5.120341558584041         -0.582192552931312
5.124910504674996         -0.5788377167007445
5.130769765900312         -0.5746664703785658
5.130799783995017         -0.5746451698443622
5.153932911579821         -0.5584409245737156
5.181457122832416         -0.5397093111557107
5.181651925649653         -0.5395788621602158
5.185847595480915         -0.5367764935890328
5.188727564060169         -0.5348609233051731
5.22208695074051          -0.5131479643164059
5.246784686286833         -0.4976367586297138
5.255876117064193         -0.49204780447172136
5.292506474140251         -0.4696344453643831
5.302819808931146         -0.46324110216020326
5.323911482305438         -0.45130238361469904
5.327078609204386         -0.4494909020498322
5.351480627335169         -0.4355114353464488
5.353160298115743         -0.4345653453399063
5.367995915224711         -0.42629944149427323
5.379974924937842         -0.4197436484901819
5.389476684047326         -0.41461888981413625
5.407044782189536         -0.4053190158184724
5.41073931576853          -0.40339225384319355
5.434625147746976         -0.3911784324919205
5.452530622010306         -0.3822986870985618
5.46092926626333          -0.3782151063000786
5.46177491590734          -0.3778058188484915
5.475589607464167         -0.3711843900947598
5.488352429233929         -0.36517560275989247
5.518411119759751         -0.3513951163957964
5.522034221244942         -0.34977624791723205
5.530922911734647         -0.34584303219360324
5.550567915832875         -0.33734380487106563
5.566963720849448         -0.33045442574329104
5.581001536268847         -0.32470342316119516
5.583438295025191         -0.3237007553484941
5.604504712983103         -0.315310870856576
5.613942661107385         -0.31162171934194427
5.615601716843105         -0.3109779051771627
5.650721921275989         -0.29767788833793085
5.6541329688718625        -0.2964195759471256
5.682018455334175         -0.28635492527790674
5.688819663872039         -0.28396022130311105
5.717662652182737         -0.2740662708025916
5.725880437756441         -0.27132485411819807
5.726014240924639         -0.2712805023852328
5.759551226392163         -0.26045139683401675
5.781646018298842         -0.25357873042868995
5.7891730659636575        -0.25127935279906405
5.791393344661635         -0.2506241350918016
5.791840378264651         -0.2504923835194971
5.829037134206683         -0.23959229757263845
5.833740868137447         -0.23825128299628645
5.850914399867698         -0.23342640341943333
5.885320517303893         -0.2240964655454047
5.8864482081766765        -0.22379826467944428
5.888243151959896         -0.22332461328240888
5.913053078271918         -0.2169028725158719
5.93625834480567          -0.21110769221044234
5.94385928214667          -0.20925385561009133
5.954748101498766         -0.20660959486948077
5.9971346533273           -0.19672222323729002
6.007765049523264         -0.19436390589509742
6.024794571471918         -0.19064080200381003
6.034928814220475         -0.1884572370252993
6.058634852133192         -0.1834428322341229
6.078919812666752         -0.17925595650779735
6.091479833914327         -0.1767115581152971
6.099899500941449         -0.17502647376507718
6.115098530804077         -0.17204925230103238
6.152538198838851         -0.16501233678868932
6.154320588851616         -0.16468786065998905
6.185226981129306         -0.15907329778795978
6.186465269500799         -0.158852919892923
6.188515332929543         -0.15849033269980348
6.200044966087363         -0.15646677214245644
6.238762557769963         -0.14986584232573077
6.243715293985061         -0.14904592795668448
6.259812516376657         -0.14641214039877387
6.270846053964407         -0.14463431001822866
6.300772169960677         -0.1399247245975629
6.327701784854282         -0.13582710893389374
6.3336267172880225        -0.1349434200391537
6.368855900767806         -0.1298461596610171
6.370602030729221         -0.12959806414712824
6.3734261389887825        -0.12919768500308007
6.374614878892533         -0.12902947991947294
6.400437214666418         -0.1254231472140645
6.414786670573481         -0.1234583610175042
6.425491625039994         -0.1220108573194174
6.430945739026384         -0.12127936343796854
6.491193675773176         -0.11346486474674719
6.494742767065708         -0.11301988847456819
6.4985168350488856        -0.11254858021712104
6.51066261133336          -0.11104492508094913
6.530582071126286         -0.1086330731698826
6.550191929259059         -0.10631634504680332
6.5753318811677275        -0.10342993586231397
6.599829526226376         -0.10065242728371024
6.611759181809497         -0.09932532278249323
6.617755968769719         -0.09866353759995308
6.655233512610742         -0.09460830888073055
6.660585839724016         -0.09404051401919977
6.664363121757813         -0.0936415131709593
6.668958835927448         -0.09315796504361709
6.669542306648313         -0.09309676267321619
6.672773520910583         -0.09275840524646363
6.7082255593932665        -0.0891101678571657
6.717813831921516         -0.08814366975717632
6.725186789447285         -0.0874063234819572
6.729018322788713         -0.08702544833309801
6.734720988644236         -0.08646090673163875
6.7365143587308065        -0.08628394725796294
6.743432613903912         -0.0856038810177312
6.747733412858807         -0.08518318291109166
6.750124466589323         -0.08494998033902916
6.7807666931962265        -0.08200486088749688
6.784417739649948         -0.08165932288506537
6.814369346131767         -0.07886788789201402
6.814519300184887         -0.0788541062383526
6.814624719296144         -0.07884441876185545
6.828530566050688         -0.07756889848076948
6.841130087754823         -0.07642518986416934
6.844953569367408         -0.07608037141446075
6.851603929371591         -0.07548821948463186
6.863577566190303         -0.07442869411549999
6.889285652735551         -0.07218256523291772
6.892696103137867         -0.07188677371644425
6.8946340438733955        -0.07171903158000349
6.914010887389063         -0.07005527088852735
6.91628361364098          -0.06986172799998666
6.949586225507646         -0.06706426372310577
6.975267274993752         -0.0649563087712832
6.983851182497284         -0.06426129386103718
6.9935654648181265        -0.06348053948143219
6.994421402099709         -0.06341204064794755
7.009795091624781         -0.062185199530161356
7.031396576764972         -0.06048796942031753
7.032326657803131         -0.060415342116190124
7.044833380602557         -0.059443295036837866
7.060516194779574         -0.05823640841712741
7.069231286337671         -0.05757150743852674
7.072398993471056         -0.057331159365376125
7.079199544419713         -0.056816721367880824
7.083592871250243         -0.05648550605253556
7.086833640541771         -0.0562417484179565
7.124108019256688         -0.053472652713492295
7.126217284902658         -0.053317855953545996
7.131300253000421         -0.052945658305300985
7.1335264015810935        -0.05278303704103242
7.171838121161802         -0.05001967341698684
7.185190101965925         -0.049072306834443136
7.188129547693582         -0.048864832839539664
7.191575689827068         -0.04862209539315937
7.193241382746827         -0.04850503032564885
7.194499042047756         -0.04841671241838388
7.22752492325274          -0.04611921808815662
7.2352023096419344        -0.045591122921360354
7.2357576714828165        -0.04555300960569433
7.238308124666815         -0.04537812929291719
7.239356877349837         -0.045306290471551956
7.2476207740986425        -0.044741695408789445
7.2763134458099525        -0.0428017304331988
7.285040559506558         -0.04221793750582464
7.291552222710218         -0.04178424848233766
7.316632448153783         -0.04012887091552322
7.322870889121723         -0.039719420608412145
7.34772476404713          -0.03809924694767579
7.366077397199774         -0.03691423680167093
7.372072069721343         -0.03652925823269585
7.436378340785059         -0.03246151431244014
7.438416924203064         -0.032334335259542074
7.4439569650476125        -0.03198926474850038
7.4524768096811425        -0.03146016272817596
7.455632056551698         -0.031264697564740936
7.494346221157338         -0.02889199597216762
7.502399377639348         -0.028403763868183017
7.512191010840187         -0.027812606055923332
7.528336709907636         -0.026840054956231964
7.5459511499348215        -0.025784406791771873
7.558491417737763         -0.025036738382938302
7.570318606974791         -0.0243342172889579
7.5862268426563455        -0.02339331721570995
7.610431307584779         -0.02197060157204822
7.614752967699107         -0.021717704573177114
7.624309141224572         -0.02115970320072943
7.630268481288834         -0.02081257170894092
7.632739576221044         -0.020668820751817932
7.662516788409332         -0.01894536316816303
7.694010056718695         -0.0171356605161551
7.711001602603382         -0.016163597599254096
7.712695125325059         -0.016066892163926323
7.724303658048212         -0.015404880564840816
7.744945845262429         -0.014231456363414226
7.744968711387382         -0.014230159185399783
7.745057099788721         -0.014225145033609355
7.774934414296735         -0.012535301278697876
7.789216367254093         -0.01173108314796227
7.794223280141955         -0.011449688700356266
7.812350857714195         -0.010432714827690152
7.836170921184554         -0.009100753776330121
7.849590056944375         -0.008351003445224828
7.858098434318786         -0.007876017198525083
7.891009266504447         -0.006041607064871172
7.891038475299299         -0.0060399810209144
7.891071202124713         -0.006038159133612409
7.891106788290479         -0.006036180097490785
7.90465371913556          -0.005283115055208772
7.915647108963704         -0.004672459827898547
7.952752840148087         -0.002614373602897839
7.960994031459551         -0.0021579095868034365
7.962919500827203         -0.0020512948644218917
7.989538243301103         -5.786905124285726E-4
8                         8.308400417451812E-17
