0                         0
0.013292234212532866      7.363059234559099E-4
0.06892312578766434       0.003827440449151744
0.07477005910032583       0.004153219530360666
0.09393340140165497       0.005222153247911596
0.11456244601441957       0.00637350137861094
0.14652878240322076       0.008160746506002724
0.14990332881925458       0.00834965717052537
0.1719635956293636        0.009585738652747151
0.17686642912991835       0.009860719288881083
0.2163441360447938        0.012078379776170642
0.22672960968953224       0.012665500810863383
0.2472717720219487        0.013830406732541283
0.2501189485918026        0.013992239824950972
0.25461785588455293       0.014248143285234407
0.2701298706192185        0.015132235256874533
0.2814855089797236        0.015781157952446608
0.2947583043912289        0.01654147946595992
0.298488960574026         0.016755544596954008
0.32095966823760014       0.018048551945797065
0.3223340585955652        0.01812782558123983
0.3384627345521452        0.019060316936802987
0.3580132903846262        0.020196091310257187
0.3599794950471943        0.020310646653576334
0.3618597564645184        0.020420251207146398
0.36939443402739247       0.020860017742577196
0.37503104716284286       0.021189581936422626
0.37878356748233466       0.021409261089349776
0.4088790866350508        0.023177152275344226
0.42603549866105705       0.024188820695639445
0.45544366603643194       0.02593862723069395
0.4674328332788862        0.026657675737415537
0.4857843443262509        0.027764682216873157
0.4917719386738457        0.028127537216548593
0.5324659895136872        0.030615267519475544
0.5456906774871808        0.03143238504691347
0.5655088660308377        0.03266484909744678
0.5847552295742922        0.033870882141647365
0.5968679860727676        0.03463451522598154
0.6268312344194014        0.03653966241499531
0.6318419629011184        0.036860347519301014
0.6345590042776865        0.03703448762934942
0.6509431919172447        0.038094660015915174
0.6519419859266015        0.03815955037679738
0.6914438394797857        0.0407394713983265
0.6959236440492494        0.0410352585688673
0.7086100969871733        0.04187644690593876
0.7095893992165091        0.041941598237442354
0.7501443585129648        0.04466705050027731
0.7578855273967271        0.045193534597915815
0.7724857493294195        0.04619320030716293
0.7740313815630078        0.04629954043672851
0.8307076931025392        0.05026658185345085
0.8384488619863009        0.05081865165982692
0.8823029139260327        0.05399234059600857
0.8958049162088575        0.05498694984859247
0.8976129267654323        0.05512067203414394
0.8991222075242047        0.055232415793902485
0.899315056408877         0.05524670149215916
0.8995113461652495        0.05526124384886042
0.9039760121404601        0.05559249564276914
0.9204599809155237        0.05682350330202608
0.9722906414561625        0.06077614543264668
0.976462919475777         0.06109973591140848
1.0089388224979121        0.06365610603041336
1.013651554144023         0.06403110568686073
1.034287885986            0.06568942810851248
1.042369551351399         0.06634607797193742
1.0557499774446293        0.06744218584168858
1.075125356033697         0.06904911534203538
1.084672633647523         0.06984951591259426
1.0924550039154086        0.07050421178957839
1.09495914929226          0.07071561118979389
1.0983777279165212        0.07100478606105284
1.0992799497726078        0.07108121581666926
1.102660816988389         0.07136803285260439
1.1030479249777074        0.07140091501915935
1.1357414247927342        0.0742089426773669
1.1377866115594153        0.07438660772768961
1.1478398154184477        0.07526819253569225
1.1850952536107233        0.07859333286452246
1.1926936848709508        0.07927868549843828
1.1979242748702021        0.0797538773233517
1.198987592804321         0.0798507491625634
1.20922719675288          0.08078829612818106
1.2148929726746824        0.0813107070249952
1.2578033524753778        0.08535161317065323
1.2710393884212683        0.08662814183226102
1.3056944888604172        0.09003757573701954
1.3153388455942716        0.09100369873040667
1.3176824300805539        0.09123960436844453
1.32339018287898          0.09181397032531834
1.324224572964567         0.0918982114097267
1.35205785085031          0.09474880955010101
1.3586826566931798        0.0954388927186389
1.3729259956243485        0.09693766447169289
1.3783578436939443        0.0975152387903711
1.3821121090784603        0.09791612245128446
1.3942946475541387        0.09922649018615401
1.3994694174636702        0.09978749205290498
1.4384021001821665        0.10408255675423139
1.476691323075282         0.10843216210429146
1.4890916050287277        0.10986750304215609
1.4903609506022117        0.11001516728624403
1.5007581021427923        0.11122982798656333
1.5079730573858812        0.11208962597271283
1.5307468869961998        0.11483833546229301
1.553072428306559         0.11758421086812314
1.5589314288177623        0.11831323336423445
1.5609884118788793        0.11856962942561261
1.5656530816441778        0.11915245269760132
1.568774039292319         0.11954347363500807
1.571480834149346         0.11988410355803943
1.5737986490647378        0.12017652396227343
1.6016827809664869        0.12374800644703002
1.6052714619288273        0.12421483882220863
1.613513524499886         0.12529320650348244
1.6247944851045937        0.12678318218233145
1.6386889780946456        0.1286405976493309
1.6470403475850124        0.12976882448855132
1.6731578890718326        0.13336051831782325
1.6731883908570346        0.13336477170687483
1.6732286535379768        0.13337038643562563
1.6912780193184944        0.13591147466358974
1.702490174980559         0.1375141597322144
1.7312910266130095        0.14172581130573905
1.7450486770839304        0.1437806341184135
1.7534498763279132        0.14504909450153333
1.7634164678391242        0.14656592923733608
1.7666318379523165        0.1470578109076595
1.7764536889700886        0.14856797872703334
1.7785227775171084        0.14888758097846547
1.786662222842804         0.15014979884586274
1.807735682937323         0.15345447080014524
1.836752092776371         0.15809142914154403
1.839025446015438         0.15846012887792912
1.841872958464362         0.15892354245279927
1.8489512129676635        0.1600831652070639
1.8561521624602166        0.16127413513165367
1.8578658671752255        0.1615597466033307
1.8675147725003378        0.16317845632834388
1.8974189472429697        0.16830948569553433
1.9109830038706868        0.17069380327843642
1.9160823958333049        0.17159937984396012
1.9187506172731905        0.17207521890127103
1.9325706088344143        0.1745618316300165
1.9691261458609564        0.18130881881171632
1.973315359010037         0.18209715754114478
1.982021315695012         0.1837454307889928
1.9844810166693518        0.18421738552773625
1.9911378325875517        0.1854989001152853
2.0092540934491265        0.18901784035464064
2.0143965989665165        0.1900250861596361
2.026075582944787         0.19232633359179513
2.030107012016399         0.19312511750264133
2.0331694143510926        0.19373341674988898
2.0465823648816808        0.1964164926615837
2.072103024896429         0.20159223354238806
2.077276818495923         0.2026547319457018
2.089898003927879         0.20527915063949373
2.094607787391971         0.20627030763765974
2.0964920089043324        0.20666863386039822
2.124541263305142         0.2127198150904813
2.1330468713195865        0.21460311733869164
2.1344300815561255        0.21491082900624353
2.136191004492898         0.21530315138538955
2.1635898769098394        0.2214917184408731
2.168323087847            0.222576848329861
2.1711063869902594        0.22320245545367917
2.1744181559127607        0.22395024057881174
2.1992932869537727        0.2296848071775841
2.2071398145045205        0.2315368560131702
2.2175827384924793        0.23403384695361096
2.2181183916525105        0.23416298267375246
2.220045545154326         0.23462807880000666
2.225790997237083         0.23601928674971276
2.2679122851409623        0.24642940419362738
2.278971322018002         0.24922410441649795
2.2915512802840103        0.2524342499391146
2.2936380674578882        0.2529614179589362
2.2949322423439282        0.2532886526910292
2.303722600039839         0.2555173474526068
2.3337062301984424        0.26319850324512134
2.369909815992217         0.2728905637968695
2.370510271715344         0.2730525307175756
2.4035048282349876        0.281969744311274
2.4045636655844898        0.2822611741642333
2.4073391077595607        0.28302662890852237
2.408105216632257         0.28323831455432047
2.4101373487489486        0.28380064889603057
2.458145092551209         0.29743620497968565
2.4821486152834775        0.3045062860703899
2.51786359938796          0.315337343710935
2.539542518641193         0.3220934584824527
2.546553974391681         0.324298380430684
2.553879031135275         0.32661298314554726
2.556725013777938         0.327506748428818
2.568373602588145         0.33116748017745956
2.58783095294758          0.33724629025931974
2.6106859174921286        0.34436012247451203
2.638688287197244         0.3530371821575784
2.6435319548866643        0.3545337318732282
2.6452031915699505        0.35504979665203734
2.6592869849432703        0.3594569260513665
2.6645227937996885        0.36110264797456654
2.685302608747919         0.36767330007183113
2.697545738874778         0.37157388695373383
2.7148302802899176        0.3771175796570116
2.7346537022898296        0.38352881692357366
2.743036651708566         0.38625712303689
2.7512155943682663        0.38895297042679794
2.751261741319158         0.3889682152570563
2.760335902076656         0.3919716766640049
2.7987010715691834        0.4042345838369051
2.825032433769343         0.41251810011278967
2.827494379252896         0.4132870651174693
2.8310591351576915        0.41439880573602655
2.851388178087497         0.420700917782005
2.881248056902643         0.4298040061694791
2.9117680096642236        0.4386367079742628
2.918581025491588         0.44054335085626195
2.9267404766112914        0.442795532007607
2.9454238279167964        0.44782418218539705
2.957687027135834         0.45102771475695885
2.9865317922150365        0.45825940926504544
3.00127376662347          0.461790935549254
3.008037705313276         0.46327271288812005
3.0161786336769136        0.4649725752476446
3.0769632163807916        0.4770962333167414
3.077076087662204         0.4771156057614062
3.0772129533168417        0.4771390808194044
3.0779749953706976        0.4772694725671204
3.123661788249502         0.48411742578287575
3.148755605022067         0.4870673149654917
3.1989938717179114        0.491244148498373
3.207755876456723         0.49173646269617494
3.2157748789742135        0.49205300982955696
3.2181184423324987        0.49213330612774714
3.223734129172773         0.49217348739819344
3.2253831106249637        0.4921778256846577
3.233798645882635         0.49221046795770507
3.2783643448819344        0.49031260510185964
3.290325534877877         0.48921026408244317
3.2997118635961495        0.48816949307154744
3.302662136952956         0.487810442486665
3.3204646644822566        0.48531985123117466
3.338845701753412         0.48216504069058175
3.342942006074434         0.48138122676141276
3.355267959130793         0.47884517516279923
3.3891645353278568        0.4704969201717292
3.405633488412704         0.4660846072224174
3.417371888749103         0.4627008401623331
3.4270644181278307        0.4597251479611893
3.4554447848025687        0.44966960550605684
3.4572426955236306        0.44897559325744374
3.46829092254256          0.4445617928021808
3.491237489722656         0.43457524676117293
3.4929510007081332        0.43378512993459245
3.5008187766570362        0.4300780435324382
3.505523719734966         0.42779906872560614
3.524371426869433         0.4182033840442298
3.527222131973531         0.4166870733243878
3.5440293583973506        0.4074001644850558
3.563720420711787         0.3957573968683027
3.575393265817082         0.3884980055982053
3.5811808474499025        0.38479998725563813
3.5862594091402578        0.3815011049974578
3.5980876677640143        0.37362250608906955
3.6262662896381888        0.3545191535242933
3.6302577836734504        0.3517397474051966
3.637958747273766         0.3463258322901481
3.6583152202768083        0.3308161400414868
3.6829467551078174        0.31135715981950657
3.6831999434424354        0.31115320523658735
3.683835149602248         0.3106434646318756
3.6850494628767745        0.30966717679198097
3.70663487470605          0.2919129455787073
3.7122184342931246        0.28719713662302915
3.7404502058028535        0.2625771472971816
3.7663024542028936        0.2388960830732881
3.769430283599138         0.23595728408983252
3.7730934861195733        0.23249525217100947
3.783915293685691         0.2224185082291256
3.795946657626982         0.21111237074726322
3.7983522881743275        0.20883872236031642
3.809826460202097         0.19774818634747804
3.8258610660752117        0.18209636033366838
3.8452507256490684        0.1629308041450817
3.854880320479406         0.15331536647277616
3.8723320895449436        0.13572496254335184
3.885199040301273         0.12255318898784325
3.897996929640752         0.10930327525473277
3.908946642159046         0.09784898567001217
3.911359473255141         0.09531035810124124
3.9416131188539008        0.06303156160199563
3.9465531848901843        0.057911951016436224
3.954216737259774         0.049949313734678626
3.978021841551761         0.025055739065659968
3.994500017819235         0.007222146590737055
4.002384254735156         -0.0012879911915371644
4.021555905128052         -0.02227739118065857
4.03755468024312          -0.039579218058244256
4.058154886535789         -0.061570690660592696
4.077445734541605         -0.08186294984949566
4.104800410534543         -0.110545919533676
4.108591022034003         -0.11451210982472074
4.110379976142768         -0.11638320968231132
4.135353240929133         -0.14245516242612252
4.1568994660586736        -0.1648772548632761
4.168055563999466         -0.1764606300239153
4.173286149298959         -0.18184348020149516
4.180669091374459         -0.1893699218480214
4.190566313304386         -0.19932834571337724
4.196323576539432         -0.2050520882154786
4.218263262617997         -0.2261213162536564
4.232763901938314         -0.2394730490922451
4.25172385550215          -0.2562421175755866
4.272589651077756         -0.2749782865091118
4.2825268430449475        -0.28359416725365677
4.300458413724013         -0.2986400874253821
4.307603274164325         -0.3044554056591401
4.335487254698277         -0.32617070981275575
4.356886029576546         -0.341903181361139
4.364968498030265         -0.34768866703486817
4.384054186652826         -0.36100916384207127
4.422352614050761         -0.3862928126190694
4.432112544799116         -0.3924274563511475
4.43507381351347          -0.39426398770062276
4.465283744783616         -0.4123403589492141
4.477184351212385         -0.4191314571076079
4.481248002613393         -0.4214086062370965
4.481755159921126         -0.4216880368288606
4.4830917812859           -0.4223820460949608
4.514249226561921         -0.43746695432572674
4.5181686454302055        -0.43921614191999603
4.523833580257945         -0.4416857233115662
4.542641490661159         -0.44938802615887197
4.547095910883539         -0.4511003688200746
4.55482866452382          -0.45397122234966747
4.571106941094636         -0.4595927676889739
4.5732706805031           -0.4602969203326942
4.576273345140601         -0.4612573417074077
4.579065200896193         -0.4621596691186214
4.589840011761757         -0.4655035860391044
4.593839972100179         -0.4666889623293403
4.593947605661229         -0.46672044031973764
4.605011851949515         -0.46983912011755535
4.608763322434357         -0.4708438858885591
4.613032441915228         -0.4719548524715353
4.620204457229338         -0.4737435027422423
4.625642186863613         -0.4750346673815164
4.6953297026894045        -0.48631436778943815
4.697589578118549         -0.48655736763610313
4.698629241901567         -0.48666657001132607
4.699802785437515         -0.48678787318998673
4.716377371795126         -0.488526293391786
4.735847664318701         -0.4900844127845247
4.748667975185632         -0.49082485615628635
4.790884352494204         -0.49166066164249017
4.80496633547689          -0.49084361294717915
4.816455435026013         -0.4900485357952852
4.844200007271601         -0.48765253993441904
4.844707002387582         -0.4876024928712258
4.845040168637455         -0.4875694825932213
4.852913483168096         -0.48680254852716043
4.853752368025699         -0.4867129771581398
4.853794491776176         -0.48670845746631386
4.898794610840655         -0.4806809457104186
4.916246106306264         -0.47788202964037146
4.917449821759108         -0.47767636250980133
4.918203602478156         -0.4775467426184082
4.943490889478568         -0.4728284990651116
4.966625403481559         -0.46788276536964757
4.9696431525621865        -0.46719330029184775
4.98855011600792          -0.4629601750535791
4.98894051915328          -0.4628708091272067
4.998628847907602         -0.4606277118345103
4.999649520932717         -0.4603885595339149
5.010341694733843         -0.45785075069753733
5.014388803068106         -0.4568746611051003
5.015274968911781         -0.45666341022637225
5.043425315644321         -0.44977187754148507
5.063969387111505         -0.4442737621426358
5.077418862763738         -0.4405911233505169
5.081311150410757         -0.43951307910462056
5.084844364733408         -0.4385297117666236
5.0932145179016395        -0.4361819883991386
5.119249329239831         -0.4287165114202327
5.1269435583956176        -0.4264185109241522
5.131954148700164         -0.424914681274492
5.140909021411778         -0.4222126348119077
5.158121947082151         -0.4169459359080514
5.176001141412456         -0.41136318274190153
5.185485628383972         -0.4083552563921708
5.186300717971433         -0.40809197615448645
5.20416266274617          -0.40232915856640544
5.206649900148123         -0.401527719444197
5.243806601500371         -0.3895847751181101
5.254874728965571         -0.3860380120073849
5.262066368231737         -0.3837361117075208
5.268196793999492         -0.38177553191165936
5.284533574529865         -0.3765553589999236
5.312157863125146         -0.3678378708755715
5.320012764692286         -0.3653841881467224
5.337231392582247         -0.3600444087837528
5.360070562699301         -0.3530440545765702
5.367177754340693         -0.35083290234000725
5.375205542091779         -0.34827960614027537
5.400430438358023         -0.34029913994859134
5.403035327068636         -0.3394786972003489
5.407380300705108         -0.33811172247442034
5.419193960459996         -0.3344046910406196
5.431703172803308         -0.33049481529452723
5.440943821397105         -0.32761674311994204
5.4426230998944725        -0.32709464774080227
5.461065746972254         -0.3213795451048121
5.472596027049117         -0.31783935459514634
5.487439624031046         -0.31332050913751636
5.4993022494467025        -0.3097404373743859
5.513937664540191         -0.3055236728537584
5.526567656506538         -0.30188991598394416
5.527158563060018         -0.3017200251656694
5.5628314047907566        -0.29122234402102587
5.568584111967462         -0.2895572332336514
5.594303918654535         -0.2822070286113991
5.594779970647343         -0.28207225115963197
5.59499201096217          -0.2820122388385586
5.639896499546179         -0.26957356461073023
5.655718919038265         -0.2653189215514806
5.6652632992884175        -0.2627847477226041
5.675162145342592         -0.2601821401647281
5.696256217101338         -0.25472331773356505
5.7111775472365345        -0.25093361538388004
5.73314543408975          -0.24546237170235513
5.748305815038188         -0.24173479472911322
5.7660318276526095        -0.23749466955446863
5.76966152054652          -0.23661633707624438
5.789497560428065         -0.23186113772746889
5.795970219873276         -0.23032243699681565
5.807587382105869         -0.22758505926898
5.810098774879419         -0.22699739539762967
5.847781948333198         -0.21835463333737026
5.870618105397862         -0.21327682431371497
5.8982129293326855        -0.20730173651105957
5.905736527460506         -0.2057031962851124
5.926877511348321         -0.20128141115912196
5.945265990922448         -0.1975193479225488
5.962074574864928         -0.19410952289539243
5.980678360584128         -0.19040063103008237
5.994265789799916         -0.18773504024703255
6.013503873188997         -0.18405174539945432
6.024871840219175         -0.18191279101480154
6.0461892457507735        -0.1779769648698907
6.060082804859918         -0.17545226409026468
6.069968231964246         -0.1736738928167382
6.084845125300799         -0.17102574672915571
6.090316042560948         -0.17006041773900482
6.104226697962345         -0.1676265441443845
6.12076836097445          -0.16477087230745202
6.1255032497536375        -0.1639611709682037
6.138951738660378         -0.16169526452421498
6.154720690961065         -0.15907208653572152
6.161959906694753         -0.15788001961992534
6.162306115728128         -0.15782315387760415
6.16845234047299          -0.1568164457414488
6.194284197078196         -0.15264385923462115
6.1966961116189925        -0.15225937855559307
6.2103130927108285        -0.15010794331186803
6.228608502297202         -0.14726878007237282
6.23211801077744          -0.14673090203181927
6.242807474738158         -0.14510597636628814
6.24964552316537          -0.1440770728777659
6.259854364803534         -0.14255630980090625
6.262076127776688         -0.14222843924832312
6.264889733630168         -0.14181457194820102
6.282367528000155         -0.13927729063960848
6.298338489754845         -0.13700939246725077
6.307505970113196         -0.13571428534256846
6.312529062191224         -0.13500845863076305
6.317197265515454         -0.13435490819099394
6.3230853738131545        -0.13353387970951366
6.338760700176437         -0.13136613263838862
6.344400226879041         -0.13059263991331838
6.347588732916482         -0.13015681701101858
6.349799202562333         -0.1298553129829977
6.352099703094902         -0.12954208139499965
6.367015458213914         -0.12752485323948018
6.3906726601006145        -0.12437275131562243
6.397690644847778         -0.12345355160265895
6.413117933949531         -0.12145553083105023
6.419832818071753         -0.12059558058360748
6.426837278452272         -0.11970482024678844
6.444583944564686         -0.11747665075102555
6.45538452354109          -0.11614072503115677
6.466030443854963         -0.1148388376419099
6.492594661722462         -0.11165484876778296
6.501378686574493         -0.11062226983541092
6.5036032974032665        -0.11036236170556192
6.511265285189233         -0.10945995582558653
6.513664865624529         -0.10918189208774579
6.517226601511725         -0.10876997773557692
6.51925634060411          -0.1085356770151961
6.531834349178794         -0.10708210722077845
6.573933309964653         -0.10232762780675354
6.57789835729002          -0.10188861274715189
6.580817612776414         -0.1015688013031501
6.58206317465479          -0.10143257517555765
6.584854152164968         -0.10112782366154105
6.589912119090957         -0.10057728189740378
6.5913271610047675        -0.1004236624717116
6.603458641338236         -0.09910901668763608
6.614395361041605         -0.09793612682863158
6.62647997780196          -0.09665367835432906
6.637562423308957         -0.09549008364112901
6.6591372038370125        -0.09325915787531656
6.679968692493338         -0.0911481034209721
6.6956251006771375        -0.08958930437231284
6.717672523492387         -0.08742919373248186
6.721523080539556         -0.08705541642927805
6.737712476187067         -0.08549522945741499
6.764140305250156         -0.08298769914159042
6.807641399522679         -0.07896648445931237
6.811581693140231         -0.07860877617103369
6.829999315842873         -0.07695146112541912
6.8376503547803384        -0.07626969176140957
6.86536232978604          -0.07383513943406365
6.873803082730437         -0.0731044414663228
6.873983233002056         -0.07308890140580236
6.875792198076581         -0.07293298489328935
6.9126784532250545        -0.06980441950382983
6.921282661442082         -0.06908831208020111
6.929773918198963         -0.06838537538718313
6.941720538520828         -0.06740273256308708
6.959738400466678         -0.06593473502154759
6.966012275655208         -0.06542753186432726
6.971125643477673         -0.06501566063161916
6.984342746918335         -0.06395734243746386
6.999012467235715         -0.0627933351657563
7.006798347708302         -0.06218008488990306
7.014772170628935         -0.06155529513118838
7.042607943848301         -0.059400108039119555
7.046922414799361         -0.05906979686236336
7.053890826689801         -0.05853631884536662
7.054654471724194         -0.0584780085269843
7.059458490000595         -0.0581126437568751
7.08636699510836          -0.05609137953048119
7.11195410418732          -0.054198891304306746
7.115280337914143         -0.05395498796744695
7.144513854660883         -0.05183229374363127
7.149070125405302         -0.05150483860625957
7.150846419125675         -0.05137742514361911
7.168527345820768         -0.05011673318568371
7.174153934984896         -0.049718484282122596
7.174611572669832         -0.04968615482968804
7.203870571783028         -0.04763855404390531
7.2118085684925335        -0.04708961850605451
7.222024507611371         -0.046387289966310426
7.233187086801664         -0.04562520007718013
7.2429531988057665        -0.04496097548768814
7.247979763315623         -0.04462026905325579
7.2676158905978205        -0.04329695732566958
7.338212882843929         -0.03863990826403159
7.349943505571536         -0.037881329740409864
7.354075616336882         -0.037615333287912556
7.354588329462523         -0.03758236298440474
7.35477988856168          -0.037570046629170704
7.3686106132548685        -0.03668361247095504
7.43162100610553          -0.032715495460152
7.438846848329752         -0.03226781508999975
7.439776072898448         -0.03221023771094824
7.453358772101207         -0.031370881753089434
7.471739008830914         -0.030241812472108092
7.485680071236832         -0.029390615824974327
7.4900623610419           -0.0291239705335655
7.492029963127717         -0.029004393259914236
7.503603023500605         -0.028302864402349793
7.528383041756076         -0.026813443803158896
7.552617501357643         -0.025366884059785537
7.570704452651308         -0.02429375939302154
7.589160865370151         -0.023204431643608362
7.594826573047926         -0.022870848262746508
7.604854391990894         -0.02228176578980877
7.632522605188637         -0.020665226848506767
7.648505524923667         -0.01973731464290648
7.655969972938939         -0.01930481340442857
7.668469274274348         -0.018582884753420844
7.690600752060745         -0.017311688265355642
7.701780136970485         -0.01667372871552243
7.71576090267009          -0.015877423453884033
7.731126331061059         -0.015004196413186795
7.739022860465079         -0.014555882408298618
7.745839825614867         -0.014169422304499425
7.76417234662178          -0.013132723492809811
7.789783979542164         -0.011690712722941664
7.791260835924743         -0.011607785973788216
7.792209922153742         -0.011554506898659408
7.813401652927377         -0.010367496398466755
7.832075038337437         -0.009322110918782168
7.842310781259855         -0.00875054179943956
7.855930959615704         -0.00799218563272642
7.889578313796914         -0.0061205940439686074
7.890741021290385         -0.006055967118186018
7.892486758455454         -0.005958939498810308
7.894770581879827         -0.0058320159190512364
7.897162507500303         -0.005699097600848085
7.9036788362417845        -0.00533739249630184
7.918266900200001         -0.0045283039014812985
7.923020898178869         -0.004264832533631925
7.925925654298732         -0.004103895587981467
7.940002267233807         -0.003324497169460438
7.966180578499916         -0.001872097766206984
7.971110250834083         -0.001598867586706736
7.973306964983363         -0.0014771412034937283
7.981370367133274         -0.0010305727155699882
8                         1.8875340527171352E-17
