0                         0
0.022391651850016573      0.0013691278825906305
0.05413412851651034       0.003312619233006694
0.05425083213898127       0.0033197702765776927
0.05475268108710553       0.003350521667762536
0.06382564430112897       0.0039066102963192266
0.07961467973841138       0.004874928501587189
0.12982443037436314       0.00796051878884596
0.13329304194206731       0.008174252389130776
0.1624700160573759        0.009975052673936549
0.17428846769485806       0.010705978904318084
0.18340317984193508       0.01127027687051358
0.2279210627790576        0.01403561191910748
0.23817805638590245       0.014674554190852594
0.23928636766398226       0.014743654876105782
0.24557180759747718       0.015135705514562305
0.26747784004089087       0.01650431086444956
0.26768468241885796       0.016517250098881706
0.27629199184382214       0.01705596293236654
0.27643369420956115       0.017064836251677897
0.2937385861895283        0.018148989489428603
0.3014879050320555        0.018635947517252505
0.30159549206049063       0.018642713590658118
0.3233597523521325        0.02001451167512196
0.3263453463611945        0.020203168050354044
0.33673157034370543       0.020860354475422106
0.3524137643417549        0.02185526941003249
0.35653365152162814       0.02211716889452847
0.3578543140877586        0.022201169025923662
0.36427961795688          0.022610167323794256
0.3824788069116217        0.02377146219046801
0.40237101475924925       0.025046202464772245
0.40669103674003604       0.02532378709141903
0.4096282629704894        0.02551278908424662
0.4565538097343381        0.028552763563364593
0.46638500454950654       0.02919453431977481
0.4664708985245602        0.029200148839633584
0.47189037176816473       0.02955452504409851
0.5084300583060829        0.03195611725022697
0.5189444144563432        0.03265114317627025
0.5318951213456574        0.03350965281031817
0.5444811549285044        0.03434656305949999
0.5554473667627031        0.035077832266469385
0.5882120703240931        0.03727662365527402
0.5894749349268575        0.03736181065941928
0.5909656627082893        0.03746242386612928
0.6368591898465642        0.04058935953668267
0.6549667725726944        0.04183881103476109
0.669919920753147         0.042877298517099996
0.6770634299066303        0.043375549381570615
0.7123751352152516        0.04585880535438686
0.7602780139922921        0.04928152091949948
0.7848716806524105        0.051061051374693626
0.7880020790807563        0.05128865958589077
0.8064685769538372        0.052636400748449184
0.8357927401500815        0.054800067507377856
0.865501392037748         0.057025062794712006
0.8706708150475364        0.057415609186782735
0.8749723080191006        0.05774107405221245
0.8963992503363574        0.059371210620820444
0.8998098350746947        0.059632052222188675
0.9272452453115084        0.061743982860759376
0.9306804413569805        0.06201013130461349
0.9399409437853404        0.06272950568514295
0.952298874249558         0.06369380989368821
0.960315303147932         0.0643200270674051
0.9670283970869271        0.06484680600586798
0.9976765370040607        0.06727926829679927
1.0095278602670341        0.06823196938509307
1.0466082626580082        0.07125634119698457
1.0568430953069632        0.07210149322031408
1.0665637452835917        0.07290794811067305
1.0798196230466857        0.07401360321207563
1.0931668878185947        0.07512923278031165
1.1170019379539093        0.07713654270532384
1.123018657066683         0.0776463032331638
1.124645087661205         0.0777860008869039
1.1338000885039663        0.07857394740538577
1.1422375958668278        0.07930255280036505
1.1520349946029946        0.08014583723434358
1.1764031286714223        0.08226422249343363
1.1960156616769413        0.08399091140316331
1.2185907646595537        0.08600240732186931
1.2648300483497643        0.0902025626712691
1.2699124210508899        0.09067078919759221
1.2757954572432757        0.09121189370451703
1.283159634642625         0.09189140136939691
1.2836298524789103        0.09193487135135944
1.2906582353916567        0.09258579404564622
1.2908984504681231        0.09260824610664588
1.2987576146490416        0.09334380097604493
1.3032885050300211        0.09376872593317129
1.3152132870720954        0.09489244797662126
1.3155441501319731        0.09492373395636516
1.3390910768626516        0.09716518847195184
1.353942683864348         0.0985940276461464
1.3697209423042473        0.1001248147933346
1.3739082301033054        0.10053327397268899
1.3862411066268616        0.10174170930218115
1.3870997720010168        0.10182614545055022
1.4094451913991357        0.10403719328255573
1.41011565912161          0.10410384254875032
1.4122426185274892        0.10431547601182975
1.4417274338410104        0.10728033204043465
1.4426533538114128        0.10737437787752306
1.4518399981395935        0.1083103178616833
1.4830547795565803        0.11152130323902679
1.495505013188436         0.1128153076194604
1.516563906868185         0.11502128422660746
1.5280897906643167        0.1162378266833143
1.5488571381603835        0.11846023014616579
1.5617255823222507        0.1198498992395255
1.5700978646435608        0.12075918664718238
1.5801626190857863        0.1218568107545496
1.5849569573272864        0.12238147656737038
1.593230774662096         0.12328966956151657
1.6020709125857584        0.1242638769857698
1.6125900870863974        0.1254283025691678
1.6221669164075185        0.12649331369332995
1.6332515768200004        0.127734632006411
1.6335858591216972        0.12777221617566265
1.6585119609395835        0.13059937620571785
1.6631876495959084        0.1311351209562217
1.6655253984517269        0.13140362447682852
1.6848478324887584        0.1336317691460286
1.7104092934638502        0.13659984367101027
1.7184983528780087        0.1375476503464397
1.7231738802295988        0.13809736184556598
1.7361098058558198        0.13962541638675252
1.7380706629884932        0.1398579592355294
1.7813104580104613        0.1450472189215135
1.7817363325966415        0.14509898688968212
1.7827135001330838        0.14521781457070992
1.7886872193591583        0.14594564574101532
1.7893251832111756        0.14602351693189866
1.7938703849951625        0.1465783889954345
1.827511652536954         0.1507165834954665
1.8549867413284522        0.15414011708591047
1.877100106459669         0.15691258753532322
1.8810565822514478        0.1574135369414396
1.8823505142252477        0.15757769127804427
1.8873106789696932        0.15820843645346716
1.8885075987291984        0.15836098978564775
1.9125348935532682        0.16145301896190056
1.949194963217807         0.16622454750533566
1.9509588681953343        0.16645576962226097
1.9525981312443683        0.16667078793666934
1.9733190940122958        0.16939991459954248
1.9891302369882262        0.17149634684324344
2.008543132912022         0.17408688178307907
2.0249107731725027        0.17628521025783694
2.0384934680674336        0.17809797301112268
2.047351078184577         0.1793025658292113
2.069230289911053         0.18228423985808762
2.075665885976906         0.1831629569845812
2.085863282256768         0.18455687588337244
2.0993931996258772        0.18640929135932505
2.100739507520601         0.1865938026101992
2.118764610264429         0.1890673615750714
2.1196267067665047        0.18918581608517182
2.1409348677893014        0.19211797705120154
2.1506633956600694        0.19346397438136426
2.1576360700426758        0.19443236558663568
2.1732646236204953        0.19661408589164225
2.203211699868974         0.20082418480814573
2.205691026687813         0.20117261574833134
2.2319137942019465        0.2048566551926928
2.236005273808932         0.20543127580064516
2.26730144721426          0.20982489877900512
2.2829348216425283        0.21202700926936788
2.284930216996416         0.21230596549309894
2.297153769415251         0.21401243689035804
2.302310491520433         0.2147364573184687
2.306298227021551         0.21529645954042634
2.332882768625435         0.2190322372443448
2.3637170503789484        0.22337061041262057
2.3872800937201837        0.2266738430712577
2.411865468867809         0.23008000134761433
2.4120545561708386        0.23010603842819918
2.4148937476143426        0.23049669809283907
2.42596852308783          0.2320152781599247
2.4266241883972897        0.23210492095097715
2.440268541406428         0.2339637239477219
2.4706683466137127        0.23806811991348603
2.470794457984186         0.2380850593537336
2.4712074370016275        0.23814014345921938
2.4727559522895772        0.23834657066512083
2.5368055675994223        0.24672243748531994
2.5516943302537625        0.24862404545411412
2.5854077594540947        0.2528666385626555
2.607560235535947         0.25560654373207936
2.629184063251738         0.2581583421683024
2.633302382634286         0.25863443968124866
2.6636528840165687        0.26204140377114077
2.6940033853988528        0.2652899592528691
2.698350680348003         0.2657423005310018
2.7007775697953993        0.2659854966004935
2.714701549726697         0.2673512288657913
2.724870158553781         0.2683167908041725
2.76761074002793          0.27223924449278186
2.7746935322463115        0.27284937661475156
2.7785123995444025        0.27317363992647725
2.79294752458506          0.2743695603036039
2.800093026999504         0.27494412350253156
2.817052519635446         0.27626162023627493
2.8410467632197838        0.27801455926085117
2.846627812333419         0.2783970932269731
2.8498556476622188        0.27861311208514566
2.8527779292396898        0.2788053813462059
2.8558045614555425        0.2790012094598519
2.862766487037316         0.2794388859760245
2.8691956051543954        0.27982725469367803
2.8806293091489907        0.2804804290642252
2.8887992036261316        0.2809177367109023
2.896608984613201         0.28131284839746673
2.904598162209486         0.2816938545009856
2.921840573156166         0.28247644676167094
2.9253659728412362        0.2826167374021062
2.9383050489507396        0.283078672914727
2.9539216388619516        0.2835253265724982
2.959644177823126         0.28365863792398804
2.9628530664505086        0.2837262661682175
2.9645400531385904        0.2837597664520472
2.9726437996211685        0.2839009650246009
3.0140869548734583        0.284112548343387
3.016122730178502         0.2841097571356684
3.034458324749785         0.28402065139829397
3.0365396576055974        0.284003259467855
3.037901180184133         0.2839743659657996
3.054026734695915         0.28356414658534357
3.065728110984402         0.2832233265818231
3.12177994492008          0.28072319727527495
3.1263876778522897        0.28045382544600883
3.127170140305004         0.2804071185872264
3.129216544556536         0.2802836419094819
3.134548180484293         0.2799808911142544
3.1669480381412862        0.27771639321138686
3.175421107535452         0.2770038761951301
3.194002570753563         0.27526667609639877
3.205518624392639         0.27406961382051587
3.2064527826212847        0.27396847006447445
3.2244480372817446        0.27190173448460037
3.225256960408626         0.2718035460067079
3.275862144152574         0.2651342124807705
3.2810369346030233        0.2643503990687081
3.28152987655453          0.26427474878015045
3.2910030846750926        0.26278762136875866
3.3044191719176847        0.2605368130968953
3.3049692859854685        0.26044194065072873
3.3072300339231497        0.26004991892266754
3.309484606681635         0.25965554922715955
3.3552840045050085        0.2509052181340978
3.3733138139485           0.24707400282538206
3.3869974425040894        0.24405192048627966
3.4073019128333772        0.23938149228772437
3.420390402592923         0.23625817202339558
3.4245708692057386        0.23523115620637988
3.4406892739032955        0.2311379800119831
3.4657801094311527        0.22434484389224982
3.4733578354175862        0.22219233096794272
3.477005569145219         0.22113947260649006
3.493247607561526         0.21631979529961046
3.5017551755095204        0.21370942497631235
3.5056062761538334        0.2125083946315657
3.555315016826393         0.19636789244519456
3.5710508715166256        0.19095893580981674
3.5759799125512988        0.18922129193813997
3.6001289580359006        0.18056120956197816
3.602463767835075         0.17971099941428045
3.636287001318773         0.1671426418233037
3.6747535202093125        0.1519903205457469
3.675875863527177         0.15153450030167298
3.6783012603864442        0.15054681075210682
3.6913947497264417        0.14515203704465682
3.706027219927744         0.13899791117466886
3.7136820792048986        0.13572575396566344
3.7250478637070388        0.13080057109823937
3.745536695167878         0.12168940025844349
3.7549529565879394        0.11745725868170834
3.783706938431926         0.10449749497320138
3.785867024309324         0.10351347832882199
3.788392083102499         0.1023613504694424
3.790962571012326         0.10118644653942419
3.80650561876555          0.09403810246136998
3.812264019410146         0.09137060095662466
3.8287555224759373        0.08367376694443013
3.8438893978140403        0.07653573053702688
3.848133234585782         0.07452122755517579
3.858058280943159         0.06978793045940061
3.865880546113843         0.06603575459298833
3.8696577674777006        0.06425539392269186
3.888870274997888         0.05498883651024629
3.8924966664550356        0.05323118955398619
3.9145299374457814        0.04249356096977423
3.918192781291795         0.040698783135247475
3.933728924645556         0.03305527721180777
3.942589227069636         0.028673800675143867
3.957968431177358         0.021053920538119348
3.974725712526144         0.012729112888775448
3.9982717458645656        9.92729271603458E-4
4.0048115481524516        -0.0022750850474570847
4.033513845133933         -0.016658654711935984
4.036207498122462         -0.018012000197894663
4.0377907336610415        -0.01879101808979634
4.069956364797065         -0.03454334904448152
4.086730524663312         -0.04270174419672684
4.094178593302447         -0.04635409384465076
4.101873244816497         -0.05011440714688546
4.117038110402461         -0.05748681101594628
4.132516092999628         -0.06503771617353588
4.176627670925821         -0.08614055823292666
4.181911689103863         -0.08862701887712503
4.184930450509213         -0.09004355938613023
4.207355136540898         -0.10047575031304824
4.211785745735021         -0.10250274620606477
4.222443495819954         -0.1073452683026786
4.230812918026522         -0.11111499577013849
4.2410635937272225        -0.11569245159652573
4.253330936739601         -0.12111311363107691
4.2651037988359874        -0.12625652730723083
4.265836937743325         -0.12657239986780394
4.266728690512902         -0.12695639146616913
4.268835603059841         -0.12786267694531803
4.293662590465344         -0.1384405963339221
4.313389772824511         -0.1467743419393718
4.318175671149965         -0.14876116995284297
4.323701333437239         -0.15103811903803324
4.3320757035540645        -0.1544542278082543
4.343858414067911         -0.15918987727457892
4.3519291817840395        -0.16238587285557746
4.372787358656259         -0.17046575271476783
4.394054237670478         -0.17843687974035735
4.397857804891521         -0.17983408304243378
4.3996501380787745        -0.18048948912916252
4.423204747452324         -0.18884186034914005
4.4344953474199045        -0.19268645881824545
4.4639391918585005        -0.2023882454652922
4.4840326854092645        -0.2087035818106896
4.500373640227792         -0.21366813526457526
4.50200634227532          -0.21415572058755378
4.509520967182313         -0.21638008062618164
4.524161606283761         -0.22062040626183577
4.525999127169385         -0.22114525044743108
4.547633695410643         -0.22717531248931105
4.54844025586307          -0.22739479686273556
4.5567651485792755        -0.22963784332023526
4.5906724854208           -0.23835266149082499
4.600815630745904         -0.24082823925098729
4.614176796170479         -0.24405601843307587
4.6404771037600865        -0.24992462181125094
4.650296586348293         -0.25195081292236393
4.666098940665931         -0.2549833220930878
4.681879590698582         -0.25795864959183196
4.687763417094698         -0.25901420298029343
4.689082495048631         -0.25924683438932256
4.745920129030555         -0.2679306159895887
4.756115251011645         -0.26925461203001394
4.776179687679764         -0.2716837008186732
4.776627597759362         -0.2717353926401562
4.780166892206213         -0.272139958582815
4.818974481509998         -0.2761226599809191
4.81929068663759          -0.27615169892584085
4.819878960026671         -0.2762055767141227
4.823491952221113         -0.27653229063696494
4.829997776081859         -0.2771024386430712
4.8305292473886405        -0.27714798336224306
4.833115832725166         -0.2773723511224114
4.844616498988209         -0.27832123957330823
4.881712539307849         -0.28083990484421517
4.8895309758705405        -0.2812651610636537
4.907668739429997         -0.28211015001867784
4.908091560643718         -0.2821260653470679
4.908515461535119         -0.2821414832492745
4.9456899521644315        -0.28319870400278124
4.9547028740018755        -0.28336406246317897
4.987867507901299         -0.2836668700393362
5.003983589840719         -0.28364047048393376
5.021452041383937         -0.2834836600931828
5.022260461574775         -0.28347317445623765
5.033597379174647         -0.28331668313630193
5.055317257568872         -0.28286128027169644
5.070175184602354         -0.2824319825951566
5.0776212585376355        -0.28218085043728414
5.087996901353264         -0.28179084294878803
5.11389360756384          -0.28061386425580004
5.14008918484032          -0.279127596069255
5.155368433205258         -0.2781233679882653
5.168825123159804         -0.2771551316376393
5.1738328235915505        -0.2767746868744343
5.180608531127075         -0.2762478596624631
5.189460231553181         -0.27554709640443753
5.208338196855522         -0.2740051932896623
5.224027015989906         -0.27267467671431306
5.233746487501559         -0.2718280442100148
5.239984479960557         -0.2712756609397076
5.243480883166364         -0.2709629682030713
5.245147427553639         -0.270813145727431
5.247015466668255         -0.2706446111241136
5.253618148930202         -0.27004385352103705
5.260696998774658         -0.2693767103708446
5.285602829228238         -0.2669503332176738
5.305753738856062         -0.264896992419944
5.316844947095571         -0.26373905091627786
5.337932189272835         -0.26148663017668916
5.351388689156527         -0.2600144304201882
5.3820095743058225        -0.25656526531323703
5.4098475198590545        -0.25328427890235167
5.431553732316473         -0.2506299652517302
5.4477430901967825        -0.24859549781521878
5.463944290859304         -0.2465126902902933
5.469108731605987         -0.24583444744429672
5.495694842099779         -0.24228791699215266
5.5043788049801305        -0.2411095411254905
5.514927677358834         -0.23966488768123295
5.532190917246149         -0.2373731663434968
5.540945157387842         -0.23620478703896888
5.5595058640423725        -0.23371370251261545
5.588761454793254         -0.22971780385190185
5.604843852090726         -0.2275066652537445
5.616041570203374         -0.225961032513899
5.648842815305469         -0.22140471963884112
5.655830892183735         -0.22042849518893695
5.67687888107678          -0.21747637681129178
5.697486850811728         -0.21456888939439914
5.727546829197317         -0.2102678591824336
5.730135726709439         -0.2098969123424203
5.751418477548936         -0.20687328594747692
5.764033223971103         -0.20509307650468586
5.775679629132632         -0.20345742309493847
5.793112259865629         -0.20102331369634271
5.816695659986237         -0.19775742868637292
5.83078063202972          -0.19580975411483198
5.835564804290581         -0.19514817567658554
5.859263180655637         -0.19187088884637574
5.861976665211407         -0.19149561958753633
5.8628032067049745        -0.19138130992397742
5.874423557690865         -0.1897741953088452
5.885209254516245         -0.18830051177085536
5.891110371734581         -0.18749523881395827
5.897192840676558         -0.18666596984778688
5.930154496778578         -0.18218532584293448
5.946148552033664         -0.1800192455480858
5.979968757806384         -0.17540928802818695
5.986706341326378         -0.17449348813856735
5.991328983368338         -0.17386961869213985
6.024757060119391         -0.16939415968024948
6.037506642991083         -0.16770473921264942
6.060708303448873         -0.16465955349194067
6.079850200516093         -0.16217559729859934
6.112646277466178         -0.15797946566275672
6.1182459026344045        -0.15727054621699282
6.133724293734131         -0.15532239075454438
6.1761824474783085        -0.15006464756563573
6.180246335246031         -0.1495680243360108
6.1990244264183           -0.14728829138748023
6.199586926565618         -0.14721925229154606
6.19959575211704          -0.14721816917471997
6.199872879697461         -0.1471841601889308
6.199884118377154         -0.1471827810451776
6.204214581344226         -0.1466517351709692
6.204278757765461         -0.14664397306168275
6.2080623369087204        -0.14618665606247885
6.209420456356235         -0.14602063182926522
6.211239885959455         -0.14579838458316624
6.26144163328185          -0.13974299806782328
6.280434166200159         -0.1374907788746771
6.287633544010181         -0.1366425945606227
6.29682876467886          -0.13556370993531114
6.297971974156993         -0.13542992386534677
6.302363370497366         -0.1349174916661934
6.32504483904111          -0.13229178117599755
6.333385099522041         -0.13133511895401007
6.357155023505735         -0.12863470212450925
6.3622178352847625        -0.1280645240516609
6.396867173859144         -0.12420932420797459
6.430115485459422         -0.12057928241732258
6.435132394880486         -0.12003629022680226
6.4525914237287125        -0.11815637225168604
6.491226626815924         -0.11404994228746354
6.498904906505826         -0.11324264267471117
6.509770789510851         -0.11210772734854252
6.5284544721673585        -0.1101728584516878
6.538266372823515         -0.10916515005879077
6.540968530528205         -0.10888864777621242
6.551686325154533         -0.10779625740566944
6.553007518870296         -0.10766207545900518
6.554805938460401         -0.10747959456222898
6.567196610758777         -0.10622763087603843
6.585814567780028         -0.10436381225187055
6.59838271615558          -0.103115068455826
6.601191426797163         -0.10283719834059823
6.618705339999325         -0.10111438633542562
6.631653170362557         -0.09985702561351131
6.647497858291515         -0.09832279947462128
6.67120591796156          -0.09604993555716185
6.680182840216936         -0.09519645168079907
6.689354684946248         -0.09432847658962017
6.7111926866886105        -0.09227908471265447
6.71339461026326          -0.09207394495914874
6.731537667172826         -0.09039412870129963
6.757050921830394         -0.08806349301444327
6.762170261482155         -0.08760028583059054
6.762647758579622         -0.0875571567645395
6.764599980784556         -0.08738096024046231
6.7812114757931035        -0.08589044042779222
6.78229382759707          -0.08579418975935503
6.791038571503495         -0.0850180632667999
6.799644058113557         -0.08425693782621371
6.802645255057721         -0.08399138106584186
6.852025407804543         -0.07967558622127335
6.852210899553023         -0.07965956466280177
6.852852641501663         -0.07960414619822308
6.892270602821872         -0.07623284163597381
6.906293539546591         -0.07504901199200853
6.910673833991785         -0.07468089194062547
6.916611436132667         -0.07418315070515216
6.9354225245803836        -0.07261543572135622
6.939670754195377         -0.07226362333031092
6.959441971542622         -0.07063712589285322
6.977840376576562         -0.06913958493040437
6.981437750346197         -0.0688485812890605
7.018872152773806         -0.06585542788103427
7.02404382196599          -0.065446437011841
7.025708867888433         -0.06531512077858334
7.044060061394534         -0.06387364939949347
7.0532287531724           -0.0631574552107286
7.0630143828741625        -0.06239600986916616
7.078354315091257         -0.06120847849139477
7.078776195028799         -0.06117592430809268
7.084755920974158         -0.06071510804569
7.0928801250554           -0.06009084769987037
7.093247646861608         -0.060062656946463164
7.105126757362916         -0.05915377573735156
7.142008589913382         -0.05636535269999136
7.142314334108975         -0.056342427721435204
7.14239684749788          -0.056336241353680955
7.142574901901796         -0.05632289269651305
7.152245591299749         -0.05559955451628489
7.155463889727505         -0.055359562444568994
7.173757599941194         -0.05400227621426342
7.183560115128171         -0.053279813074771504
7.1891507079950285        -0.052869284228781455
7.1909090076628726        -0.052740395058548814
7.195324599081844         -0.05241750879473519
7.205863274078606         -0.051648702973301285
7.221359534421342         -0.050522910238538575
7.2330431030127915        -0.049677594149871884
7.253256982795548         -0.048223809768572816
7.263619135360689         -0.04748284115582037
7.284013237084215         -0.046039097786434065
7.2907124608292815        -0.045566812409642665
7.292609099849339         -0.0454332788806122
7.32816238259449          -0.0429445701664288
7.333970824912089         -0.04254033408077497
7.366717533764266         -0.04027762935915319
7.386049570830453         -0.03895482932260401
7.408729859332182         -0.037413705693116264
7.4336174228829055        -0.035736815730496786
7.433878481447181         -0.035719304809512534
7.434506112321815         -0.035677212162877205
7.436564861965083         -0.03553920663028143
7.462531927499557         -0.03380727920775499
7.488882008143397         -0.03206636208180346
7.491551666295022         -0.03189091151600928
7.513323608784715         -0.030466445226090752
7.517438217655139         -0.03019778550446747
7.531515356490967         -0.029279122203360482
7.532414990962343         -0.029220509554756448
7.538542793970018         -0.02882158263142793
7.5879251227872855        -0.025626432729950785
7.588217495510691         -0.025607619896081898
7.594620093079266         -0.025195950312115578
7.594752338156715         -0.025187467862004747
7.597223444561675         -0.025029009479796666
7.653662542058428         -0.021432142111891008
7.6578328984622965        -0.021168057267367316
7.678504525176431         -0.019862479281042948
7.711064875536625         -0.01781763771187042
7.713017855913376         -0.017695438718164442
7.721045703845331         -0.017193668546850643
7.72390324094172          -0.0170152701649394
7.729628089708978         -0.016658192109548713
7.731526470519454         -0.016539424062197258
7.748973212425527         -0.015451796031703319
7.766536481389574         -0.014358932533681625
7.783853556326436         -0.013283381275001768
7.7867910857856595        -0.013101172799731959
7.789203438578761         -0.012951593569640624
7.7985932204472785        -0.012369836167790312
7.806178381662836         -0.011900174804158161
7.8350386730649655        -0.010115906775454946
7.8412081421122455        -0.009735041614832225
7.85429059191244          -0.008928061854806872
7.860878960023819         -0.008522261972643903
7.888311184289689         -0.006835276050620762
7.915171458499005         -0.005187615789958277
7.9229212524497274        -0.004712992496596575
7.925630587626042         -0.004547144445718638
7.936440442417502         -0.003885276721531406
7.94374835031963          -0.0034380049546925825
7.944768132700657         -0.003375601818338642
7.95239207703993          -0.0029091614909410755
7.953889135682027         -0.002817588357752704
7.980265497208469         -0.0012051696628747094
8                         4.168978858318389E-17
