0                         0
0.02908872135972651       0.0017636658863925427
0.029226451372992897      0.001772025291221499
0.02948202402008701       0.0017875372720915041
0.0295929070413195        0.001794267405031829
0.0604278310779402        0.0036678628388724633
0.09218161605018035       0.005600409764757688
0.10358110573647296       0.006293800519527742
0.12856094281211294       0.007816266830342448
0.13049091630937693       0.007934067701842148
0.1326455171214824        0.008065608628758481
0.17854324178199654       0.010874558761812946
0.20372014290808327       0.012419962150832294
0.22412021087584427       0.01367453045166971
0.2464963831129394        0.015055255049139522
0.26416983563962537       0.016148140259354956
0.26896225565130133       0.016444848693791096
0.29373858618952825       0.017981226108115204
0.29684329598692594       0.018174480106865325
0.30843149772585887       0.01889688681901378
0.32954554181518625       0.020217570014279346
0.3464800777455308        0.021279030314733778
0.3491007732043524        0.021443659424924075
0.3749668189138602        0.02307375939684321
0.39884970345627124       0.02458568603706878
0.4402431721913842        0.027228618089036007
0.4413129271525368        0.02729729885707305
0.44153313462255855       0.027311439054756158
0.4424846696166781        0.027372549315161476
0.4644166244642355        0.02878525730608498
0.4764207209837135        0.02956186953454253
0.5009171052784587        0.031154117635719517
0.517365332769899         0.032227529828180494
0.5311505625651867        0.03313023792557776
0.5453419476870444        0.0340657490324429
0.5531026667245358        0.034579279521592836
0.5680672333579657        0.035572514164417986
0.5795792247606927        0.03633952517396528
0.5808189009397163        0.03642227331979242
0.5842516613402042        0.03665156371385165
0.5879885346312684        0.036901424994924645
0.5999577739506782        0.03770354143902839
0.6067972208295334        0.038163123288692216
0.6393987947055809        0.040365033085520155
0.6539680662128002        0.04135830277559015
0.6842571957726697        0.04344159429950804
0.7080756212623149        0.045097196984663794
0.7407378784917468        0.04739238880581779
0.7523071076089419        0.048212259850412956
0.7583404813520066        0.04864064552863331
0.7691796956714768        0.04941259230313059
0.7857334771752452        0.05059730488079409
0.7929775447997035        0.05111837624441696
0.8342834336779212        0.05412502927706484
0.8352146739927205        0.054193463325803375
0.8364752550496257        0.054286145232992036
0.8398706004396356        0.054535890563916126
0.85648293423793          0.05576318059087097
0.8695039916423144        0.05673138334428125
0.895080210649273         0.05864908488361962
0.9112795252375172        0.05987463366351887
0.9399087287466743        0.06206127909260845
0.9416321132770331        0.06219375256825686
0.9553212590314223        0.06324941910453445
0.9561397473444619        0.06331289892852733
0.9771173201672949        0.06494740563294314
0.9968325565676273        0.06649678626932516
1.0204160961174518        0.06836866443229174
1.0323178149403316        0.06932152116151308
1.0505922582804295        0.07079527578967029
1.0551271640976843        0.07116336328905225
1.0769071871289548        0.07294345725795681
1.0999178169838244        0.07484617876546394
1.113166791985117         0.07595199812446632
1.114635831298902         0.07607507334146787
1.1331826154779383        0.07763685344569941
1.1358120006143668        0.07785773606051798
1.1459384123626013        0.07871208353730584
1.1876699381222076        0.08229445185750098
1.1881175169645686        0.08233341041916505
1.190915956413395         0.08257725307957549
1.1932076547249697        0.08277727252124426
1.2257329613141144        0.085639682157427
1.233454393026307         0.08632690163317219
1.2438723934746023        0.08725879634836503
1.2557490413827617        0.08832412844446794
1.2695984431700622        0.08957354555065959
1.277774573206616         0.09031475473019951
1.2991385468028596        0.09227157512631165
1.3184022486520857        0.09405038844209498
1.322422303607123         0.0944233191099983
1.336969284145231         0.09578786768463077
1.339150660839745         0.09599314960024545
1.3430372296968107        0.09636012014755192
1.3674678033510659        0.0986833782179199
1.3797326466992847        0.09985149441120136
1.3925786393418207        0.10108552712749319
1.398554359035253         0.10166326100881272
1.4167270177572737        0.10343457369095412
1.4457039157332325        0.10630374688913984
1.4553107046643199        0.10726711431764689
1.4597685293293754        0.10771619826748939
1.4942588468249867        0.11123467794924026
1.5134602375457495        0.11321979727475737
1.526065451635873         0.11453321109416544
1.5298309124861047        0.11492488572730546
1.5344867571265517        0.11540985407547583
1.5745811512020647        0.11961724787940814
1.5771381486755152        0.1198874580199654
1.5944740997388203        0.12175699373701378
1.6108671037945022        0.12353891506142643
1.619903651288803         0.1245200092570206
1.626013375185169         0.12518696345635122
1.6412920747021524        0.12686762575888902
1.6442866584499503        0.12719947678536098
1.6486275717099053        0.12768146060337363
1.6603646545120672        0.12899021181563675
1.6767172239336894        0.13082712492812779
1.6773480142664952        0.1308982551414043
1.6789507325047928        0.1310790815311562
1.6856156748432034        0.13183256173045796
1.6890100826040297        0.13221723910183722
1.6940580005620265        0.13279047076928238
1.7017381273889705        0.13366528841365283
1.7042087099169516        0.1339473911355264
1.723912825467214         0.1362092674184496
1.7352841026709442        0.1375242787844338
1.7678663430068022        0.14133176055692198
1.7706045674176718        0.14165471067319993
1.778808729120709         0.14262507608184694
1.785957696946373         0.1434719040354973
1.790691851787481         0.14403403006553456
1.79795600035891          0.14489864534843663
1.7988976641604113        0.14501091144962117
1.8228806855679682        0.14788446938932842
1.8281280790135186        0.1485168565533625
1.8314525141347202        0.14891817995291684
1.8578196250527617        0.15211989809851256
1.8613798503824792        0.15255653636524186
1.866103555942885         0.1531376009070982
1.8699587349449502        0.15361329249001
1.871927673985783         0.15385674828792453
1.8823781488477225        0.15514387988335865
1.888602116494095         0.15591325900194597
1.8937301769981327        0.1565487402745927
1.9526507770982429        0.16397567457823883
1.972685123324318         0.16653673758319984
1.9742147283711806        0.16673301771337676
1.9822158078441936        0.16776144532853632
1.9871168850076535        0.16839283930073717
1.9881274316478923        0.1685236792143914
1.9900351525848854        0.1687708331062063
2.039354571481689         0.17522976640185864
2.0602894222049235        0.177982791231044
2.080083535681567         0.18059683995596063
2.0831696743144383        0.1810053679550127
2.0884392995753287        0.18170353802106667
2.0950117853779826        0.1825753888722486
2.106230467634001         0.18406629738528085
2.1359904753358014        0.18803795210437374
2.137439118706024         0.18823232435443019
2.1377912582703167        0.1882795792219858
2.1660747113503223        0.19208322857752974
2.1755305370251783        0.19335366611265936
2.184183805672532         0.19451708578380975
2.1895418561297704        0.19523733973147736
2.2043990638713504        0.1972556723733296
2.2389119361552656        0.20191778265926313
2.2537959138688968        0.20393058746974613
2.254366152898704         0.20400772931649983
2.265746731642086         0.20554770457016738
2.2777778651177174        0.2071765642916903
2.29293280470341          0.20922959601644261
2.3005427089322064        0.21026103097199683
2.304288405831512         0.21076884604206259
2.315742424421209         0.21232222862327216
2.3452946475410865        0.21633374562462873
2.3621734817091475        0.21862731067966065
2.376213808873787         0.22052830342298618
2.3812846238107674        0.22121241235184264
2.395861719098023         0.22317894211873487
2.440316244813801         0.22905248056518712
2.4519257977312834        0.2305557275267643
2.459141188828164         0.231483603956624
2.4601323438483504        0.23161068018301342
2.478158703903696         0.23390569505451897
2.484007750053624         0.2346449894478771
2.5101200016412117        0.23789996185032114
2.5232542144952865        0.23950923850459407
2.5370740489162187        0.24118758649533142
2.5539670660039664        0.24321835496886507
2.565778640964781         0.24462467203411029
2.582325959867328         0.246576024790604
2.5978641432778167        0.2483883860251817
2.6055257953683935        0.2492749084015121
2.632436410613371         0.25230761985735684
2.671816226142978         0.25646439503458207
2.68936156979481          0.25819535333726407
2.7015902688792788        0.2593632480750038
2.704575184994443         0.25964351351595427
2.7155266600807755        0.2606556336173388
2.726086837812123         0.2616075427967241
2.761188414710845         0.26460197648544076
2.777334778805552         0.26589178985018697
2.7866777906709572        0.2666129236540301
2.7941810984268978        0.2671786802223123
2.812593665681728         0.26856215723482696
2.839410508996004         0.27047304006233563
2.8551463695814463        0.2714517023118051
2.8642114925492645        0.2719812931882414
2.8693030282312506        0.27228904994684
2.9042485192773206        0.27410124303456745
2.9043623823525113        0.2741060474897568
2.9657836799369486        0.2757648371755607
2.9697008348599323        0.27580745479952656
2.989452621050587         0.27590695852691155
2.992245709267131         0.2759054869089396
2.999609562607949         0.275926653609927
3.0032092711944975        0.27593047745184984
3.011102165241666         0.2759238685671079
3.0351254541328823        0.275777022097255
3.0361102911957873        0.2757669312543877
3.0488694498520386        0.275607213152185
3.0682221818496687        0.27498814758956425
3.0690715045448083        0.27495701316275245
3.0805174253567085        0.27450490141304623
3.1013734503372135        0.2735253785876974
3.121957836787254         0.2723614490750185
3.134776012294685         0.27154047765619094
3.140876194035117         0.2711188043803852
3.158397363734403         0.2697965843007018
3.1807190521290583        0.26793447975937157
3.1921817225772853        0.26685621091816264
3.2104733806742534        0.2650763193628874
3.217347970996564         0.26434055379269394
3.222284504432839         0.26378969120480866
3.2573823550299053        0.2593304214078186
3.27689640694671          0.25643947858061494
3.3044571371575735        0.25186953249886207
3.3100474795067534        0.2508772043461946
3.339069365160495         0.24549404542331688
3.389808055387519         0.23504645316946743
3.3945602962202215        0.23400792743490312
3.410628807619577         0.23041040340174238
3.4177239961065458        0.22877963401655269
3.4205492736365875        0.2281230621845925
3.423802675856294         0.22733302076642287
3.4262933569317964        0.2267241995352054
3.432212160777688         0.22526350829948913
3.4763785764067108        0.21378596162717903
3.484069698656551         0.21162509307218555
3.506236217245182         0.20512816182534102
3.519764059981027         0.20096685865988573
3.5303656001092416        0.19760170205321143
3.5479934262144086        0.1919397805661393
3.551100485839014         0.19092281003637168
3.5674033565050762        0.1854933657735421
3.573653938978441         0.18337010558633984
3.5751168466174987        0.1828698414062691
3.575835292207709         0.18262369532201958
3.576153838176709         0.1825144610793942
3.592925781397021         0.17666881886908156
3.6223957136905933        0.16611212496735636
3.6570833261465507        0.15322038625409143
3.65891552583777          0.15252543458952245
3.682888021216598         0.14330316525873232
3.7113228133482665        0.13185535808214507
3.7188522569666995        0.128733551400941
3.7375202962297713        0.12096240474405731
3.7380716080018628        0.12073037824801916
3.756646938051558         0.11282801963333693
3.7737418474140463        0.10541009757286943
3.8013123443332684        0.09315297910198082
3.8136384116172586        0.08754628615623403
3.821490400054074         0.08403063526605366
3.826579083874869         0.08174317458962801
3.8360996752192027        0.07744436656806024
3.848014676966712         0.07201552360718327
3.8716590502043124        0.0611428560706407
3.8751550471310297        0.05952401559740111
3.88189800070605          0.05637656585098488
3.888191225499799         0.05343055034162939
3.8972334170108027        0.04918332755780676
3.903485544960962         0.04621837946613797
3.935811463972577         0.03082330891950484
3.9395240884033114        0.02904819947593918
3.966782614430975         0.015971037376643522
3.9736482806206506        0.012665024964494885
3.9946725272585155        0.002510626151647715
3.9999417086045566        -4.154724525316962E-5
4.029216019363934         -0.013971918175705105
4.060533130524009         -0.028810251287205223
4.06385065251161          -0.030382596580770884
4.084806020406173         -0.04027929877748632
4.086975876084704         -0.041300602302123145
4.087377712315508         -0.04149266522452455
4.138436497003602         -0.06548821951199761
4.142597209417714         -0.06740785127929509
4.143166745248569         -0.06767019954457734
4.187035562876508         -0.08757451773471511
4.191921734428207         -0.08975443730362766
4.217836500338696         -0.10119192078354432
4.228705107050393         -0.10592660151838418
4.231721967439431         -0.10722634891307022
4.263683529856002         -0.12085686364774281
4.269980382856818         -0.12351221404425994
4.27471781210126          -0.12550344465859944
4.297786229696918         -0.1351195441788317
4.313708206682984         -0.14167922347431045
4.31503634556588          -0.14221945598382274
4.322308291393543         -0.14516828491103048
4.323748238218308         -0.1457600460384864
4.328633928038847         -0.1477595789886357
4.357114841117122         -0.15886165526508422
4.362469638984941         -0.16088393634376547
4.375659011070663         -0.1657771787660698
4.390759936897811         -0.17122620192972976
4.391784092624219         -0.1715898285231267
4.3994731560446665        -0.1742957739846294
4.401596554548886         -0.1750355614584054
4.409141541461496         -0.17763802437530873
4.412185923339294         -0.17867678047972013
4.45327361322499          -0.19220588539702274
4.4662895904781355        -0.19630133566694066
4.49097056512559          -0.20381563620390453
4.491744510378732         -0.2040459436620268
4.500190940251223         -0.20653834434611573
4.500597847750255         -0.20665744209627748
4.528566332236782         -0.21462899677815628
4.572594596528722         -0.2261552947484059
4.577237958985433         -0.22730584464094297
4.578122544615915         -0.22752360358098225
4.581091017810288         -0.22824941396116671
4.5948222727192505        -0.2315077462723104
4.622826067167396         -0.23764803597240478
4.624466161701637         -0.2379840027002614
4.627564896476374         -0.23861307689505085
4.6436295262690015        -0.24175508816695787
4.649433864940268         -0.2428889891910147
4.658460265787899         -0.2446180258061276
4.663667032114909         -0.24559955983503415
4.6977043870690975        -0.2516425068927218
4.69870691022898          -0.2518106717380888
4.701298228605529         -0.2522427398104363
4.7021608472009335        -0.2523857370119931
4.716724559612496         -0.2547824490892383
4.724143296143168         -0.25595068886931494
4.728923306977222         -0.2566845821711541
4.762098493536171         -0.26137163924959594
4.766594418245051         -0.26195216162981083
4.792333834900786         -0.26502447108562416
4.7988153688462525        -0.2656634858745408
4.8127916504781005        -0.26717843158599314
4.8274968348877305        -0.2685430270076383
4.838830780925875         -0.26950604709313514
4.846973693917206         -0.2701152085619954
4.871259288483323         -0.2717385697442671
4.884977224362885         -0.2725275054772461
4.903900542022998         -0.2734641118961978
4.921324910924363         -0.274170986072656
4.938111817511489         -0.2747109558362564
4.951682512052748         -0.27504629513179474
4.9857139660063305        -0.27548937951831765
4.995676127931519         -0.27551144945353795
5.018370088680459         -0.27543396130863373
5.051206995903316         -0.2749421203965364
5.065327256174643         -0.2746136104059904
5.0671899375356055        -0.27456458431601316
5.114090261594287         -0.272893016874183
5.1315562876780545        -0.2720556258445868
5.145469542440534         -0.2713051183687341
5.147582599623572         -0.2711819638676071
5.151934668381285         -0.2709240940304618
5.158154310213802         -0.2705457049039828
5.204668950883821         -0.267347974390519
5.208479693411851         -0.26705723586220226
5.218526446137021         -0.2662698439591358
5.221380715250747         -0.26603939182585146
5.235474460194495         -0.26487774113856616
5.248359943032935         -0.2637811432309292
5.249990930175123         -0.26363998865683164
5.267962524401796         -0.26204963045797436
5.268622264324599         -0.26199002705000257
5.273138998112396         -0.2615796454442478
5.310859701997897         -0.2579923448756233
5.31876768925754          -0.25720777406350787
5.347569999103106         -0.25425582533492025
5.376351254985457         -0.25115806590835027
5.377128656707724         -0.25107334356664446
5.3812162242115145        -0.25062604214324197
5.417066998240716         -0.24657095651917646
5.459982619342105         -0.2414052632808051
5.470332300242687         -0.24010868528469165
5.478411603243948         -0.23908281284087401
5.489495286947774         -0.23765588532356616
5.51541205991262          -0.23443043827422638
5.537089377123715         -0.23168890911093382
5.547860532076429         -0.23031187787040608
5.553196749568757         -0.22961906156691164
5.570503388566635         -0.22736095422350716
5.5713919383203185        -0.22724425498748635
5.588419698199949         -0.22500304958100953
5.589897628428829         -0.2248080899521332
5.599967927845133         -0.22347783386599082
5.611895101133054         -0.22189813239279121
5.612471444280735         -0.221821684081305
5.616992804111838         -0.22122158872650402
5.62298780574439          -0.22042490581944987
5.638030356104405         -0.21841518938243204
5.641616376484789         -0.21793519823115
5.670455227916535         -0.21406262335344206
5.690811345900585         -0.2112992295220652
5.703017098356429         -0.20964254778411692
5.72218514014498          -0.20704130049863176
5.729085804717296         -0.2060915055453706
5.742299048069503         -0.20427684144341832
5.7713559585076615        -0.20030466536216146
5.777228481593376         -0.19950494588928702
5.798247032363561         -0.19665111230158344
5.8085789387434374        -0.19525313213141707
5.818074682608048         -0.19397111215437346
5.844319088505259         -0.19049525856732474
5.864206434538705         -0.18783736714737992
5.870476385248663         -0.1869994100259203
5.884562943559283         -0.18511679969267814
5.889216905416561         -0.18449481972047402
5.900283165522154         -0.18301587203888003
5.9067680883898515        -0.18214919973796942
5.913854224694757         -0.18120218184544856
5.916651635564762         -0.18082832623106468
5.920537337393436         -0.18031427767054017
5.928338377865424         -0.17928356100615478
5.934805682310345         -0.1784303819386817
5.941878826995157         -0.17749864617860076
5.967054732864437         -0.17419384582822073
5.971251289065944         -0.17364472993750213
5.9952942756138246        -0.17050841543794965
5.9968746763943015        -0.17030283623203984
5.997237609398319         -0.17025551846348433
5.998221297426298         -0.17012730980045965
6.017950410149393         -0.16756847432411423
6.061410370419559         -0.1620161376290839
6.063068945654533         -0.161806540753398
6.063552616824197         -0.161745450260071
6.07076812042041          -0.1608324256334937
6.082356696205063         -0.15937326421074224
6.090289977293252         -0.15837948359523316
6.1250091562891           -0.15405360623529732
6.129412332438974         -0.15351048204813247
6.148699361570677         -0.15114603473877042
6.180254549608537         -0.1473287763441923
6.18416341133441          -0.14685755404897255
6.196826520908013         -0.1453348705607038
6.201750784062959         -0.14474435219985476
6.225718726504821         -0.14190987751561826
6.227762502598405         -0.14166921061745558
6.229253609424826         -0.1414937261879251
6.231648994486456         -0.1412120004058918
6.273081424868488         -0.13636222976473428
6.292109334507825         -0.13417068403279223
6.3212474827836065        -0.130858263773976
6.3236551310688505        -0.13058692084806636
6.331989764542354         -0.12965038417587302
6.39011553605471          -0.12323891518731214
6.420789919919529         -0.1199530256907594
6.422983207674927         -0.11972054144843416
6.425087811044597         -0.1194952417587481
6.435156822966504         -0.11842037954426825
6.491758361185497         -0.11249110791657571
6.500312695488691         -0.11161038554977547
6.5113857129202986        -0.11047848741591586
6.513579110619655         -0.11025507586976381
6.531880896931163         -0.10840123983220029
6.535577565558276         -0.10802903140475406
6.559126234192972         -0.10567562207786593
6.575978631370159         -0.10401015334608107
6.578705768907425         -0.1037421077680494
6.600141387291734         -0.10165211846175866
6.620555966513225         -0.09968975829734233
6.636815018753261         -0.09813076740963907
6.640700773020914         -0.09776024895951016
6.660704399825949         -0.09586544966286654
6.675882419023905         -0.09444603410808854
6.696783492814675         -0.09250758402478546
6.711114315508704         -0.09118931433414533
6.715543769105963         -0.0907836381264397
6.725556227644181         -0.08987035743998477
6.742724696104784         -0.08831757107205042
6.74645051881753          -0.08798279879460934
6.7472455501199775        -0.08791146558104604
6.775230036264458         -0.085423417343755
6.775602448710742         -0.08539066407615474
6.790083031868175         -0.0841209177231968
6.804779624375254         -0.0828398165897721
6.805788686259886         -0.08275189455582638
6.838019630335011         -0.07996570931224245
6.848364406114126         -0.07908057770915142
6.9001136078297725        -0.07472026103754874
6.901172178508944         -0.07463229983458061
6.904116539435704         -0.07438790004845446
6.916712411316135         -0.07334668217741322
6.9302383206528075        -0.07223637430152474
6.932575146039902         -0.07204536747413039
6.985294979710533         -0.06780016387924832
7.009417147672655         -0.06589862259004856
7.012112235191484         -0.0656877633973945
7.014284242958811         -0.06551806217908561
7.02153129227367          -0.0649533477194485
7.029474269247129         -0.06433665139165044
7.032553526970414         -0.06409732962432237
7.062826363533103         -0.061755360081642625
7.076157823065873         -0.06073291254050414
7.081910497806798         -0.060295693626438863
7.107347937472189         -0.05836942381719821
7.1288050452792975        -0.05676185090600536
7.1325559190892465        -0.056482458377729174
7.162202163874937         -0.054291195397229
7.16276982597785          -0.05424953199970439
7.163033066778788         -0.054230215273419785
7.197669248408939         -0.051709359408910784
7.210326718685526         -0.05079841814887245
7.218191714483509         -0.050235157303041435
7.222501217643481         -0.049925998344023226
7.232745741717871         -0.04919285546208707
7.23920937075789          -0.048731584928856285
7.2450683206162765        -0.04831433246092248
7.252870338329587         -0.04776500010752886
7.265889991551392         -0.04685086916027768
7.272070474591685         -0.046418052396585655
7.28712089387103          -0.04536710674133791
7.296465284763246         -0.04471676455169297
7.303478852625466         -0.04422867773565344
7.314694924036138         -0.043450531951058816
7.325229798417208         -0.04272233667783345
7.340637278705            -0.041662028772169624
7.367516867409171         -0.039825602522442806
7.385868386076119         -0.038582526166328374
7.4171866221104095        -0.036481191074648624
7.440692451360757         -0.03492066346614312
7.474792868688619         -0.0326821136677302
7.483254476985752         -0.03212883399056046
7.498558357803824         -0.031131835372215765
7.514681086315575         -0.030086614137913175
7.521083381218534         -0.029673017431835112
7.549752815579739         -0.027827252823619496
7.586374752236829         -0.02548425620228721
7.590739745151694         -0.02520609706696988
7.597200929376017         -0.024795043117902094
7.614355127605986         -0.023706269630164985
7.624433514976628         -0.02306816852653324
7.657986453101525         -0.02095508846501924
7.666099965001189         -0.02044672559072363
7.698252047048877         -0.018442173179929015
7.720126037348015         -0.01708752738808029
7.72107099037064          -0.01702917310550108
7.721734489385126         -0.01698820785666515
7.7302323623588025        -0.01646413877054693
7.739891984325743         -0.015868498195011873
7.742777682090363         -0.015690660817728852
7.7434601013742865        -0.015648612191761967
7.744381815225442         -0.01559182316824602
7.747732372053852         -0.015385428048843153
7.774262020602132         -0.013753454902532705
7.7863696636193565        -0.013009985933655786
7.78787444464112          -0.012917643351209134
7.803083211120232         -0.011985064860395555
7.804551496154206         -0.01189514066879913
7.834545344500166         -0.010060149204701226
7.841901636714168         -0.009610670648746818
7.852954240489021         -0.00893576610177017
7.88831118428969          -0.00678018009655303
7.901300694879919         -0.005989562502108121
7.9053153864819325        -0.005745000353781145
7.925630587626042         -0.004508749884808648
7.94574702895774          -0.0032877145233011786
7.95239207703993          -0.002884606807252615
7.954895529159302         -0.0027327705908568095
7.970148100837147         -0.0018080501728448316
7.974559185057982         -0.0015406519535548324
7.975919706242251         -0.0014581938194203744
8                         6.61172852441342E-17
