0                         0
4.150439187201556E-4      2.4405274941148357E-5
0.005192182199780654      3.053564726521531E-4
0.026953151209927473      0.00158625993995474
0.0272960747602707        0.0016064649545011402
0.06255021814678167       0.0036852689662789026
0.06417663910016701       0.0037812509883740136
0.06710908318387027       0.003954324401193085
0.0997082537072298        0.005879841964878946
0.11751347557620098       0.006932701982351788
0.12792778117266213       0.0075493927670366
0.13431400055933548       0.007927800347728508
0.14459996752034943       0.00853767090186018
0.1582957061721821        0.009350455531956047
0.16453560066072537       0.00972104870359583
0.18124065526171682       0.010713291015741434
0.19605732350000799       0.011595027881864783
0.19728559780140012       0.011668192295009538
0.1980836894748343        0.011715737839820552
0.1990447896020585        0.011773000467565561
0.21899427761347778       0.01296307986550879
0.22486010477252402       0.013313541983497226
0.2330983130910409        0.013806158438850923
0.25966944301192535       0.01539742280997756
0.29077238980336767       0.017263952582365454
0.30703789603633025       0.0182463595397378
0.3128567434390686        0.01859857319546375
0.3134994965352939        0.018637503662679047
0.3141071014873389        0.018674309794098586
0.3306464255033829        0.019677882101816785
0.3551823711289821        0.02117267945287835
0.3801510109418263        0.022701204423637947
0.39376487388935527       0.023537745471347196
0.44376537611413625       0.026629119774924527
0.4477477992337261        0.02687697765893332
0.4511707175450908        0.027089176179309546
0.47918561425670847       0.028834888531305506
0.4949543956429536        0.02982453336682384
0.5227688454318715        0.03158251084493788
0.5452802307141578        0.03301685597889321
0.5774840705837762        0.035085735188943264
0.5913380325998656        0.03598194938524519
0.6154297921610956        0.03754931713467499
0.6290246740134458        0.03843874716979252
0.6732158208110058        0.04135467925317209
0.6753329246675144        0.04149532653925457
0.7057271971477551        0.04352412117735719
0.7127691173127324        0.04399672168494545
0.7140172388704669        0.04408058656605131
0.7601121069405815        0.04721513194654356
0.7624279978714738        0.04737412138235802
0.7908328566526137        0.049334178704512545
0.7994914733650514        0.0499368553601632
0.8164982601316346        0.051126596648170174
0.8169976477780317        0.05116165233802051
0.8211744008869758        0.0514551176571429
0.8530824207780551        0.053712843599707454
0.866894192158492         0.05469880258379061
0.8851514200347779        0.05601014570861969
0.8888945105761958        0.05628012812462944
0.8948350464124639        0.05670939861733387
0.9012556934971974        0.05717445287539274
0.9342969109519321        0.059585575565138924
0.9504285532088509        0.060766908474166346
0.9506906024094679        0.06078619378593607
0.9687462559404854        0.062122318384259224
0.9844664009185294        0.06329738599213589
0.9850471906465086        0.06334111001512442
1.0275250208343476        0.06657575357725345
1.0597395632704765        0.06907720928030209
1.0811701908751938        0.0707608030755684
1.0945875441875965        0.07182193350718406
1.1036370350440805        0.0725406956196046
1.1266303407236409        0.07437808106035776
1.1375685740694377        0.07525775554875219
1.1574835932772554        0.07686863986032519
1.1666742476713474        0.0776160922803356
1.1781244505657458        0.07855543949670378
1.1800064830024852        0.07871038888597001
1.212074604576777         0.0813745347493436
1.2162759814673378        0.08172692751976281
1.2188602828201394        0.08194407295519802
1.2195569594586801        0.08200266136044425
1.2524912752407205        0.08479670285891422
1.2660202257309932        0.08595602284364452
1.2689284447528126        0.08620611856539594
1.277021674762092         0.08690375423504612
1.2927515638049314        0.08826660865237776
1.3009235662077316        0.0889782567946323
1.30596115622687          0.0894176602512851
1.3309330155266357        0.0916174300818275
1.3430585855490542        0.09269853711396696
1.3772350139436154        0.09578883459124786
1.382456899262739         0.09626525663134046
1.402887928646387         0.09814011983572617
1.4323336326013896        0.10087255291309549
1.4422808658089727        0.10180370620272915
1.4559189134426633        0.10308699753474238
1.4562263147918986        0.10311601143992245
1.4646679897564825        0.10391429968704512
1.477522191209451         0.10513812493992296
1.4874738382124093        0.10609078362937477
1.5203866343804329        0.10927368637752799
1.5304804744355662        0.11025974151474693
1.5448164154251462        0.11166819646407755
1.5815974131129136        0.11532471305299648
1.5886935015370878        0.11604087797314429
1.61751781529691          0.11896396592786407
1.620222405447814         0.11924039326652114
1.6307332860015396        0.12031818407767951
1.6314879051323585        0.12039577778237238
1.6422501145901713        0.121505532055344
1.6471860552084916        0.12201680949054101
1.6478412824027202        0.12208477411229893
1.6478666796053154        0.12208740892882015
1.6720731888012454        0.12461382872978982
1.6721986332544758        0.12462700003364319
1.688615264609602         0.12635770394905838
1.69431693361934          0.1269528021450454
1.7028400673903255        0.12786420079128716
1.7461153117939596        0.1325178978052307
1.769473641861559         0.135047265789144
1.7702969348669468        0.13513692050657822
1.8174414918212647        0.14032810853125438
1.8229099546877776        0.14093811106015744
1.8250693644791602        0.14117943708733638
1.8438503650899667        0.14328895840234987
1.8538396111941748        0.14441874688805809
1.8846655806838695        0.1479392185676135
1.9007766353997326        0.14979963649908515
1.903718904677588         0.15014091063654814
1.9100218516257563        0.15086378246320264
1.932231409930944         0.15341548434585764
1.9334960290446133        0.1535609915876956
1.9347924482132879        0.15371088289339171
1.9585856312116647        0.15647365666576238
2.0083637924510063        0.16232621083089815
2.0109938686980406        0.16263816492327451
2.0121096701065913        0.1627705931931549
2.0360389900850286        0.16562249618894054
2.0862759122263426        0.17168351008749835
2.0884702830310817        0.17194949194587061
2.1158430930440515        0.17527461296174926
2.1421886304235582        0.17850448676703337
2.1566478829248164        0.18027668858364043
2.1789182470364468        0.18296448442973545
2.2026612707925683        0.185815819443625
2.210014999692668         0.18669596840095584
2.2648898719911537        0.19327448207551096
2.2799905722860356        0.19508876308189968
2.2994820386249146        0.197433112921983
2.31575215363071          0.19939220271639463
2.31939806581936          0.19983148151428076
2.3217874729992967        0.20011942422290563
2.3452770955179787        0.2029524002214964
2.3541749250733863        0.20402661156737012
2.3940863830148675        0.20884075172190733
2.4101098096872704        0.21075019468888573
2.4199230866312322        0.21188486083791036
2.44875906867067          0.21516800102147185
2.4501024988303213        0.2153191014648681
2.4699206960281455        0.21752892001072655
2.4734856146959556        0.21792260714301287
2.4803187770612856        0.21867396468934283
2.4897935740508625        0.21974053058720422
2.49571874040736          0.22039995925174613
2.498209650880737         0.22067544294911762
2.5010011957883465        0.22098295376908297
2.5161236653438426        0.22262636946735093
2.51953378944911          0.22299172452453503
2.5214060917925747        0.22319150049371106
2.524961361856383         0.2235692515887765
2.540891790236568         0.22523615815268525
2.544293630747898         0.22558666669726027
2.5509268581373417        0.22625576565386724
2.5670267191920813        0.22792439921874424
2.567331893762928         0.22795564242697158
2.5680748581864377        0.22803164572244544
2.572300712223536         0.2284623208239357
2.59474102413667          0.23070351052035748
2.599536643610304         0.23117411403598184
2.623410708233113         0.23347315932210455
2.6240090650727126        0.23352774865990347
2.645113749962019         0.23541193735896573
2.6650693299290547        0.23717865855099574
2.683889954188384         0.23876552119458044
2.6959551657830114        0.23974226894496553
2.7034578636843563        0.24033368674613192
2.724143696315102         0.24190087331728002
2.7339337463551527        0.24261012872065632
2.741968974821599         0.24317667452220795
2.7912441566309516        0.24634379822745014
2.791266515349264         0.24634511542950724
2.791302039348825         0.2463472232433481
2.7913224714112026        0.24634843547482538
2.8007473567920473        0.24689956106229824
2.8050199157091558        0.24713354454156317
2.805258160416589         0.24714642836791856
2.805739266399959         0.24717239303404936
2.8206539537695092        0.24794624657098044
2.8668271905885914        0.24998076760752658
2.8781290470346717        0.25039557803497686
2.8791727979476067        0.25043528120754477
2.879510126199181         0.25044802176789105
2.904860242719783         0.2512782102057841
2.9506486145714064        0.2521411479327293
2.9631076160593626        0.25223412778799137
2.9639508804643304        0.25223822874125273
2.965642048142156         0.2522456155600873
2.9666985350171493        0.2522496628592166
2.974065892797405         0.2522657577457921
3.0018966986643045        0.2521351144278481
3.0273675119093184        0.2517430743947211
3.047637659812755         0.251239636697626
3.0503349283743333        0.25114401202661435
3.063812054715078         0.2506257333275146
3.0933151298972934        0.24925566751104877
3.127176378058723         0.24728475599394967
3.133965113817221         0.24683836493335648
3.1350674425756293        0.24676426625692627
3.1418918293155853        0.24632072151027595
3.14637128580446          0.24601437121244069
3.1465744659509083        0.24600005001204758
3.1988936855092893        0.24149097733986766
3.2010173949895564        0.2412733894270433
3.2177967864078574        0.23945942717090757
3.229076427509131         0.2381454252803958
3.23605436677893          0.23729446336946364
3.2597229222396455        0.23419127025204045
3.2868394035693123        0.23022440787318682
3.296654922830505         0.22868014722844388
3.2997235253523867        0.22818555153430553
3.306871564062052         0.22703206343559074
3.310368109175009         0.22645947257567514
3.321798587609352         0.22454935473271537
3.333167740026322         0.22261470087390373
3.357394028074513         0.2182630121162223
3.370752230063539         0.2157300950934409
3.384280369178179         0.21301928607750273
3.403089524557579         0.2090569497633522
3.4160247580042484        0.20620151587632904
3.419176818939811         0.20548958767927605
3.4221853211917987        0.20480419357700744
3.4258820894986823        0.2039541216387706
3.431936313786574         0.20254319107312288
3.44936251504308          0.19835199514311325
3.45280603598451          0.19750095068305817
3.4833738114794066        0.18976783409906067
3.488874310764015         0.18832609421160368
3.4984396781876286        0.18578243754487228
3.5053904346778784        0.18393224832710356
3.507626424738164         0.18333342122165497
3.5107916615787462        0.1824827007944417
3.5176108699159956        0.18063783969797778
3.5413165347993583        0.17396563956147085
3.54281519331005          0.1735325930805681
3.5487938348506556        0.17179173301764433
3.557384231475889         0.16923313698166798
3.579627472860091         0.16242185720244573
3.5889076187722524        0.15950065778757738
3.610405622236755         0.1525075513462182
3.6326578388726434        0.14509959924955532
3.6328908101144           0.14502112906294798
3.6439923436812416        0.1412599629451611
3.674697240523282         0.13063373276420773
3.677222802729602         0.12974508348103936
3.6961279132398337        0.12302255194006487
3.731994239637281         0.10992668639602855
3.736373821878741         0.10829688089545927
3.7397918652620943        0.1070202591823295
3.7415147738083743        0.10637075357247931
3.765981127207775         0.09699913919974372
3.7788477624036565        0.09194165761272001
3.7849907891336096        0.08949754311851603
3.795953332281858         0.08508856055983928
3.798258791059013         0.08415361547740344
3.81060216100811          0.07916665864968044
3.8319552226254787        0.07049973602649842
3.86286820212603          0.057894846567264235
3.8644239253991657        0.057256136872491384
3.8653021394660056        0.056895397460208906
3.877384017495576         0.05193878411989765
3.8879422337557243        0.047583853396101106
3.9090111166628607        0.038828367581397905
3.910055631149133         0.038392042814391104
3.9196276526260605        0.03438357573469045
3.957582148062799         0.01831280392839993
3.97251033054327          0.01191459334563708
3.9767028927479386        0.01010981520897581
3.9870812504864848        0.005590213629294046
3.9877181598819798        0.005313337152620266
4.008163242149182         -0.003544608434040126
4.0509556884012365        -0.021896854400150472
4.072670594560441         -0.031112427646706676
4.10814364998541          -0.04602601223056817
4.118213696231652         -0.050172759272330586
4.1206529252702015        -0.051174435683624224
4.127557580921531         -0.05400398626875608
4.1462195706456555        -0.061608348863376454
4.174611673256696         -0.07305605336170994
4.175049996269189         -0.07323508645366508
4.175275859205235         -0.07332230491958215
4.19603966842844          -0.08167115708574645
4.220378528004339         -0.09131485298179734
4.239853963241388         -0.09899614967853669
4.251993377004785         -0.10369863809773319
4.26206907994552          -0.10755188529686481
4.272625385309617         -0.11154045809056605
4.282462804039907         -0.11521275979264745
4.298556145585778         -0.1211275200901256
4.301094815633679         -0.12205002671034819
4.313423976945103         -0.12648942490155635
4.3349884463268005        -0.13409154649039118
4.357258327930168         -0.1417250963820442
4.37099715193115          -0.14627957214016699
4.374024778077606         -0.14727482148361784
4.3764721794609756        -0.14807755910658943
4.382114561009871         -0.1499206544661083
4.396128260766793         -0.15445249932875255
4.4272031262989895        -0.16426894468235478
4.441362349356214         -0.16863539896584295
4.455332654241928         -0.1728528996038583
4.456524750017532         -0.17320724152644593
4.473108531259323         -0.1780462927801508
4.484609888940197         -0.1813033117027601
4.486551890043565         -0.18184525618777997
4.492067140075456         -0.1833717626305075
4.505908635739573         -0.18712067636993554
4.522025737446722         -0.19133792799227833
4.531741430730916         -0.19380323595205357
4.555796066619945         -0.19965798329942336
4.5591322465822275        -0.20043019956144756
4.596449640682115         -0.20869287565736538
4.606617670170781         -0.21082935586732182
4.621117412070126         -0.21379089807035867
4.6275738021941555        -0.21507740855412974
4.668070160314696         -0.22264818972101966
4.673901192718537         -0.22366635427947432
4.690364008592002         -0.22644320132384557
4.696765979240946         -0.2274630356587647
4.70094501536747          -0.22811690429422787
4.703922704677698         -0.22857709345833288
4.7216545230958555        -0.23121904313499408
4.769304396741007         -0.23759400519208432
4.773998611343807         -0.23814112473097993
4.780458366058635         -0.23886550679541588
4.78273050644475          -0.23911450710517618
4.785071187548953         -0.239368546691775
4.7913782487661765        -0.24004057948600274
4.797407911428488         -0.24066602413542829
4.800939256378353         -0.24102459331985487
4.844191696235873         -0.24495312135132258
4.860704950156428         -0.2462270298877893
4.861684610081164         -0.24629868185073978
4.898456159102343         -0.24867031932764677
4.903312204922794         -0.24893723648202787
4.903715874048061         -0.24895817500890702
4.9061432118305675        -0.24907378452545476
4.924747943053979         -0.24987819715524076
4.9469368948591255        -0.25066462046122906
4.961992387461261         -0.25109107362782246
4.981201251082889         -0.2515094074766035
4.982275304365064         -0.25152863571081413
4.989315361354293         -0.25164375505101755
5.020269045457035         -0.25192519151872056
5.03732513034158          -0.2519238005065254
5.066363757475383         -0.25174690181555526
5.069243120724319         -0.25171341560440774
5.078872071152035         -0.2515805364183533
5.111462306442752         -0.2506622048569106
5.1199180033652905        -0.25036892769626723
5.141565453729088         -0.24955902218280823
5.152243299257509         -0.24911805528787462
5.1808894973135375        -0.24779969409952213
5.195787728762467         -0.2470360982308645
5.196118028171473         -0.24701856466405056
5.2184744103917255        -0.24574554425564157
5.263418909749753         -0.2427297482876354
5.263688562867959         -0.24270981417923912
5.270482119450466         -0.24220035778368984
5.270605016243849         -0.24219101331660742
5.272697080564806         -0.2420312436206191
5.2729465500645505        -0.2420127530005766
5.275063632411049         -0.24185528028791406
5.287055860468582         -0.24094452929613963
5.322954538814302         -0.23802773020242174
5.331069810759272         -0.23732878513822467
5.354517161581903         -0.23522734183924177
5.362949520713999         -0.2344449643925658
5.367584724605056         -0.2340093702939759
5.381859018554582         -0.23264331057404528
5.387753218433803         -0.23206838394737622
5.400300148061847         -0.2308420195391398
5.411587080466385         -0.2297255077471122
5.442335352352283         -0.22661995266846016
5.448467113873702         -0.2259894664938476
5.449833118835691         -0.22584850329863615
5.450145783225515         -0.22581621232933669
5.4519999493522215        -0.22562452136608718
5.4527444724485425        -0.22554745397684986
5.453792153465537         -0.22543891312896638
5.454350771311708         -0.22538099536576423
5.455320378047295         -0.22528039280755063
5.504909839530028         -0.2200501702349776
5.51065998719443          -0.2194174954324648
5.516293126597499         -0.21879530492802915
5.520417889362837         -0.21833821732044695
5.528823344250201         -0.21740283744336922
5.554578275532112         -0.2145039753959605
5.566196453831728         -0.2131801016631699
5.573012596643452         -0.2123987296533638
5.575040204616143         -0.21216562547994822
5.594697346052289         -0.2098898536764125
5.6190333306757765        -0.20702192360892335
5.631098918660179         -0.20558136479311961
5.641756963001856         -0.20433248328896417
5.64572618123033          -0.20386738771309426
5.6577868402059845        -0.2024541957218239
5.663453363227321         -0.20179024028096568
5.669100263513062         -0.20111291709050638
5.696622087946005         -0.19780449175933323
5.701627786191695         -0.19720145123236876
5.7346388447665575        -0.19321455724895095
5.743391996780619         -0.1921544794836385
5.749013689415482         -0.1914730013350825
5.776180346215109         -0.18817266364263177
5.779248156299597         -0.1877992302070863
5.779729529401875         -0.18774062075116513
5.805824326305794         -0.18455791577289477
5.807426782736868         -0.18436211436935135
5.831125423626054         -0.1814616283339429
5.853337124138095         -0.1787356276540093
5.8803986067459535        -0.17548659653246773
5.886454525109508         -0.17476323607817534
5.887809107504454         -0.17460069071978132
5.910798531000454         -0.17184505402062197
5.923928348600429         -0.1702737997922116
5.936525402173493         -0.16876804901989523
5.942276704976265         -0.1680811533262878
5.961339634481619         -0.1658069595685903
5.972336426397718         -0.1644968323595501
5.9848200574769095        -0.16301114756481128
6.002345298251108         -0.16092829296956623
6.011880737962784         -0.15979640813114795
6.022673472807057         -0.15851359262163364
6.04143968585554          -0.15629665805655166
6.075829251622682         -0.15227889293477323
6.078508745213397         -0.15196828075878024
6.095055867112741         -0.15005790697763427
6.115425829375485         -0.14772462396895875
6.129164995105404         -0.1461623586279469
6.13833896221741          -0.14512435136186266
6.176247969303329         -0.14086861826315725
6.220200360895555         -0.13599599260081488
6.224188150960198         -0.13555717073756418
6.227248884063618         -0.13522073253378963
6.241459301569864         -0.13365556160179057
6.258911485710907         -0.13179171639454573
6.2851241023824285        -0.1289789848977862
6.297352463645479         -0.12767652697876136
6.308241558236058         -0.12651504790200863
6.33422240176011          -0.12377207229081394
6.344934140018751         -0.12265275455584974
6.3512643303057565        -0.12199446666622402
6.36365399703678          -0.1207128844084423
6.380221901572998         -0.11901325891191394
6.389434285793342         -0.11807520823948091
6.409023866382402         -0.11609714312991942
6.4308210194573805        -0.11392277790187938
6.432109479583027         -0.11379512554812095
6.43558722950306          -0.11345106136873291
6.437609976887303         -0.11324952744226778
6.440508262368605         -0.11296111698791055
6.468315920339608         -0.1102153072436162
6.479282143902063         -0.10914310202701699
6.487886265347031         -0.10830605797365986
6.515988068401522         -0.10559799180314251
6.527515702579408         -0.10450095776455895
6.5497626569261795        -0.1023963976298491
6.572495191607246         -0.10026302659889905
6.582389650638269         -0.09933987203714897
6.599780547367239         -0.09772629497065516
6.6027022278387975        -0.0974563052051535
6.602814407818928         -0.09744598869560599
6.6148568766976155        -0.0963422360394318
6.627545343235398         -0.09518724923738664
6.628330567911139         -0.09511604185150417
6.6317445451454615        -0.09480681276078883
6.63180134986386          -0.09480167254909566
6.631880911644906         -0.09479447334547086
6.635601204342314         -0.09445819931187217
6.640225381803303         -0.09404120454095932
6.66878476957136          -0.09149367727475316
6.680079626748482         -0.09050032312824897
6.682857372413643         -0.0902567304635645
6.7027348327323475        -0.08852168832348668
6.736681130779558         -0.08559148201903302
6.7382296078769           -0.0854588077388881
6.739668579799918         -0.08533559323217638
6.7559922171357165        -0.08394306786247882
6.764777473958038         -0.08319758869583979
6.770379154859638         -0.08272328895239389
6.7946466734262785        -0.08068397518712347
6.8107243450189925        -0.07934671024524775
6.812284061928762         -0.07921756633809653
6.827056249856729         -0.07799957455115426
6.82726744928184          -0.07798222821132302
6.832596180297344         -0.07754519497556173
6.8345373651928885        -0.07738629027152957
6.834934056223519         -0.07735383704052025
6.846922226055165         -0.07637941344562343
6.857427630701701         -0.07552948168456801
6.877373386795431         -0.07392598844600706
6.911977437506294         -0.0711757849939683
6.936850577357003         -0.0692238102946504
6.950479411793891         -0.06816359893472307
6.962907538153942         -0.067201010333922
6.987566406339253         -0.06530984310467995
7.018265822378936         -0.06299019837456932
7.032892728489984         -0.061898563409058464
7.033784992940563         -0.061832255425398525
7.054489270489777         -0.06030278593516388
7.0883649053831075        -0.0578226722898673
7.106795842896088         -0.05648851450495633
7.127844163981193         -0.05497566625264775
7.1358961974748905        -0.054399964246936335
7.180498679215972         -0.05124143773474227
7.182641510433374         -0.0510911196283143
7.196785058815892         -0.05010250289312312
7.1976239724446245        -0.0500440571959049
7.198045434210256         -0.05001470283678035
7.235231930867583         -0.04744621551671747
7.241056859337842         -0.047047739049431166
7.245227993257323         -0.046763038073348806
7.261757387509674         -0.045640086660040526
7.293826278881404         -0.043480425444863836
7.295101731789331         -0.04339493064252558
7.303637791619637         -0.04282353797109058
7.308308907124696         -0.04251143962660131
7.324407728489328         -0.041439196244636045
7.344261264028518         -0.04012425461376617
7.357130032237505         -0.03927628281159845
7.369875948177592         -0.03843979449745526
7.37023950268488          -0.03841598743267819
7.375407089998773         -0.03807790575526412
7.414058353428764         -0.035567779934253474
7.414682276742422         -0.035527529291745116
7.419072517232471         -0.03524454681576295
7.424351585647664         -0.034904832848207785
7.4249763372806985        -0.03486466983375322
7.426538831453444         -0.03476437301743396
7.440598295558377         -0.03386373305755351
7.478105529600498         -0.03147724650946555
7.484077911754303         -0.031099414853357675
7.5200280749509725        -0.028837719659821896
7.534649746129164         -0.027924035959814804
7.537794000977716         -0.027728024690100522
7.542812862177955         -0.02741601201237066
7.543008822562351         -0.02740383986448491
7.543032784777223         -0.02740235149634689
7.547985062222933         -0.027094998965518483
7.5495838354905835        -0.026995507629837354
7.554428845037758         -0.026694253370831592
7.5619280397133934        -0.026228706894273427
7.575205328320261         -0.025406665373079933
7.5949056176612215        -0.024192421262544013
7.601743063470313         -0.0237721591711017
7.614455479328923         -0.022993600199503698
7.626592121714993         -0.022251395078422408
7.629768534143855         -0.022057393362711952
7.653322446724709         -0.020622041931150997
7.67407950044655          -0.01936183371619258
7.676625819333537         -0.01920754444194702
7.677086615084663         -0.019179630502543697
7.679419289070616         -0.019038449180708336
7.68005433170118          -0.019000023715148064
7.706464437892264         -0.01740557471670849
7.706591162444154         -0.01739794090084594
7.710229104820902         -0.01717886206233671
7.748976049607323         -0.014853746458599843
7.75907024097658          -0.014250492591980574
7.766045873126679         -0.01383420942788684
7.770157601096217         -0.01358906370742886
7.812136580320859         -0.011092205449826862
7.813317816968516         -0.011022046512944094
7.833607740679542         -0.009817787885251287
7.84057544205278          -0.00940460800125978
7.841181263808281         -0.009368692150200185
7.843076683819654         -0.009256305806565907
7.844215745818598         -0.009188775679002009
7.844553267980496         -0.009168766727267411
7.8722960609329045        -0.00752614988148544
7.907963124998039         -0.0054202352983934755
7.923127577650563         -0.004526877289473169
7.9655852773387155        -0.0020253032236868416
7.966047930485399         -0.001998078076355483
7.98652465458756          -7.938453184521282E-4
8                         -4.022172641187255E-17
