0                         0
0.029551641491630386      0.0018258707647529863
0.048112678537881         0.0029722048027366623
0.0634774110889496        0.003922045258792042
0.08807445118479153       0.005444340334757618
0.09580509959088737       0.005923221961574819
0.09983947739933358       0.006173217892849754
0.12237371435541358       0.007569942414368102
0.15566620698561479       0.00963718986064395
0.18145435214697253       0.011241500093705016
0.1891253907065334        0.011719235360060594
0.19209468839717458       0.0119045618935689
0.20754129846950645       0.01286971281485297
0.2124170723388672        0.013174735878285104
0.23195987110950336       0.01439909368032099
0.23758396785972022       0.01475197223497539
0.24118307031548766       0.014977918406889406
0.24857564757922418       0.015442316540566645
0.25361530613807554       0.015759139390225833
0.2558770670576537        0.015901388764946175
0.2685956713109987        0.016702013827216027
0.28792808586544955       0.017921285983809855
0.30932372387320173       0.019275529759178976
0.3205333613974979        0.019987418970122135
0.3325289492541901        0.020751136190094242
0.3350414607924701        0.02091136238063969
0.33913884688646256       0.021172853787218393
0.3506846905817791        0.021911003758102614
0.35442953684032324       0.022150833311394537
0.35899443062846653       0.02244345486067202
0.3816537310592399        0.023900431578316856
0.3844282026679726        0.02407933791077038
0.3934222737117389        0.024660067552189417
0.41958266525087856       0.02635325837028467
0.4267148477608534        0.026817081715099552
0.43155861877604523       0.02713262244864058
0.45431559816928724       0.028620924055813953
0.47735562992303926       0.0301375307366478
0.481957622905301         0.030441636928451102
0.4886260073577137        0.030882603664715968
0.4970233761168947        0.03144002598797828
0.5048807549167686        0.031962447411048096
0.5169214639843489        0.032765128066341465
0.5589844850856713        0.035589331055522797
0.5684883877720572        0.03623177619876697
0.5721845135918239        0.03648205833617302
0.5800552347842833        0.03701582683603147
0.6195078294987646        0.03971406261395461
0.6220701445706213        0.039890772869551824
0.6291391497107143        0.04037933160332188
0.6317193248627657        0.04055799610348528
0.6648288753849687        0.042866873048847766
0.6728614206627009        0.043431549694659594
0.7028880629328597        0.045558049961268186
0.7234556492798128        0.0470295965791632
0.7326021032342359        0.047687377330120996
0.753266070166568         0.04918111918485844
0.7716082602830604        0.050515925354774976
0.7875317350511284        0.05168150247879337
0.8068138513960172        0.05310062273314559
0.8170032255137658        0.053856288180567376
0.8358148490257356        0.05526141017015134
0.8754240765440031        0.05826246366253085
0.9003142020690497        0.060177765158511975
0.9009556608203537        0.060227426141582344
0.9046317559798852        0.06051231639849153
0.926056335586411         0.062185985495087547
0.9767328310232882        0.06620122324438645
0.9800287945429556        0.06646511908453337
1.0014026357040213        0.06818458919825598
1.0053531123496366        0.06850394001377906
1.049750922183677         0.07214537919851137
1.0546801763186648        0.07255608634976082
1.0575343448346524        0.07279438497174374
1.0645863513009033        0.07338470268153385
1.0679533364381713        0.0736673213779885
1.0733361408727278        0.07412017961630725
1.1040423786325684        0.07672787070879322
1.1154841911951674        0.07771015365049896
1.128094047173545         0.07879866252837017
1.141685727760267         0.0799793234070531
1.1520599536826173        0.0808856609898479
1.159287883478584         0.08151976772478532
1.1615268342873337        0.08171663138890287
1.1852682952842575        0.08381695585910268
1.1915536409896814        0.08437525210757409
1.1985429417812838        0.08500399006045826
1.2040953587639747        0.08550130506811958
1.2169782498057375        0.0866623330325942
1.2172691971345047        0.08668866896266086
1.2311682673180813        0.08795271417729873
1.2758771135519174        0.09209754001799277
1.2810420154286464        0.09258555146418923
1.2888909858170963        0.09333021879957634
1.2942119864155113        0.0938371377903726
1.2950571365375305        0.09391780876095619
1.3521874304960682        0.09943830542297151
1.3545649144732217        0.09967132671451695
1.3574437054206865        0.09995383332553974
1.3680373221963031        0.10099673890918028
1.3704135449052408        0.10123136563110711
1.375665867590856         0.10175089787119312
1.3776615486298902        0.1019486327548831
1.3785471386280967        0.1020364369240769
1.441641180048329         0.1083848754062821
1.4479218528297864        0.10902753252724474
1.4965910617053515        0.11410847658533127
1.497461855748509         0.11420101395146579
1.509706346794926         0.11550827184284444
1.5212884089516636        0.11675522526472287
1.5335958659565845        0.11809170893592631
1.580915953111711         0.12331442585083285
1.5819013534472264        0.12342426767028689
1.5823427077634697        0.1234734794271023
1.6292350219708478        0.12875256184610004
1.6381000847799656        0.1297618286414868
1.638494388513136         0.12980680228848
1.6475870218286957        0.13084585634985466
1.6479438613435922        0.13088671065912127
1.6642833902731933        0.13276362020143487
1.6991916420071622        0.13684464989303644
1.6999968751751902        0.13693981033211602
1.7296015551501043        0.14047043654873761
1.7402984025264636        0.1417614649930392
1.7464211528898246        0.14250409725244503
1.7588668869166435        0.1440218674603859
1.7916648276093916        0.1480743869260146
1.808053317287847         0.15012738837669332
1.8114772923558555        0.15055874766983823
1.8501461686464178        0.15548874944279528
1.8634846702680494        0.15718880066607765
1.870679178901304         0.1580942243524849
1.8763537568824784        0.1588091540884433
1.881602493243494         0.1594979475323049
1.8897358350777222        0.16056638499073203
1.915399329040667         0.1639556269602341
1.9293771331425842        0.16579420287326208
1.942484875168498         0.16753002404648298
1.9547495272048152        0.16916444277842002
1.9581010427614207        0.1696127974672984
1.9726173881588784        0.1715632860802348
1.9987982747766178        0.17511616143104292
2.0001087673899245        0.17529518791862841
2.0047500287651188        0.1759301404559116
2.0158576431751722        0.17745548864449473
2.0275133692920724        0.1790608546436737
2.04599147574086          0.18161617919873851
2.0549597336880123        0.18286094604577405
2.069595173571589         0.18489868983163435
2.076628019045814         0.1858807162149683
2.085606552388364         0.18713708626975992
2.0880051376413276        0.1874732260726916
2.100465572379344         0.1892228666162696
2.113542806795368         0.1910748656738966
2.1329315784711755        0.19381046589715398
2.13791335605263          0.19451618388925299
2.1470797042557246        0.1958177096517729
2.1632136285768855        0.1981180703833138
2.1680341631807107        0.19880727172196846
2.178766654618994         0.2003453528888887
2.2338605625864405        0.20831989175376056
2.2362411341525816        0.20866327370695237
2.2370122692142527        0.20877451685541332
2.2480827190291257        0.21037217228959668
2.26031521914154          0.21213893131518116
2.2633544524512157        0.21258046644340037
2.3012135747426314        0.21807809125898278
2.3138150455919586        0.2199069620677906
2.3314806031487096        0.22245867147768947
2.3534102776491483        0.22559615542168415
2.3746600004986           0.22860449058923843
2.381405193994698         0.2295704604393239
2.438404705629172         0.23767673649474655
2.4403718207643212        0.23795468772957315
2.4412552426621255        0.238079321677362
2.450352449285461         0.23935967427452806
2.450400103262656         0.23936636632864033
2.4507931755830485        0.23942155963030667
2.46302934843364          0.24113444530500605
2.472613990303274         0.2424690389876033
2.538192098964301         0.2514326126233719
2.5430372791231575        0.2520566030361875
2.5539051176049674        0.25344712135221603
2.554803522063312         0.2535615067962802
2.5565764524054435        0.25378698492843627
2.5676410285084463        0.2552452403074671
2.5712066579051562        0.2557129712621129
2.5724774450169483        0.2558794108335813
2.5880493072211577        0.257907847781924
2.592149181029119         0.2584359504100768
2.60369325325496          0.2599117842133013
2.6071359164701646        0.26034872001630815
2.6112334154039996        0.2608668583422843
2.647109883761387         0.2653149609370281
2.6548172400037844        0.26624980497134926
2.657694822852688         0.266596953091395
2.6684415092858633        0.26788437882999105
2.705029569506275         0.2720540156254914
2.7119530563852634        0.2728021145882401
2.7145794917034585        0.27308250063057804
2.737969294606544         0.27546834721000807
2.75285251309532          0.2769005136011356
2.756176471999725         0.2772112333193202
2.7832403332703253        0.2796169992554968
2.7873037342905045        0.2799591131018325
2.7906734940117324        0.28023904589569637
2.8242290003026542        0.2829805063862463
2.828351504124303         0.28328737226376627
2.8288452266390705        0.28332368406690306
2.829244525942863         0.2833529825954282
2.8433753390763146        0.28437577451696266
2.864155633708869         0.285771917443574
2.871335519157964         0.28622443523429775
2.874711802920583         0.2864319252132839
2.8765120230685275        0.2865411714555506
2.8817872171157735        0.2868637942409865
2.9015654517873033        0.2879744361451376
2.90170403055536          0.28798166676036474
2.9056997525274197        0.2881868519756407
2.932393549029921         0.2893939951320338
2.9334256262917497        0.2894349525009836
2.939542056930261         0.2896689468902338
2.9490446659686125        0.2900028422339328
2.958967160843114         0.29025421261091816
2.9603677379220192        0.2902858940117382
2.995751938508147         0.29077441529421005
3.0116050611380047        0.2908297869544487
3.013330259356202         0.2908305786039301
3.0218578903427282        0.2908194013944999
3.0449020261544426        0.29055794601215185
3.071462099756668         0.2899753735511268
3.0731985602450096        0.2899314716911351
3.073936355097972         0.28991240965034604
3.0805415086582526        0.2897308934516314
3.0868248235217095        0.28956055029034755
3.14820498329702          0.2867237853205101
3.1535173296739245        0.2863490136585851
3.1813565405210036        0.28404833248305045
3.187428415432671         0.2834714235812061
3.238343360239016         0.2775752987873422
3.239709025793437         0.2773971205983782
3.2503450127510503        0.27597814264713993
3.2648297945185947        0.27395645767325344
3.293209317889701         0.2696971383564319
3.300240092768833         0.2684948096693056
3.3155460866560467        0.26575472027332253
3.3332770297891967        0.2623704214635698
3.335616596909047         0.261907027857542
3.336454234363493         0.26173907268101143
3.3370668041921374        0.2616159689681038
3.350129915082844         0.2589350704130935
3.359747350510629         0.2568933064114145
3.375498118784477         0.2535938120721055
3.4013473234998473        0.2477269001627353
3.405159562267384         0.2468141200154997
3.423148190542669         0.24234219181857508
3.446036171732546         0.23625905155439286
3.4624575782632157        0.23162326612905332
3.488311148680847         0.22398925366211384
3.497891951589712         0.22107698760932076
3.520361421123533         0.21402750638888607
3.532022157945704         0.21024783097646804
3.5617629711093466        0.20023250034559506
3.5835273786749013        0.19256164332937292
3.5873198759049507        0.19119544209315528
3.592429993722641         0.18932800244252984
3.597893126126695         0.18730890609031525
3.6089946570039704        0.18313382578547296
3.643021506093512         0.16973479745924308
3.652890651809672         0.1657028878891384
3.6676649901218332        0.15953469165013026
3.6714189076272294        0.15794217360438362
3.6862157378421427        0.1515651708238383
3.6894216123106713        0.15016255508442045
3.6925122504944046        0.14882819632165978
3.714676974309378         0.13917181720674465
3.725044822140021         0.13460253428230465
3.7362979897221957        0.1295898365287513
3.75009401325108          0.12338852131564157
3.7769923628718454        0.1111206208629384
3.78053632617954          0.10949769849068605
3.791162820517912         0.1045792367861882
3.793760693034832         0.10336491272929299
3.798337450656301         0.10121422262885195
3.800306887948429         0.10028428697466017
3.820033633193201         0.09082137664578442
3.821074505242478         0.09031458234926298
3.828828335173122         0.08651566590173042
3.834441428553438         0.08373959112240051
3.846135660020574         0.07788584514431117
3.87009464215426          0.06585793178775824
3.8918106843127096        0.05489869635015183
3.9014003654509564        0.050041809524574224
3.9051071515322375        0.048182161618637184
3.90782425002696          0.046819619863147165
3.911691198238211         0.044881327702787854
3.930942592042555         0.03524674842738375
3.9336001818104833        0.03391870335220136
3.935947392091027         0.03274615912049727
3.9393277737176255        0.03105815326701829
3.94441089624634          0.028430272872090514
3.968867266722241         0.01578422244534461
3.9790530000328532        0.010516070981119756
3.9807406092351245        0.009643153582440526
3.9843447735463524        0.007815481771032834
4.002654285808709         -0.0014708782188569188
4.0083606059925           -0.004365602302144431
4.061409686900214         -0.031289019495952766
4.06615105411021          -0.033696450177837574
4.0804671040291           -0.04106788872934244
4.081583522174028         -0.04163989890981285
4.081638144014533         -0.0416678745127422
4.081698241417391         -0.0416986533908028
4.120142585913539         -0.06114377143270386
4.131651434978022         -0.06687011653323652
4.1384740428017555        -0.07024414650211641
4.138971359678162         -0.07048948753577558
4.148949464713064         -0.07537671048955842
4.178676144287464         -0.08974204590381593
4.178715749167269         -0.08976099044849356
4.179424058356889         -0.09009971475036399
4.180333387065518         -0.09053432709692937
4.2001594713767645        -0.09994238320385662
4.210961177322625         -0.10501355263007589
4.229233562737003         -0.11346845028912632
4.236604911970408         -0.11689514347214516
4.252485534268648         -0.12419710797763858
4.27691166997573          -0.1352139480819563
4.296431913677434         -0.14383130639773184
4.300440560480701         -0.14558041593660428
4.305178485170536         -0.14763871074527724
4.3166179143002           -0.15259710615297495
4.326687366424608         -0.15687725749155595
4.351562490064011         -0.16711189118846925
4.36796470828765          -0.17359649740371733
4.386365492769212         -0.1806215869564151
4.393842535506832         -0.1834404064167377
4.394067287296792         -0.1835247207055547
4.419060454907936         -0.1927491543110699
4.437176108449838         -0.19924740250820558
4.43740052889162          -0.19932691412653664
4.4467676005622145        -0.20263648650868102
4.460559833705966         -0.20743372372450491
4.468773386437924         -0.21024766464440459
4.478608461079947         -0.2133897022776052
4.509860394668253         -0.2230386026451176
4.516606776198466         -0.22505459099953884
4.520622530871963         -0.22624331606832196
4.527038951236002         -0.22812519913128154
4.528117510926382         -0.2284458134505405
4.534440106589542         -0.23031188361851834
4.547824843154281         -0.23420588565130607
4.566711966927114         -0.23943090171645748
4.5885680279710765        -0.24505751135511983
4.593256084733328         -0.2462115582911733
4.628680845827363         -0.25432856290510675
4.661141991148336         -0.260830727782696
4.686303940369202         -0.26549545154550475
4.690137507544751         -0.26617656952713115
4.702443515501368         -0.268310151532406
4.713883202150501         -0.2701823949700752
4.7192873902126795        -0.27104211492071595
4.732540315886748         -0.2730832387919181
4.745083355730315         -0.27492708849838626
4.75461845726813          -0.2762017114024789
4.773994587365101         -0.27862996203587004
4.778155767707344         -0.2791231435848694
4.780848597347033         -0.27943696289541475
4.784146076618358         -0.2798155389252334
4.7900041626885725        -0.280472592450776
4.79717882026513          -0.2812502925556077
4.82009791879053          -0.28353529311981734
4.823208797506398         -0.2838220416164515
4.849932823106137         -0.28605493966567636
4.852717092352319         -0.28627099113151194
4.863160157955523         -0.28704880742464284
4.8693988805563215        -0.28742993489496704
4.902722612245639         -0.28916538496154387
4.912533483543967         -0.2895535965156841
4.917427252081753         -0.28972637201143087
4.932271528606589         -0.2901654835009411
4.949247435066735         -0.29051100074530617
4.958604133459528         -0.2906299896119215
4.972212527760899         -0.2907124173816388
4.995144176656858         -0.2906083206631866
4.995772257887832         -0.2906011782972654
4.996228683871663         -0.29059862291201766
5.024691027651701         -0.2902791780187109
5.0672923995867905        -0.2890968664849719
5.071252525293679         -0.28894811896295197
5.072992012792962         -0.2888811117838203
5.081665437897698         -0.28853179028188164
5.083940494869914         -0.28843698093649855
5.08946760275332          -0.2881981951444798
5.11834287025014          -0.28675599858528994
5.146394344411999         -0.2850419490676031
5.161029932697998         -0.28402520530616643
5.184670751664642         -0.2822054993179015
5.2133300048053535        -0.27970571941259265
5.21704374779107          -0.2793582263963454
5.223378188088688         -0.27876261033544286
5.229445883173016         -0.27818558020333495
5.2306364061287764        -0.27807161709367806
5.24776380144026          -0.2764050115649351
5.250612777598152         -0.2761228753373206
5.269160451397553         -0.27425182935540493
5.272930667664931         -0.2738642356595049
5.289164768280511         -0.272167271534652
5.295979099887898         -0.27144140665035527
5.298962542440995         -0.2711210861768157
5.307443293094745         -0.27020165125504725
5.331119290052334         -0.2675648509803835
5.356376471807662         -0.26458323992437016
5.357606615072081         -0.26443595677888126
5.380036253181422         -0.2617168634224806
5.426016353393228         -0.25594348206788675
5.44025580660873          -0.25410120246401513
5.483833766917093         -0.24838105382095918
5.484654399956254         -0.24827088240769601
5.494212860248181         -0.24698096288822582
5.512500638666123         -0.24447872998179515
5.513431600669155         -0.24435014607097993
5.541004020642795         -0.2404926734077689
5.558686190809052         -0.2379658386362872
5.560738837322971         -0.23766550619296603
5.5779804772976815        -0.2351387293578449
5.582480120194563         -0.23449379661866132
5.59144887797396          -0.2332075731520781
5.600602000719019         -0.23189390231570398
5.616052407627633         -0.22967412669415857
5.617226497780373         -0.22950567884769682
5.630909858841443         -0.22754083898987135
5.6418387378143535        -0.22596930850405536
5.643173910517396         -0.2257771809388757
5.668789615499128         -0.2220854661844918
5.7044159393179115        -0.21692100135844833
5.725207631913664         -0.21391900927653199
5.734251586322215         -0.21261596872170346
5.735379936290249         -0.21245351516277622
5.748565529943042         -0.21055705972163424
5.770785560969113         -0.2073692582714038
5.820412782296244         -0.200285997448225
5.8233099895696405        -0.19986807385440916
5.825975396087983         -0.1994904263196183
5.826663462569927         -0.19939295136888285
5.8276520127981515        -0.19925291814952012
5.829025624426732         -0.1990583581244112
5.88315694588268          -0.1913767218229837
5.901316375021435         -0.18881073526690084
5.904760561095509         -0.18832739169434665
5.908279014447153         -0.18783397673721983
5.931947337765873         -0.18452403745495152
5.963785206580261         -0.18009693312865882
5.971762083286918         -0.17899228664252798
5.976160718788756         -0.17838393878533051
5.98177860205239          -0.1776043327069337
5.9834558783631016        -0.17737208608760777
6.013676906771311         -0.17322787957313962
6.021903544462028         -0.17211301522005923
6.033883883217342         -0.17049813626114863
6.037832475116211         -0.16996842228679904
6.046932930680624         -0.1687523545260961
6.049354722053966         -0.1684298612321503
6.075803609469618         -0.16491142966041697
6.092037374753451         -0.16277071448502378
6.098721826082124         -0.16189341056725698
6.1133606701951075        -0.15998060852667143
6.136675799978771         -0.15695814858282953
6.140777470035961         -0.15642948299397683
6.167531251490733         -0.15300360499914148
6.177815743656082         -0.15170297019184054
6.184776853187442         -0.1508277838737385
6.190031179418538         -0.15016993910014836
6.200392946626029         -0.14887958769995677
6.21093016099509          -0.1475706963013838
6.215016191687228         -0.14706472772295856
6.2265160387936245        -0.14564546047078658
6.238772219367858         -0.14414055883156612
6.249537899793188         -0.14282523404342856
6.25219311236124          -0.14250177016234974
6.255474473090704         -0.14210254332455627
6.261391394454478         -0.14138552199972027
6.275682160730152         -0.13966230395443693
6.2915107232752385        -0.13776778302310166
6.302128494024891         -0.13650526354763678
6.312544356145097         -0.13527324492983986
6.316929218235338         -0.13475761909183548
6.319977328111022         -0.1343999797612211
6.323193344612235         -0.13402334640212227
6.324903619038883         -0.13382334871198587
6.326706632289362         -0.13361272845709984
6.335616311194089         -0.1325752863663014
6.340750771901597         -0.13197995989277395
6.350987078108905         -0.1307986081018693
6.365442921465103         -0.12914280962934735
6.368136478664269         -0.12883410255753364
6.383452793661181         -0.12708523451342854
6.391974773589725         -0.12611697264825336
6.42902464577153          -0.12200250961890906
6.431699481161796         -0.12170776640769235
6.442676147872491         -0.1205014820783053
6.459100571945861         -0.11869966943683496
6.4679763587047585        -0.11773316644623782
6.470610930690627         -0.1174472546410344
6.491769885702194         -0.11517603210345831
6.5089516836450905        -0.11335209372692708
6.513449113362914         -0.11287768308766537
6.5152676737749875        -0.11268620774543683
6.526284308168075         -0.11153064448984862
6.536204410893493         -0.11049652224778651
6.551809181688984         -0.10888211889793228
6.56897895365995          -0.10712496827374657
6.585306758124004         -0.10546428808925919
6.615502195841529         -0.10244551236834203
6.616553256804217         -0.1023412465815032
6.619684179002211         -0.10203098184943499
6.6231484934794835        -0.10168824497011109
6.62426774472228          -0.10157764057398104
6.649317321912846         -0.09911848037602419
6.674269460052897         -0.09669979321965337
6.703216445434719         -0.09393252361591257
6.719890346561029         -0.09235737832171466
6.7218167937306585        -0.09217580822195706
6.731233226725013         -0.0912907938989238
6.741980384935451         -0.0902966983588216
6.763156680455889         -0.08835109787077558
6.764232095386547         -0.08825275902445323
6.7648896968812595        -0.08819264837632992
6.788993758055223         -0.0860009533885597
6.806410408626992         -0.08443115170014076
6.813264742447291         -0.08381731035469535
6.851671925032137         -0.08041907500710224
6.861478201075339         -0.07956266419671401
6.87100491094565          -0.0787350474336096
6.905994814558652         -0.07573239025525748
6.912793046166316         -0.0751557541675863
6.933962644095455         -0.07337419337249901
6.97922955392996          -0.06963618316440835
6.997956220135874         -0.06811908731499478
7.004942071193934         -0.0675550990149385
7.014376193851094         -0.06679340434437073
7.0144941891267685        -0.06678391725415334
7.032516400386113         -0.06534200666730272
7.046740796886616         -0.0642119067070038
7.056910579813287         -0.0634084782256389
7.08510449585838          -0.06120091175839849
7.098662139984045         -0.06014971656639229
7.1099742928459575        -0.05927777509370254
7.126100481979785         -0.0580428657394947
7.1407477884519945        -0.056929455841245175
7.157430703764829         -0.055670876103899265
7.163038005878632         -0.055250141879284
7.163614734341728         -0.05520685276116621
7.17253251100983          -0.05453889851619224
7.187569456411933         -0.05341861765221209
7.188906356396941         -0.05331938118269852
7.189723193108774         -0.05325877772377212
7.21786187257471          -0.05118467794357376
7.224171705898864         -0.0507232060676998
7.234651960084807         -0.04995966391252951
7.252061278962045         -0.04869940091917522
7.262302613137516         -0.04796109068461625
7.275873974307869         -0.04699298975303034
7.293039689774954         -0.045771893954819946
7.296734488337717         -0.04550993255716053
7.311528969719248         -0.04446409362081127
7.326947917651146         -0.04337937381426975
7.346080789003628         -0.04204084925056423
7.347872608378137         -0.0419159182160603
7.356717819146086         -0.04130026654008084
7.362409879134626         -0.04090501796831371
7.369605321737692         -0.040406449354462595
7.370118895508409         -0.04037091314766641
7.375946069980644         -0.039968165701415106
7.414043253989504         -0.03735580093126913
7.419596104161983         -0.036978039684767115
7.44349885005451          -0.035359818282782375
7.458541570544236         -0.03434782817897881
7.487824835774479         -0.03239200608531225
7.49733400026517          -0.03176092463455993
7.519027351416293         -0.03032936634757918
7.5238508034950495        -0.030011910816066186
7.528252486860231         -0.029722482959994176
7.552440899482084         -0.028136581095441794
7.567875188694964         -0.02712868994357557
7.577474318669747         -0.02650345154033726
7.592908746218407         -0.025501086770407626
7.612229692880666         -0.024251980108810117
7.660219320919643         -0.021175458994858128
7.666869078437125         -0.020752083597308155
7.698617411268512         -0.018740559749197163
7.705225867292943         -0.018323900856823935
7.70845910392851          -0.018119347431904728
7.7266519879480615        -0.016970347966390808
7.7542114031520875        -0.015240097966081032
7.769799657023453         -0.014264020474646819
7.772562663562615         -0.01409120690599704
7.776479750490823         -0.013846311689083441
7.7902939882169315        -0.012983593455549277
7.799074870603534         -0.012435980001711606
7.814861203457583         -0.011453200556283858
7.83027433544941          -0.010495087404863546
7.838722852602016         -0.009970299875465693
7.874457415016678         -0.007753671035516066
7.88106659213719          -0.007344243037829123
7.922981770059294         -0.004751602393807674
7.930993085503697         -0.004256590759164031
7.931542312058851         -0.004222666709347127
7.9398624424156115        -0.0037082375198434782
7.940622688380905         -0.0036612391458952717
7.946041929848542         -0.0033265314270300257
7.953508824311633         -0.0028655372075334154
7.954611382657291         -0.0027974849106382213
7.965610406640218         -0.0021188535108427452
7.967672549379191         -0.0019916719200535143
8                         3.3627979582445283E-17
