0                         0
0.012822184998239543      6.5908912523252E-4
0.019737192488494454      0.001014641841049707
0.029601057022504075      0.001521945834974369
0.03870496335917477       0.001990298607449566
0.0467893646183318        0.002406310390487781
0.057325005837615364      0.002948611551132414
0.06245922264555273       0.0032127009808705035
0.06433951606963988       0.003309433080500669
0.09808603115820981       0.0050449619526129405
0.12353536987405983       0.00635632022460661
0.1255291592889129        0.006459148823035035
0.12636274627992572       0.006502144589553451
0.17076939491712118       0.008795991799124613
0.19092945047202134       0.009839563841287324
0.21642312690550933       0.011161189458970523
0.21910636245641732       0.01130041937184428
0.23719403906114717       0.012242707068678919
0.24419811786886653       0.012607940105201828
0.27854134745960835       0.01439835385891802
0.2815196991074665        0.01455398913493253
0.2832739428470855        0.014645685294735119
0.2976522485063314        0.015398016139961583
0.3066539013043975        0.015869709984352724
0.31858178908621615       0.016495560706573115
0.3602567341570839        0.01869407785963835
0.3615189963786442        0.01876089102431567
0.36322827485488984       0.018851386315124074
0.3853339753851474        0.020022356279098652
0.42682398326646115       0.022232222794997713
0.4298462288766118        0.022393811539113725
0.4305302114072875        0.022430345915771165
0.4424065294928414        0.023065578207014954
0.44684786112586317       0.023303554940638318
0.4779767329718134        0.024977956603899766
0.4933056726514725        0.0258066356425312
0.5099896200277951        0.02671167507943409
0.5176559024260079        0.027128627799414107
0.5256290749416759        0.027562997468937783
0.5567651164263332        0.029266342992071502
0.5751883549184593        0.03027952966668709
0.5932158604166822        0.03127477804147534
0.6043448796405301        0.03189083084464593
0.6104191380886159        0.03222909200567501
0.61883201863238          0.032698580485844266
0.6197699068322062        0.03275087870068478
0.6304921842819328        0.0333469140991197
0.6316684036684193        0.033412435830160965
0.6584515800143633        0.03491422704784968
0.6611965308820507        0.035068783118496205
0.680304855068635         0.03614872413361573
0.7034500924224232        0.0374640325858489
0.7066344966287246        0.03764561589415604
0.7106589670036046        0.03787531604837922
0.7411628026229464        0.03962411843253406
0.7697596386817           0.041276058584777876
0.7757194164850891        0.041621853512569015
0.7882815762353702        0.04235244454597672
0.8020207501772579        0.04315415405982576
0.8114976522439401        0.043710569456500994
0.8242103965016512        0.04445977690963588
0.8338102352004033        0.04502766090886768
0.8375430002748326        0.04524816756673297
0.855935493195983         0.046339320932994726
0.8658129905045707        0.046928503315320655
0.8661700386131113        0.04694986808946654
0.8802466160941144        0.04779392753384561
0.9073126869047194        0.04942648629083935
0.9078074493703927        0.049456446988994505
0.9125820356250538        0.049745792931562956
0.9143809588742959        0.04985491214187965
0.9336360641205472        0.05102639312902812
0.9435334767549739        0.05163104545597808
0.946209203018332         0.051794801555213446
0.972111355172339         0.05338642638983839
0.9758046135163436        0.05361372159728368
0.98773650462717          0.054350572566242907
1.0277074526833054        0.05684704721500014
1.0277987917388671        0.056852810049646305
1.0278990797603629        0.05685913769901881
1.070380108408136         0.05955825730911959
1.0922215046130188        0.06096378455273135
1.123920208758998         0.06301980206839536
1.1469659161668455        0.0645265864803047
1.1530219095352354        0.0649242199176149
1.1875848587716784        0.0672069712256133
1.2139039702336538        0.06896384421860256
1.217499542954552         0.06920486438209719
1.233747591672882         0.07029492366668537
1.2713394530212092        0.07284645864770074
1.2804524944405724        0.07347121718329906
1.290531481672504         0.07416518579314449
1.2948383844263895        0.07446265502560163
1.310285855484602         0.07553414196806084
1.3313478153503935        0.07700656078344743
1.367373974029615         0.07954650648316133
1.3861352134431444        0.0808792802074988
1.4000102648225639        0.08186937461350924
1.4104830343620764        0.08261918335924454
1.4321971940241442        0.08418066695266128
1.4387959699660857        0.08465719931409044
1.4606583445297185        0.0862462024908432
1.478058878638866         0.08751864702838541
1.4873520399420308        0.08820103513641257
1.490228054602817         0.08841261455706537
1.4989441094379878        0.08905497176000436
1.5190781370035626        0.09054539094589224
1.5243971411080262        0.09094066289097232
1.5428503244489387        0.09231694507437181
1.5571060171714537        0.09338544921454954
1.5590922489098897        0.0935346882032933
1.568973280347572         0.09427844474070382
1.5715784963856922        0.0944745782475233
1.572210167241223         0.09452198855624329
1.6213629395870424        0.09824640910888491
1.624856461733931         0.09851399947237897
1.6528864627006299        0.10066858480732996
1.6571977156664712        0.10100083799909891
1.670334985989372         0.10201531840375831
1.6815199471491027        0.10288145585660885
1.687882688849093         0.10337516395962056
1.6942371763434005        0.10386894968450158
1.695630889262581         0.10397734635876206
1.736621172935832         0.10718082288082408
1.74092565575224          0.10751565048127115
1.7585156635426693        0.10889032901553655
1.7751736508652367        0.11020168805786526
1.7878332731290993        0.1112044783548056
1.7881863968432778        0.11123252655739682
1.7981715498608075        0.11202735795284219
1.804429659930376         0.11252769345171995
1.8069227426445085        0.11272753012128708
1.8158241329443958        0.1134406891887316
1.841178745239615         0.11546909009272838
1.8508235027245532        0.11623953525191703
1.8524437131814901        0.11636889929860171
1.85523830061996          0.11659198833103612
1.8565053398564166        0.11669311727092418
1.8655145257314536        0.11741187214703756
1.8949166551055903        0.11974329848079757
1.9308474743393347        0.1226256557014988
1.9492145186301664        0.12409579060969839
1.959181342948946         0.12489263125245319
1.9619571535158546        0.12511443964996397
2.018499759005498         0.12962165146672744
2.0216416949882667        0.1298720015317402
2.0246543423371848        0.13011231492470346
2.0315054857568375        0.13065781193860593
2.0334662251125932        0.13081392426759658
2.073580829963074         0.13400739279163765
2.117775154631107         0.13752471338320496
2.1189078132277026        0.1376148461735878
2.1324024496164196        0.13866219782464792
2.147033596803414         0.1398130115664341
2.152477564371487         0.1402390748882629
2.1813403353113268        0.142478653962333
2.190113756815192         0.1431529768766811
2.2140860870505987        0.14498016842311218
2.2222936415817824        0.1456006021872749
2.2474008879136793        0.14748221514195925
2.247921009066768         0.14752099485184672
2.2764141301867635        0.14963385212091934
2.3083126953132482        0.1519684703651585
2.3111125116532216        0.15217218346691508
2.311492855262148         0.15219906795222665
2.3141121101037667        0.15238818391963282
2.3421517661741746        0.15437546135134295
2.3671440973757236        0.1560994536648822
2.3685796784200135        0.15619712703136093
2.3686607095350927        0.15620263580042132
2.372257831161401         0.1564467080168015
2.3821551535719943        0.15711273170700768
2.3880191744346124        0.15750390284492596
2.3928182828120788        0.15782213317755328
2.425559998617212         0.15994752062211756
2.4506645385518055        0.16152312691769086
2.4664702829019065        0.16249106917028616
2.477577073640539         0.16316012813305683
2.482453019173839         0.1634509497865251
2.483983320216362         0.1635403832494642
2.4932215085837743        0.16407520225129746
2.5065406898312883        0.16483094620132704
2.511591714634322         0.16511281122677884
2.521604170471405         0.16566384468649675
2.5448962505809534        0.1669085461389786
2.5669282431055445        0.16802683944236757
2.592726885013806         0.16926332452147172
2.599094962477371         0.16955637716773275
2.600533322964498         0.16962189490494547
2.6030775864896087        0.16973717843695002
2.6093936732458864        0.1700200074689899
2.615124497783507         0.17027248364113395
2.657619785067019         0.17202159671231035
2.6717163993411353        0.17253872504619985
2.7188568331692737        0.17403860628334852
2.7258088310654514        0.17422991060860576
2.7327130917339306        0.1744122974277595
2.741322145129145         0.1746260612058364
2.7458855655383845        0.1747337514198496
2.776014851364934         0.17533573570573485
2.7909012065969443        0.17556696184433965
2.817105420319058         0.17586604966076302
2.8213077221073624        0.17590153350578258
2.831652300954235         0.17597418456053399
2.833829318344201         0.17598681150565776
2.839863166774075         0.17601696959674049
2.840339675328533         0.17601904826112877
2.9113487615703764        0.17583302146961405
2.923325460082655         0.17569318701841438
2.9306778353736833        0.1755881951812478
2.9481837013455507        0.17527957641360964
2.96295760983094          0.17493503166360333
2.9832732977994527        0.17436715259625526
2.9904478648441923        0.17414057079976392
2.9968690235375846        0.17392625957400476
3.0078946747478748        0.1735748174781977
3.011016616156051         0.17346695507356913
3.0217012639811816        0.17306991199488195
3.0945259530040583        0.16933975764697634
3.095964937103546         0.16925096203117151
3.100263971196198         0.1689821977155497
3.1121898101008325        0.16821429249681036
3.115465294017794         0.1679965872899097
3.168429179757214         0.1640697469607856
3.173523291530318         0.16365168905099842
3.1952256033307678        0.16179126575556294
3.2019747854807816        0.1611864826766036
3.202251951376645         0.1611613804648245
3.202917345485761         0.16110000514733716
3.2049725511675664        0.16090967885875357
3.205454962790628         0.16086483866405235
3.2088837679548106        0.16054431754709975
3.2116951419210347        0.16027914099112892
3.244454134002261         0.1570316552543195
3.2591444407181336        0.15549356502014153
3.296354263180645         0.15122091966321546
3.320493667168058         0.14816019328396973
3.3289168276415904        0.14705064144003102
3.3335429079290413        0.14643158875837753
3.34994298266308          0.1441761568576019
3.3922511431843603        0.13798898245566066
3.40495055187008          0.13602811355683203
3.405923745922953         0.13587587101843848
3.4146381230592144        0.13450009718800007
3.4188511135421784        0.13382689063320777
3.422095069511499         0.13330493814976252
3.4898012694362177        0.12169791359560474
3.4957333381893863        0.12061612077614357
3.5253135893423653        0.11506582602817633
3.5302025337321137        0.11412347248706478
3.5356119849743672        0.11308517279615955
3.5757698314672313        0.10505804366677504
3.585973254833278         0.10296319660626829
3.5938373660189598        0.10130012265831234
3.6038994935782824        0.09915093562233937
3.610700484952346         0.09768476723209057
3.620612737923457         0.09552831950655248
3.6339791891911535        0.09258368169154575
3.6500422561544856        0.08898919547013605
3.659290627892582         0.08689203367628581
3.6649839675686717        0.085590973239741
3.6743751852292337        0.08342814549430794
3.6927321445739665        0.07914037226575273
3.7146817622068826        0.07390903799487267
3.7189750433571303        0.07287663477715979
3.726439746366437         0.07106785391172851
3.746311812126947         0.06621244171595718
3.750072434890239         0.06528702055495308
3.7550603594086547        0.06405635437828627
3.764793499652435         0.0616443053110593
3.7825813101629113        0.05719994648909299
3.8093506559086845        0.05042327253236694
3.81061195594774          0.05010135819161596
3.8111351256281307        0.04996776354241903
3.826768579109462         0.045974809080603606
3.828917586916199         0.045420618159005076
3.863091473943417         0.03656149233101344
3.8900096577331365        0.029521988385528258
3.8961012349447643        0.027925775010636672
3.9096354334453727        0.02436198489926188
3.9183420508017495        0.022056738990770614
3.9294232001644103        0.01910847449808194
3.9336348057731096        0.017983724604891817
3.9444366297273263        0.015088405896467275
3.9526508730161947        0.012876464074909093
3.9534151447669266        0.01267026238430487
3.9882040019276532        0.003244631908702967
4.013033137677294         -0.003465469141178072
4.0206200968086065        -0.005508422054108345
4.029798788300374         -0.007975333651413551
4.039697530765587         -0.010630063904914156
4.045944103285172         -0.012302276402227107
4.071393574673094         -0.019090747503615002
4.078538407653673         -0.020989545953578846
4.0858617251376845        -0.02293257670480113
4.125077646175557         -0.03335133154319387
4.144052990981864         -0.03832621725632507
4.144610700070718         -0.03847143884688472
4.149121603072899         -0.03964072207254544
4.157146085033801         -0.04171419254407267
4.180451214321957         -0.047688336954880894
4.185530855392868         -0.048981048274752054
4.221448362174953         -0.05802536979900398
4.242201233002281         -0.06317421609669603
4.249476298780762         -0.06496584853827352
4.254427209160231         -0.06618115293429772
4.257595410223206         -0.06695717221652936
4.293775121277008         -0.07572595190594744
4.302367642753848         -0.07779189051515013
4.313406459765534         -0.08041479419860835
4.334611047337273         -0.08535469591603966
4.350614026656545         -0.08899706067095883
4.367301365849061         -0.09271662781324357
4.39165022372623          -0.09800003235829637
4.3965721156384205        -0.09904899449482586
4.40485083742604          -0.100804685791311
4.40974813098269          -0.10183727403983475
4.410656022716982         -0.102028212276619
4.4108357632486745        -0.10206599525369753
4.426868939799042         -0.10541215657896463
4.44503366099008          -0.10914546986771896
4.466798008892143         -0.11342893134642154
4.469734969495762         -0.11399665968643721
4.486554863628679         -0.11720085532753412
4.488665637533426         -0.11759728662529229
4.510123335071944         -0.12155554166077498
4.514781665658664         -0.12239088716130095
4.516635179525757         -0.12272156373950625
4.544444868584652         -0.12756670348952814
4.562178618836199         -0.13054254322577952
4.5861806442944735        -0.13448605221584461
4.628799970458903         -0.1410150388925874
4.641275982996504         -0.14281169198219745
4.663278800089207         -0.1458538215211865
4.66384317308092          -0.1459298619110814
4.665936989157757         -0.14621112982283274
4.66782097364296          -0.14646465991710195
4.689124234755966         -0.149240085111
4.725520781133004         -0.15359338686071772
4.736061355838094         -0.15478744947323783
4.749554331371048         -0.15626830012061815
4.761864336273367         -0.15757263013567782
4.770134154815743         -0.15842385766615463
4.808391533548321         -0.16210011180571562
4.809495380850014         -0.1621997968126711
4.811141626910437         -0.1623478972202873
4.840689092606173         -0.16484977956559027
4.848267688647004         -0.1654301161437348
4.850561339600587         -0.16560222675434424
4.852315957054317         -0.16573278292568133
4.860634948503288         -0.16633872107001074
4.874166570433058         -0.1672782763234127
4.886832523631234         -0.1681060342138969
4.9047581900089785        -0.16919210421447617
4.912506434025796         -0.1696305614287406
4.916334193210843         -0.16984026382496742
4.920631843192677         -0.1700761369227892
4.931292576482171         -0.17064343227479328
4.961702217334701         -0.1721221464391982
4.962045134679676         -0.1721376434967484
4.967630937391497         -0.17238637734807774
4.992062989567482         -0.17339045523780078
4.993963898980842         -0.17345318479835622
4.9959838047068175        -0.17351869770203104
5.003249408563407         -0.17376526369977
5.010217146254016         -0.17398669787137933
5.018910783712807         -0.17424235564342372
5.056908595866855         -0.17509101376085728
5.0760970008165405        -0.17542815087924962
5.086286714774737         -0.17557167426063136
5.100817000172162         -0.175733729645559
5.1101290493879485        -0.1758112511428692
5.121102138539958         -0.17587619777694605
5.163878423787246         -0.1758240773601707
5.165583024574278         -0.17581467097205944
5.174580144120247         -0.17575571528863693
5.181379123894822         -0.17570078173585107
5.205992710557927         -0.17542717203956565
5.227500384724093         -0.17508731194727103
5.232340927610502         -0.1749982512766845
5.238024977922624         -0.17488777442031764
5.242232990814386         -0.17480470976708212
5.246873557795328         -0.1747098831974854
5.250373930293153         -0.174636118663715
5.252215711573572         -0.17459470728947837
5.254868663411978         -0.17453412542292973
5.263175942704577         -0.17433730847809178
5.264236851477477         -0.17431175251712935
5.309360690460908         -0.1730372739943906
5.322171079529918         -0.17260868449702227
5.343733857119284         -0.17182058703962177
5.367708396957829         -0.1708461178927632
5.375670175693761         -0.17049962659901466
5.395096894752241         -0.16965606046732937
5.421905175046685         -0.1684177264184105
5.424423207447764         -0.16829698999526893
5.438726392327201         -0.16759676011505997
5.463765540253723         -0.16631193574784545
5.506109249737694         -0.1639099710716853
5.5218400910854           -0.16298409470911795
5.52870989276584          -0.1625737696609885
5.530117906817409         -0.162489221272902
5.533143077536307         -0.16230704881572267
5.538988327533295         -0.1619530551175244
5.552557311136811         -0.16112114795065
5.583498523569959         -0.15917105822724367
5.587827887032342         -0.15889230972791415
5.589981904233012         -0.15875308366178606
5.614833607883629         -0.1571209034005019
5.616436565506739         -0.15701399125079973
5.649624807016949         -0.15475140772115106
5.661255804490571         -0.15393550068956297
5.671685423275359         -0.1531913079416843
5.673918709514648         -0.1530315767496316
5.689591311009268         -0.1519068774813629
5.709262519502186         -0.15049425439113262
5.7189544652153605        -0.1497922008774793
5.75042371582328          -0.14748509423345676
5.750976624101356         -0.1474441829291159
5.751595156676018         -0.14739839779618602
5.777726251261767         -0.14544666129140393
5.805587821653134         -0.14332810841591428
5.805598803963008         -0.14332726569296866
5.805612542701489         -0.14332621144814742
5.826546934390819         -0.1417088553563326
5.837470141570539         -0.14085625649198125
5.8488141745365           -0.13996548565760897
5.850093231512959         -0.13986498454168655
5.863974638518285         -0.1387734097319246
5.881498001717478         -0.1373940808146499
5.885879452802118         -0.13704936237120538
5.9040936572137985        -0.13561702143572893
5.904715251076229         -0.1355681598581025
5.90636638855115          -0.13543837535765682
5.935651198796333         -0.13312777119166375
5.9415363582154805        -0.13266078828274006
5.958350969701868         -0.13132169837112914
5.972530456776322         -0.13018686603996302
5.988874103282268         -0.1288724724304599
5.989079171060199         -0.12885591161920995
6.024365228175186         -0.12600793415535752
6.027262097904872         -0.12577536351468926
6.0273439724175555        -0.12576879149193762
6.030314149450317         -0.1255304195150095
6.032806404488488         -0.12533046709578635
6.035771718504809         -0.1250926372974122
6.038055843817613         -0.12490949774650023
6.049739306220224         -0.12397349150417623
6.058717185577963         -0.12325510985984695
6.068093824429987         -0.12250562805385096
6.072020902016339         -0.12219349618015762
6.0807584674842765        -0.12149332271567007
6.084455810164055         -0.12119842654985827
6.085274898811579         -0.12113309446019281
6.115152617942512         -0.11874938502839127
6.129947807018633         -0.1175685566983238
6.135492480001492         -0.1171259528564049
6.135763411925841         -0.11710418996849357
6.1412360946788915        -0.11666492033854013
6.193088807187735         -0.11253405686761395
6.193222069925027         -0.11252351302277168
6.195671923931718         -0.1123297450837634
6.195770301185461         -0.11232196669212728
6.195834920511892         -0.11231685754794861
6.197870880117224         -0.1121559286642877
6.210681882619357         -0.11114529783806724
6.228260276631181         -0.10976443861378232
6.254934877315238         -0.10767925384682056
6.259589662965438         -0.10731664651631662
6.25965868652161          -0.10731127241149346
6.2692363625667795        -0.10655936440643715
6.269521904454958         -0.1065369831484005
6.269821995165281         -0.1065135314534169
6.293900126535581         -0.10463451381620908
6.346489631754546         -0.10054876428266965
6.354492901871739         -0.0999337263105732
6.356117452089924         -0.09980900073694363
6.357205850228644         -0.09972546083319336
6.3588582207392585        -0.09959866756282403
6.37204441002051          -0.09858831755013618
6.381560042760903         -0.09786157324075793
6.405001801723591         -0.09607900250901397
6.429069675280747         -0.09426031109994444
6.44290834652471          -0.09321986194546897
6.456402199400729         -0.09220904398431357
6.465539291938255         -0.09152666677902924
6.480905629083171         -0.09038512325998135
6.481206606587611         -0.09036282460764831
6.5157762010775535        -0.08781712873555056
6.5380142641139           -0.08619574292190196
6.551829522339019         -0.08519375651131438
6.564463489757083         -0.08427957000864698
6.566667717886677         -0.08412028122348128
6.585172097314369         -0.08278704345086207
6.585501808114489         -0.0827633572674041
6.6084455801891           -0.08112106373984941
6.6448276147510095        -0.07854100459675498
6.6464069487257795        -0.07842967527754209
6.668247219100535         -0.07689772247647175
6.675218370417939         -0.07641123521972085
6.6892419896771           -0.0754362413555978
6.698479837812898         -0.07479664672892403
6.713881995617699         -0.07373496975719665
6.719347705112455         -0.07335963226854725
6.728137326840092         -0.07275759298223446
6.7383282595745           -0.0720668857481407
6.797146889203697         -0.06809717624564639
6.8026547384073055        -0.06772976775117999
6.807784781620912         -0.0673882267243826
6.816694271181492         -0.06679658803974685
6.8862731166764934        -0.062242761246334904
6.886674136876755         -0.0622167819563711
6.887612084204232         -0.06215603153052704
6.893338880544292         -0.06178549280335143
6.917062082776971         -0.060257555518766284
6.923024769899735         -0.05987529505241454
6.95323940856544          -0.05794924920541267
6.957214561910714         -0.05769871775035304
6.961129846547502         -0.05745188348817856
6.961579432176607         -0.057423557933828334
6.973046206637401         -0.056702363127973276
7.0091434836688915        -0.05444781069281379
7.011380993772875         -0.054308848359459254
7.011867835935765         -0.05427862481730564
7.014664666596092         -0.05410507968698712
7.025973272803839         -0.0534048377018812
7.027278250966108         -0.0533241830435273
7.03148558325652          -0.05306436020765917
7.04245963530548          -0.05238872718743915
7.072417663324703         -0.05055699361377981
7.088597316027316         -0.04957543169325692
7.091802720465134         -0.049381613481228874
7.098044600157243         -0.04900441504355908
7.098522465112169         -0.048975570541633213
7.1004404332376305        -0.048859846912774674
7.101639400283401         -0.048787543756249926
7.1072943222323515        -0.0484469246380382
7.143534697776448         -0.04627962318093288
7.158300181996728         -0.045404335985316555
7.186783506100996         -0.043728526141111806
7.19258953373346          -0.04338870713151554
7.214864279229828         -0.04208944005106679
7.226908129727207         -0.04138959203956837
7.231706977312275         -0.04111111399672625
7.240102063443221         -0.040624831302505694
7.2438349852421275        -0.04040896503276704
7.246478169376506         -0.04025625055402776
7.259020357356732         -0.03953312422884243
7.291644073256667         -0.037664911314065214
7.312115174254892         -0.036502009821497955
7.320376495387692         -0.036034758885668865
7.3612594136953025        -0.03373981763722428
7.376619120815913         -0.03288506848210667
7.3810928872792605        -0.03263687501346235
7.385302395764618         -0.032403726737727734
7.402589846446101         -0.031448158779594684
7.404036744578651         -0.03136832093712219
7.457543359376857         -0.028431064103696814
7.46254532811673          -0.02815798930080754
7.4655719098406434        -0.027992883035916592
7.466057533324514         -0.027966423641410856
7.469058475600514         -0.027802971588096456
7.473704832543147         -0.02755008741405076
7.522265678852041         -0.02492080807114751
7.53924100150355          -0.024007598770114602
7.554949523421087         -0.023165262805624254
7.575568283708705         -0.022063600081999705
7.578959447863438         -0.02188284181317409
7.607423026978077         -0.02037046658484042
7.610924991770941         -0.02018548271829316
7.613846333361825         -0.02003129260916104
7.616276385743905         -0.019902501396278128
7.619261058517052         -0.019744386196055272
7.635686732229032         -0.018877195336454693
7.64230930673598          -0.018527992750546472
7.6657026426515955        -0.017295872522789916
7.675519403758662         -0.016779829579613163
7.689464460353447         -0.016047631973832983
7.698595317216795         -0.01556895975164209
7.708801406734869         -0.015034623913994105
7.725352881570494         -0.014169657572376605
7.747740680811127         -0.013002799202007222
7.761295480430327         -0.0122980569912435
7.795029276506108         -0.010549856708148635
7.806016901268806         -0.009982193225259726
7.816366275610066         -0.009447396904283258
7.861048312965458         -0.007141020719312468
7.8645986920788555        -0.006957984341116707
7.871221199765724         -0.006616669582020906
7.8847303390489           -0.00592084025765593
7.889673661680453         -0.005666357827979616
7.921260496438575         -0.004042017712360052
7.938067858876009         -0.0031779382667918906
7.938940211561533         -0.0031331090487298737
7.9582651740374475        -0.0021405045812239298
7.982422527689176         -9.009911107397779E-4
8                         4.8989627120727616E-17
