0                         0
0.0019556035103347547     1.0718750427600614E-4
0.01986311239927857       0.0010893669702297867
0.03775132094419988       0.002071677571043826
0.04816875006762386       0.002644286695659011
0.05477021482200091       0.0030073545394664527
0.06585261200170706       0.003617183965253939
0.087894708166154         0.0048301887142204
0.09127664396191042       0.005016438041372842
0.0927139030645326        0.005095601544445623
0.11842607371078565       0.006512927745535116
0.12444556518600333       0.00684504332812137
0.12503463669799228       0.006877550590055781
0.12583535759562456       0.0069217392640855855
0.1408184077619202        0.007748972578398732
0.14869704319114724       0.008184610831726943
0.15653991665415454       0.008618728773996899
0.17040386563598942       0.009387240318214236
0.1764710811203781        0.00972400874190403
0.17917218356832254       0.00987402462977502
0.1884843950330471        0.010391628052490406
0.1901647443860528        0.010485095886839078
0.19057729666482084       0.010508046915773544
0.2188053987692386        0.012082365115622875
0.2248328134460481        0.01241941038543892
0.2350237113465278        0.01298949075546011
0.24017347432282915       0.013278021772967571
0.25629406952496137       0.014183190783464979
0.2740715612028502        0.015184845964771623
0.2992002705931502        0.016606873780345147
0.3029493867497235        0.016819655514844177
0.3139081983622038        0.017442547968107968
0.32378993148482854       0.018005103562674443
0.32889542175304637       0.018296102407864254
0.33065235101007184       0.018396297548470754
0.33675379506831427       0.018745352656022417
0.34097107782092023       0.01898697828515359
0.3504383887684276        0.019530830399308394
0.38119673898194584       0.021305645196240307
0.41242146904914156       0.023118475562518847
0.4206695719225951        0.023600809640614895
0.42917784930660346       0.02409987760842114
0.4394109090980328        0.024702159546984997
0.4534250171179858        0.025530601996164193
0.4836247611258663        0.02732913735759015
0.49250442367011155       0.027861301629705074
0.511427619034144         0.0290004441502909
0.5265286478343056        0.02991363970521741
0.5327983945647914        0.03029399623956034
0.5427956340572182        0.03090195094500541
0.5523023665925564        0.03148441470917964
0.555492594856895         0.03168035518801171
0.5597465031383753        0.031941968380715446
0.5847002050683009        0.03348632494092608
0.5859557786328683        0.03356446969039451
0.5879913583733063        0.033691264968570264
0.59199776846123          0.033941129712874774
0.5920473462694025        0.03394422424806397
0.5920491824186165        0.03394433885756365
0.5920548819636834        0.033944693721109226
0.5931438702069536        0.034012514343418995
0.5940449989851802        0.034068662921008366
0.5991248143441882        0.03438564907437947
0.6038879355195031        0.034683593982489394
0.6436384170087538        0.037197296416782245
0.6605407306214173        0.038280647774077546
0.6763945494977346        0.03930465929371164
0.6801822200474765        0.03955043460715117
0.6969510499092226        0.04064375413514285
0.7026268412789783        0.041015741892078704
0.7272542712319586        0.04264110816559234
0.7283640868469029        0.0427150008355457
0.7314599774140981        0.04292041299546206
0.7318703055821237        0.04294768886555846
0.7711620746551124        0.04559091902147188
0.7737619143913205        0.04576803732152254
0.7902209577923701        0.04689518848819438
0.790630316470053         0.04692335108467672
0.7960020551690742        0.04729348924839932
0.8038289065446688        0.047834723468983736
0.8236727646511302        0.049217188878018917
0.8271208129923808        0.04945890291444617
0.831609284938205         0.04977421697999043
0.8338958986980173        0.0499351400565253
0.8359426073783605        0.050079628377087244
0.8382265501541248        0.05024107155501127
0.8429569771798779        0.05057614246696
0.8520124485472279        0.05122018504627532
0.8678140268250092        0.052352252268615555
0.8727748371474748        0.052709815705552415
0.8833012958905826        0.05347252910820954
0.8917394457980363        0.05408709594552596
0.9111250733953624        0.05550965870538647
0.9169770184566799        0.055942446076580755
0.9248567476260471        0.056528010054656755
0.926566044016458         0.05665545807330137
0.9282006640662714        0.05677748002494201
0.9453298981525823        0.058064497326324
0.951842389860116         0.05855781584222659
0.9548614815231232        0.058787257963737
0.9575200389636617        0.058989692468909234
0.9828853382331026        0.060939522591726886
0.9882131357124287        0.061353582054693115
0.9890651015973211        0.061419939393574784
1.0174553120666743        0.06365408208231586
1.0288703697398693        0.06456491652661162
1.0367064765078866        0.06519549803558981
1.0546901226015515        0.06665187678954362
1.05518544445507          0.06669227788647812
1.062427509222582         0.06728474370932058
1.06972480089676          0.06788506822171138
1.069909285227863         0.06790028860877326
1.0731837542721483        0.0681707965541302
1.0917206826937913        0.06971488561521012
1.0989019630384478        0.07031888710278163
1.1023746503365908        0.07061213202090913
1.1096610320364104        0.07122988595734088
1.1142772541308044        0.07162298846822726
1.1191066212554734        0.07203589340878047
1.1239815573936713        0.07245410851831105
1.141282676415162         0.0739539258878043
1.163160504851376         0.07588065982728652
1.1693002279108997        0.07642742618128905
1.186603298257959         0.077982607856256
1.1915181537111805        0.07842819291487402
1.2128472142635884        0.08038390315098692
1.2577740580672028        0.08461253045086756
1.260165393203257         0.08484175932459906
1.2606066072917268        0.08488409911504488
1.2610100274212952        0.08492282461949001
1.2649469231742685        0.08530149236912908
1.2661935062852223        0.08542224470402958
1.2662447268366537        0.08542720926129778
1.2663883540067151        0.08544113160007033
1.2666948216506442        0.08547068729553661
1.2699198013747128        0.08578227022753439
1.2717838872830523        0.08596284151217586
1.27720278476808          0.08649030116421053
1.3231529120818042        0.09107577489264361
1.32850410299697          0.09162290470796036
1.375278776853613         0.09651982417350725
1.3784122179226554        0.09685519676279492
1.3850460335342174        0.09756829178080156
1.390240291132998         0.09812956055794803
1.3949213649268117        0.09863757214084092
1.4006548620623787        0.0992626330888533
1.4133258450285098        0.10065508698696198
1.4346995589433618        0.10303846589514085
1.4395086519553335        0.10358070636853095
1.4527670504355534        0.10509144665406439
1.464533379671872         0.10645135320480062
1.4729547254071618        0.10743573445594344
1.4836095622333436        0.10869443182601377
1.4890949996167557        0.1093482154834701
1.5236924917242074        0.11356206794187379
1.5276102833105518        0.11404898258774471
1.5381324441996953        0.11536621022288816
1.5470569276408408        0.11649428516003214
1.5477250363952224        0.11657911696720018
1.5484136552055965        0.11666660885665074
1.565263071599428         0.11882506507432938
1.582961148176932         0.12112879271939048
1.583068144830005         0.1211428795361357
1.5837064242644154        0.12122694901275365
1.5868473861999808        0.1216415460232117
1.6136295371630394        0.12523696580083335
1.6156359512659555        0.12551066393773802
1.6178818453601176        0.12581774804055434
1.6196231820122162        0.12605636540943516
1.622169861050903         0.12640616090674328
1.6252455895806812        0.12682992357726988
1.6301806479711147        0.12751283063613816
1.6342713088458678        0.12808168220147628
1.649810693187818         0.13026561220578636
1.6736077609953721        0.1336871866475418
1.675043447210709         0.13389657294956436
1.6775375388790104        0.13426112262093307
1.6998738405928102        0.1375729079256475
1.7065518330536749        0.13857848345926932
1.7202743335727464        0.14066712557097133
1.7334504294579571        0.14270083536549316
1.7573493066018098        0.14647164242078536
1.7623248562533083        0.14727199960866552
1.7697317348166468        0.1484732269316022
1.7724435010437416        0.14891593715761547
1.7834519666687862        0.15072921923051744
1.7895355604691032        0.1517417702895176
1.7994860918711013        0.15341466072215101
1.807870527392372         0.15484037557026017
1.8095208337122959        0.1551227349292779
1.809880119327535         0.155184282644546
1.8120069866374755        0.15554918177132385
1.8198849866423288        0.15691135252716842
1.8372871349490292        0.15997444853283657
1.8467777438491002        0.16166549257937565
1.871640162237085         0.16621142880128129
1.872825877528083         0.1664320309575875
1.8729687764787624        0.16645841014372026
1.8890494381402847        0.16946170727489118
1.8903128366192774        0.16970058844421365
1.9140862239953096        0.17427502059577393
1.9180593411990432        0.17505422680060542
1.94200091365819          0.17983879374365153
1.9461760089764275        0.18068881924467597
1.9553465704625355        0.1825722196749996
1.981258030824254         0.1880150409825136
1.995552863218844         0.19109645945120335
1.9960576255296902        0.19120802950125126
1.9981208395265841        0.1916619978038672
2.0006296295945876        0.1922159375110126
2.006361395910978         0.1934789626089603
2.012095744474739         0.19475371747800987
2.0422591235679546        0.201639546131554
2.0461325910194987        0.20254532947901946
2.057014748112461         0.20511626955537085
2.0572652023726046        0.20517589542423834
2.082276688971677         0.2112335893133023
2.088915524825762         0.21287473800084955
2.089162064249912         0.2129359575731961
2.089465108792701         0.21301123512505546
2.113915833319691         0.2191825825412894
2.1156895265335427        0.2196377686979194
2.1341644193050597        0.22443939056394552
2.140738382951873         0.22620885558655884
2.172538059776379         0.23499654866078432
2.2143058591407154        0.24701477463510974
2.214308853743251         0.24701566679832512
2.214313513116723         0.24701705494663934
2.235634714705677         0.2535005126464718
2.250754244985515         0.25825725782537834
2.2556744013327217        0.2598336607288043
2.2603561011115763        0.2613466456010013
2.275943154680808         0.2664752408700669
2.303198189417173         0.27572386639148433
2.3312514358134897        0.28561664296991646
2.3483846534501636        0.2918448092729241
2.3539328894518707        0.2938919472543055
2.3708538355654185        0.3002267560667348
2.374246240217283         0.30153602701852233
2.3947613225306426        0.30961633976384906
2.396650986162151         0.31037466806629804
2.39764999873955          0.3107765323466577
2.414479611860508         0.31764596175157
2.4363180582847987        0.3268399710565318
2.4391495480110605        0.32805520094187257
2.441400058564799         0.32902487751430814
2.4485683923045367        0.3321532751454412
2.455439475787869         0.33519229649469234
2.455481087404548         0.33521082127258617
2.4556043969791306        0.33526572508601094
2.4770974194617654        0.3450298637174574
2.479159251062743         0.34598432546691615
2.4797633347861976        0.3462645047362143
2.4803151817676423        0.3465206689467724
2.4824617831467295        0.34751904133203426
2.4907102886833186        0.3513839787289034
2.501800784424599         0.35666036353474495
2.5086093134606147        0.3599611649861529
2.5188440868768502        0.3650111860143449
2.540309842581466         0.37587436348043696
2.5483392531982227        0.380068695799277
2.5534574112968           0.38277946357094006
2.5615127245481206        0.3871045055575095
2.568363012489528         0.3908385020680692
2.5937475544985262        0.4050212209509105
2.5948401904561247        0.40564392422935297
2.596727066488692         0.4067216491683349
2.645318387242858         0.43533833893886315
2.6503124325530982        0.4383885089225609
2.6503801769328095        0.4384300243041205
2.650529052613877         0.43852465600633356
2.666965198977886         0.44911475412082164
2.6852503557374567        0.4612282915278584
2.694919972212555         0.4677036926554182
2.702816249104492         0.4730914467963856
2.7056345251016767        0.47503614859976445
2.7141571888247085        0.4809994077959649
2.742505219799889         0.5014201259079225
2.761395703646157         0.515528128353287
2.775085737272752         0.5260022377736161
2.7855962301566533        0.5341862613544698
2.7933160584387315        0.5402761977893804
2.799181386679264         0.5449075401400216
2.802614491520203         0.5476536315044681
2.807323665280216         0.551462790862731
2.8245955503066815        0.5658530957902393
2.837720569884095         0.5773579011913178
2.852810687819865         0.5908562520700148
2.85343826019806          0.5914239045825394
2.853912421219096         0.5918331356670348
2.865949204392943         0.6023658278735733
2.8804711906714466        0.6154424520405618
2.898015554808174         0.6317792840941179
2.9083685339169865        0.6416962259639407
2.912899639203777         0.6461010659568527
2.9156923157260755        0.6488355034725545
2.920961309560455         0.6540352861464498
2.9217880219909276        0.6548559642124591
2.92243378148129          0.6554979205576704
2.926384537777586         0.6594427962048516
2.9297591378474133        0.6628515116892889
2.9366766905658395        0.6698687598297645
2.942753424695769         0.6760660807769794
2.9484549562070135        0.6819088263690133
2.9589679291180406        0.692753441280012
2.963476372314285         0.6974324183939228
2.966248497354316         0.7003528403967066
2.969211871397418         0.703485310326658
2.977928870055073         0.7127630253821562
2.9810628479821797        0.7161216878705472
2.984208227164773         0.7195048496080299
2.9856030928823003        0.7210091012815542
2.991412807891343         0.727395394729288
2.9982002481631596        0.7348726257386253
3.013132501767659         0.7513837770598851
3.022471352062705         0.7617529833700512
3.0328604352591126        0.7733270772209909
3.0387463673262887        0.7799025031555222
3.0585052081563058        0.8020718293140691
3.0842332608168386        0.8319363994911756
3.0904744757826683        0.8390965623673955
3.0935865607241304        0.8426603531416768
3.096455311810853         0.8459416520170852
3.0985147967798707        0.8482950351908867
3.101326700940827         0.851505146276854
3.103559138353758         0.854051209808392
3.121383766254446         0.8742999512164441
3.14066676888156          0.8960452924389657
3.141339463085499         0.8968008823978046
3.1460840376271957        0.9020253240568542
3.1541129228695337        0.9108512444492691
3.157692424235018         0.9147592664656399
3.1801992353452797        0.9391427876707449
3.1895898867434638        0.9492200826718639
3.1920149103507534        0.9518132035395148
3.208616827620871         0.9694642816897071
3.2131363843833087        0.9742387349054135
3.2344392303234732        0.9965660185499409
3.2356819577712956        0.9978594919933408
3.2595412310067244        1.0225003205515242
3.269884054907665         1.032527058495448
3.2814913273711457        1.0436680275048618
3.283074526421173         1.0451784788395546
3.284470671078486         1.0462312912328753
3.310651086260503         1.0642853377454582
3.3130503666862863        1.065779540713903
3.3237246275481307        1.072100843310094
3.3273275814597327        1.074114228248997
3.3288484112748327        1.074945869335747
3.335717688717704         1.0780606058618285
3.3680452095265987        1.0896391548318412
3.3759151434146553        1.0921248340294472
3.3759550540849608        1.092136079528976
3.3759772923782303        1.0921423395859187
3.3936613089293197        1.0957713567312268
3.400461641412239         1.0964495388319524
3.419417339374369         1.0962365187481673
3.4240363631149533        1.0962226437986924
3.4492488319550763        1.0936382111392864
3.4597380753150215        1.0913139167293928
3.462141739969929         1.0906779253855707
3.465602119622986         1.0896946524085398
3.4686081788692413        1.088775638708677
3.4755839885653517        1.086410736557655
3.4800513138920914        1.0847257372442531
3.4905554599280375        1.0801964382711158
3.495888543249965         1.0774212724493113
3.5069999299287353        1.0706103959751652
3.525737036461116         1.055976062004202
3.5328110720853223        1.049422869627705
3.5486237546686983        1.0347357737300862
3.550565856108584         1.032837313407363
3.564550134271079         1.0153074955390773
3.566702624165514         1.0124918847839774
3.5903671827682957        0.979942941523787
3.596939153016552         0.9703683292797676
3.5969463116436833        0.9703577730961629
3.618347261891946         0.937565466072321
3.6192260846238846        0.9361661134013376
3.6192420451643743        0.9361406609008487
3.634507212136939         0.9104741560956937
3.6401618278827317        0.9015293382504026
3.6721021570621097        0.8441568758405459
3.6781203196945427        0.8324330069718865
3.692640858069553         0.8029528241417387
3.7246211468608523        0.7320763904392662
3.7322291582459464        0.7140102888780371
3.7360968864414166        0.704955442472793
3.757592773736883         0.6529857257634955
3.7924953511796895        0.5643723881430207
3.8055004811899384        0.5308248410345933
3.816148697582283         0.5031432010355932
3.8162695652595535        0.502827881907052
3.8221652281255754        0.4874171750514903
3.822312377361909         0.4870317856657861
3.840051075916968         0.44030402137450225
3.871404621969184         0.35640446268190307
3.8745831407661746        0.34780578768464193
3.874946356782223         0.346822106542422
3.8855508387711453        0.31800370386758686
3.9037006936594936        0.26823701933519456
3.908439119567743         0.2552714251322693
3.909987588571825         0.25106693167331284
3.919638468676947         0.22451364852780653
3.927055301992568         0.203881357181481
3.930013147769952         0.19574173543344053
3.930278632419456         0.19501150734410588
3.935043468413578         0.18216351918664878
3.9374379214369997        0.17586586662239934
3.9418839103757057        0.16289849128856912
3.9458029537585286        0.15183582331675588
3.982100485577471         0.04959874549395811
3.999376007162291         0.0010815375013225187
4.024574902765482         -0.06952407522993165
4.033172013972745         -0.09356811361625955
4.042230337798378         -0.11887756320276974
4.059711282618719         -0.16764923531522113
4.064543616701459         -0.18111489152481447
4.065538665333943         -0.18388678021960353
4.080969292601351         -0.22683278468811072
4.100956761735501         -0.28255021987827356
4.103922681246731         -0.29065812671318886
4.112670662830267         -0.3141520605489877
4.119428722236869         -0.332314041630068
4.134362400567125         -0.37248553930494793
4.151007702136319         -0.4173228043019942
4.152890244737736         -0.4223978701988297
4.160801340573915         -0.4441904940466014
4.184484525776509         -0.5073241714887504
4.198943148928051         -0.5443150880376113
4.206678919278637         -0.5636262986249744
4.214440770623195         -0.5829085288164593
4.252520429096714         -0.6761418057343144
4.267928097234373         -0.7136912824868172
4.27284051304917          -0.7253563561125945
4.285946056064424         -0.7557511527273972
4.30816373411386          -0.80486702102799
4.321787956843959         -0.8334847819198601
4.331284271994539         -0.8527570303951314
4.34851620989518          -0.8863127064738984
4.3723189270804514        -0.9296616302190622
4.388459927419161         -0.9548745073802625
4.396797609951952         -0.9670407811983153
4.40380912730101          -0.9768197522686852
4.407934802096231         -0.9821194504899156
4.424219350819409         -1.0019288685898569
4.450902487046992         -1.0318238477685624
4.477628136498789         -1.0616961402671639
4.477997920529549         -1.0620685677098132
4.481095984941762         -1.0646950216135098
4.507975208323686         -1.084006565667276
4.5079943500580315        -1.08401809706368
4.5082411590025435        -1.0841664969766724
4.535184213952449         -1.0972064645827797
4.535851700161245         -1.0974500141895227
4.537399575866537         -1.098000004163616
4.555128742622021         -1.1028252042099929
4.5586262967301225        -1.1034568402088132
4.573620140425807         -1.1049685980512882
4.592390773316833         -1.1041271418691774
4.593703166791315         -1.103954611062891
4.593704327238835         -1.1039542985946038
4.593711497824945         -1.1039523676339176
4.598125136089864         -1.1027081562674637
4.621701969049363         -1.0941790614093732
4.624059898930328         -1.0936096521492176
4.631844882190051         -1.0904378804643857
4.632373748812879         -1.0902134737052405
4.633000897426972         -1.0899458910296504
4.649512667692147         -1.0823258161202407
4.672422709473759         -1.070032705049401
4.685984944705522         -1.0616487877369147
4.69233110806484          -1.057443045153804
4.6936644971844785        -1.0565364692013641
4.696483505727521         -1.0545936263782183
4.7238176805972065        -1.033911078659132
4.740239592442952         -1.0198777236139254
4.751313652601643         -1.009733139533097
4.762640247272629         -1.0008752109291446
4.763012681141768         -1.0005227548445257
4.766411946980437         -0.9972942423161486
4.7752930084487515        -0.9887607306318246
4.776229584182246         -0.987785466190212
4.776831930019389         -0.9871565304101944
4.778314538886516         -0.9856027781294204
4.781165323083865         -0.982592438092966
4.807667390721496         -0.9531738545611244
4.8212351757350405        -0.9384187096025669
4.83183629828578          -0.926703864869331
4.8354438901960695        -0.9226800618802482
4.838194762369788         -0.9188952485025825
4.84016720202972          -0.9161797615200177
4.84275872056565          -0.912609837351315
4.843473517722229         -0.911624746622053
4.862514160846231         -0.8908660632597205
4.889516278039708         -0.8619457054969191
4.894374768722977         -0.8564802424489459
4.897842270891735         -0.8525666166579495
4.8989527210972765        -0.851311021234308
4.914458518472612         -0.8328719750561164
4.92183888454179          -0.8239855421240586
4.922074556270599         -0.8237006102865856
4.929121114827177         -0.8151477875910217
4.929390807168282         -0.8148191621363408
4.93171053561559          -0.8119886183004439
4.9342160275200415        -0.8089235378798598
4.958271051651548         -0.7805512739745359
4.959426505669866         -0.7792160005328328
4.97605434568206          -0.7602801295924603
4.984675858109687         -0.7510213459295687
4.9982939730450795        -0.7370242116532975
4.998911979764107         -0.7364072356119427
5.003915728567948         -0.7314701217768934
5.043420144806769         -0.6901339771235431
5.054777043675821         -0.6785560856883407
5.067055925086004         -0.6661918159204179
5.07246493445907          -0.6607958093371921
5.079620720612288         -0.6537047935886491
5.095767506494031         -0.637903225750398
5.102414044071732         -0.631497046711732
5.151711992943305         -0.5854434060730386
5.153094952233489         -0.58421595393034
5.182889248336794         -0.5586587370395041
5.1885924973949695        -0.553959839693932
5.208726894543005         -0.5378678186928632
5.209680104454849         -0.537125175372128
5.209761438954426         -0.5370603307466302
5.2289429531463085        -0.5219519443515118
5.22902012633604          -0.5218918997141788
5.232346119519489         -0.5193097530911193
5.249350370178107         -0.5062808200756391
5.260999460044559         -0.49755031871279076
5.265201296409041         -0.49445164711489564
5.303950538844091         -0.4671358824921575
5.309380187330252         -0.4634695429863826
5.314070180494685         -0.46032961427285723
5.320914037732632         -0.45579252723294894
5.324162702294685         -0.4536574743798826
5.359485068152339         -0.43121727720605435
5.3731699663300505        -0.4229312590776073
5.375804330448076         -0.4213580839887909
5.380968244003384         -0.41829483672074935
5.387430737839562         -0.4144995364641933
5.393136443896477         -0.411184044712958
5.395928250781154         -0.40957385462915974
5.401513557801397         -0.40638708389204914
5.418963241656283         -0.39663232880737453
5.4339901135545645        -0.38847649422039715
5.449849982065027         -0.38011398753319636
5.454058763200232         -0.37793712360884973
5.462167367061063         -0.3737377590809603
5.475458356170537         -0.36693888434346383
5.47677689541773          -0.36627011444791463
5.484948440335369         -0.3621484754209095
5.491332394822473         -0.3590661075937757
5.492147167176638         -0.35867475335366306
5.5197043740075635        -0.3457106737818711
5.524529588508449         -0.34349510531045085
5.536853693899545         -0.3379099162745554
5.555084895189459         -0.3298416818451305
5.55523821230036          -0.32977481286269805
5.576050841607609         -0.32084938982889794
5.588758947463719         -0.31554791906844737
5.592139934390911         -0.31415640930142436
5.59238081365298          -0.3140575746768799
5.6292936702634435        -0.2995326283985958
5.6522635835885655        -0.2907637508706179
5.65649640920973          -0.28917745361090846
5.656687960887066         -0.2891062653969442
5.658493293671301         -0.28843652174713524
5.674857741887341         -0.2825532272649831
5.684510573860743         -0.2791438886342002
5.6859880492745045        -0.278626233289215
5.696320953400786         -0.275036986451814
5.717708214082732         -0.26778043626441966
5.731099288593552         -0.26334673616665183
5.734586976476438         -0.26220819806
5.740343469508446         -0.2603436761026378
5.74118020060418          -0.2600741792093449
5.745283389548671         -0.2587581942241044
5.777671241806525         -0.24869618945078198
5.780742908752476         -0.2477729745215676
5.783017466240226         -0.24709276376761707
5.783644211539433         -0.24690251849245531
5.814747400902357         -0.2378196722271343
5.818061379719478         -0.23687428114402614
5.825567961514682         -0.23474877902543567
5.846830791427908         -0.2288481296375705
5.848433148066107         -0.22841064434328384
5.849107644491616         -0.228226790327188
5.8726643480509395        -0.22192082325651966
5.888611098203387         -0.2177789124311315
5.891695993426618         -0.21698948987653877
5.903996478936706         -0.21387993421776186
5.925392711961406         -0.208616244200905
5.925995632637549         -0.20846892356335223
5.939732645930101         -0.20515014513897056
5.945739948927588         -0.203721572582355
5.946009802227463         -0.20365817736251363
5.950008290503392         -0.20272133546815765
5.965067996650389         -0.19923493626903382
6.0015307621003275        -0.19106902580847315
6.001584711766471         -0.19105723247870762
6.002089066345513         -0.1909470224760224
6.004044423085151         -0.19052049491331918
6.004896804815813         -0.19033491222253934
6.005454652442156         -0.19021357121185295
6.030981481866182         -0.1847583824260375
6.0554617237577855        -0.1797057685569934
6.057641344487604         -0.17926296070875528
6.077166346726257         -0.17535398839032823
6.0990391828323745        -0.17109824145869
6.105596489408587         -0.1698477807687509
6.105921326922769         -0.16978613947364948
6.1061628339557           -0.16974021915216356
6.108319582949952         -0.16933074657515337
6.110111714508714         -0.16899133797148644
6.110603995028306         -0.16889823916752442
6.112815099038036         -0.16848078963709923
6.133019135812207         -0.16472002263868676
6.143797531889026         -0.1627533299242549
6.155335143023496         -0.16067863163093898
6.1852081136848           -0.15547598136130059
6.202835737068177         -0.15248325464919682
6.211332729903893         -0.15106116791839938
6.212246389077786         -0.15090904829720966
6.216937669534058         -0.15013040084204876
6.2242256161031495        -0.14892882311968964
6.239004726619639         -0.14652226468661905
6.252512820401233         -0.14435794073687655
6.273311351088926         -0.14109137052592502
6.2931160891828           -0.13805510477873667
6.299669873501112         -0.137066288260174
6.319799746409738         -0.13407872748928384
6.35263441209534          -0.12938884601403877
6.357574995540989         -0.12869182587411584
6.380119367448679         -0.1255507078584558
6.383338930020826         -0.12510961431157375
6.405514451068219         -0.12212426907873228
6.406030090884168         -0.12205564867694928
6.411974795802864         -0.12126715364090873
6.43996885268686          -0.11761879192453671
6.446137683122144         -0.1168294909716067
6.455203222741504         -0.11567916356506731
6.480905210823966         -0.1124799955113009
6.493456351428716         -0.11095113289509483
6.4949010943533825        -0.11077655439454741
6.5047606735188035        -0.1095929048462496
6.5142920193949285        -0.10845507867489401
6.518444919124391         -0.10796266361810246
6.527371674967422         -0.10691108208947733
6.52777354308496          -0.10686396237028024
6.534327776664924         -0.10609815238214337
6.534386960535321         -0.1060912872980248
6.540443017368945         -0.1053907883533664
6.565843009611283         -0.102495479381049
6.567084307065724         -0.10235575243772713
6.57415144651174          -0.10156337521592579
6.5824195960973215        -0.10064311324316305
6.5839195688394065        -0.10047694600088665
6.585148913002046         -0.10034093829873397
6.607924830573359         -0.09785034954353013
6.6134839948164466        -0.09725013511878777
6.6316968292836           -0.09530719150494459
6.640387907045492         -0.09439270239756785
6.649151328119485         -0.09347889239743662
6.6584795575928215        -0.09251533444975246
6.6742297458941025        -0.0909057035223394
6.679019724865799         -0.09042029429326127
6.692288490906395         -0.08908567942884246
6.693722454612242         -0.0889423285695547
6.695670776539333         -0.08874783382606737
6.711484215928313         -0.08718097616225368
6.713674706577124         -0.08696565270271824
6.714596128153578         -0.08687519983899605
6.7147591600250855        -0.0868592030779005
6.73137906577952          -0.08524033106506072
6.732215339676099         -0.08515949508601488
6.74267829741436          -0.08415315932848984
6.7638928737217165        -0.08214014465649665
6.778299736236054         -0.08079765582492117
6.783116267544472         -0.0803515788039399
6.799527122809297         -0.07884432621646764
6.806234811011327         -0.07823387658001697
6.822691757053876         -0.07675307277002653
6.841622110185152         -0.07507323627837445
6.853400109450896         -0.074040785160593
6.854969656108564         -0.07390393552432514
6.87298741867637          -0.07234535089283238
6.900254590390932         -0.07003003166291771
6.9058491677660205        -0.06956143948057468
6.915690745326279         -0.06873926230400253
6.937656736678958         -0.06692615074239751
6.93777521148737          -0.06691645383598142
6.937980254960691         -0.06689967355622592
6.9522177713534035        -0.06574268781752224
6.965618342076348         -0.06466589294855592
6.971422003603243         -0.06420320793528042
6.981838733330809         -0.06337830039826296
7.016878668606283         -0.06064323208832549
7.028579826581812         -0.05974354431131396
7.03606242603291          -0.05917180017047891
7.060203431040676         -0.05734435522733705
7.067484023398334         -0.056798829727008275
7.08227215791048          -0.05569877185753208
7.097204817799982         -0.05459883978981022
7.104570664509531         -0.05406030061107289
7.107980278874444         -0.05381191387678702
7.128749494120836         -0.05231411237117184
7.130478092344006         -0.05219046977023031
7.150867085522991         -0.050735994127064754
7.157610576707043         -0.05025873098505128
7.162360788652405         -0.04992358921512827
7.174589877141312         -0.049067241966576206
7.183042585044863         -0.04847869111000601
7.187132844158394         -0.04819487600177407
7.1973676629809304        -0.047487514527768435
7.200902989323863         -0.04724411059081772
7.209549703596331         -0.04665081308130893
7.2273816196570255        -0.04543632755911649
7.2404704068421575        -0.04455264828579396
7.246187748040849         -0.04416870913349287
7.2567386185402585        -0.043463474659835175
7.2801733621727385        -0.04191234365789885
7.28562282113223          -0.041553348118965966
7.29777105844352          -0.0407563567161896
7.311482003799098         -0.0398670781873998
7.333016912439325         -0.03848022706742592
7.350417269785835         -0.03736867054750226
7.355847815007319         -0.037023412894682084
7.36900172421986          -0.03619038501161887
7.387491056816888         -0.03502720013295442
7.402785978403499         -0.03407237068737115
7.4117218193764565        -0.033517622322806064
7.421561323922229         -0.032909415948921945
7.44026513368932          -0.03176091951435022
7.449103335987297         -0.031221696876360044
7.46612238169454          -0.03018965217950842
7.473997666967849         -0.029713162355702625
7.493624142622928         -0.028532805053255027
7.495681631126655         -0.02840965497689184
7.495948673048341         -0.02839366276178325
7.506476068944764         -0.02776430266601971
7.509730834948951         -0.027570152685084136
7.517282500334137         -0.027120470603629928
7.525204974296736         -0.02665082708680807
7.55049023320671          -0.025159320182002134
7.552862073292283         -0.025019990137987242
7.555685961928191         -0.024854234528965596
7.575982659379475         -0.023667002409435794
7.586200844976316         -0.02307204961059134
7.5884083611156665        -0.022943743178127946
7.591305786563688         -0.022775472309798518
7.607770062315927         -0.021822199174902464
7.615392719913218         -0.021380799759574402
7.640833566012594         -0.019923942468401575
7.645818001767062         -0.019639345384196084
7.651850206272988         -0.01929528920596933
7.680987589877777         -0.017639029538467035
7.683023923684016         -0.017523627136913047
7.698798271619497         -0.016631214081097724
7.71948467917154          -0.015464982603684977
7.727702936851701         -0.015003083289239402
7.7489399997689805        -0.01381321112857319
7.767158838865613         -0.012796738249152749
7.787772690689602         -0.011651423533680046
7.8019960790616825        -0.01086401156501795
7.811029966018392         -0.010365235184471563
7.822384175651994         -0.00973665720631215
7.823803991135055         -0.009658125020137805
7.832753473679459         -0.00916318279385887
7.843410943153691         -0.008576638124512644
7.867204571770117         -0.007267783144739941
7.876891695146396         -0.006735542315721063
7.893620636729349         -0.005817037366621699
7.908534300861559         -0.0049988085690980824
7.933010672862598         -0.0036578500608029406
7.941375200010737         -0.003200140130548027
7.94388139637978          -0.0030630544834154734
7.99250871563574          -4.0816150544126554E-4
7.994792909966186         -2.836838059615801E-4
8                         2.6040617026157656E-17
