0                         0
0.002500539324846627      2.1945883415647828E-4
0.0032056769735197086     2.8135143486149983E-4
0.021927381715021562      0.0019256684548334987
0.031139485784739643      0.002735499811714617
0.03231497464833351       0.0028388714233538786
0.03927756430602171       0.0034516188642658057
0.04789556565612127       0.004210362915006931
0.06192014409576776       0.00544584700737214
0.07540684579356971       0.006634806595341452
0.09337733827885931       0.008221064405777788
0.10179000597903785       0.008964224647399894
0.11780367961910312       0.010379854042343983
0.1396237539372328        0.012309202671298277
0.14580554224099918       0.01285706439241333
0.15357513124171274       0.013546436028891762
0.16280298490915956       0.01436633940560775
0.19169258540616974       0.016941241909269843
0.19351587118458785       0.017104144969307043
0.1937394921435614        0.017124129873384582
0.19541768437919593       0.017274129934113452
0.2083191534191083        0.01842842608503793
0.21962559497066625       0.019441656433454763
0.22596993090855347       0.020010877715365277
0.2289878443521004        0.020281817912036697
0.2544543150916862        0.022572480028454703
0.26577596995913955       0.02359609671929655
0.2668632406809329        0.023694536566983324
0.2715475762035051        0.024118924191496114
0.28718496350359307       0.025538246304602077
0.29822226744886704       0.026543708298383702
0.3202288266877827        0.02855748517513146
0.32404146001189305       0.0289075309037452
0.33165349664518423       0.029607419212833875
0.33976879513962666       0.030355064449422233
0.3465473737125087        0.030980734815570846
0.35675414715390696       0.03192484788260933
0.364693076435557         0.03266086395238699
0.3917299089800648        0.035178440736069835
0.3976474705670106        0.03573270709307818
0.41492693443438045       0.03735690890468785
0.4243592796776164        0.038247112110185257
0.4314391690744488        0.03891787331987022
0.43733502770780996       0.03947775732206891
0.4583369588800447        0.04148174693812657
0.496218683712425         0.04513280088940904
0.49769105442964107       0.045275874939341515
0.5006357958640727        0.04556228488278905
0.5007891845557525        0.04557721326211024
0.5053596853990829        0.046022466669529194
0.5091803111075548        0.04639522316370229
0.5238281779053218        0.04782963738196959
0.5331276732509408        0.04874467232831352
0.539065224430927         0.049330679249576875
0.5401432230465858        0.04943722071390956
0.5426507470133051        0.04968537860107218
0.5558113246681079        0.050992782394942274
0.5722133366770137        0.052633869083021236
0.5757944121630091        0.052993892391475964
0.5760042972464307        0.053015012332784155
0.5867356734575129        0.0540976961967463
0.5897366267247532        0.054401489529861284
0.6089382794758375        0.05635378051654121
0.609622658836309         0.0564236877157299
0.6273229244157025        0.05823946714151023
0.6277970753715786        0.05828831316516515
0.6427971725490473        0.05983912143855065
0.6502206235497024        0.06061087143014867
0.6642999907777728        0.06208364517245905
0.6729065040194089        0.06298977822209723
0.6735163525289195        0.06305415420176856
0.677082808970438         0.0634310776197276
0.6796536305538373        0.06370283256371931
0.6841673181320533        0.06418096351125031
0.6889271505203274        0.06468654960145306
0.7081801102064069        0.06674605242373186
0.7321999490360951        0.069347996750764
0.7384232022314078        0.07002801890551967
0.7420210220160747        0.07042226256542428
0.7503873755901085        0.07134216717456154
0.7727634378748096        0.07382693142288002
0.7734422610315889        0.07390282169049159
0.7751435105411687        0.07409314789632035
0.7943894275136156        0.07625940791495422
0.8028925366685966        0.07722417899509343
0.807187574528834         0.07771345821487398
0.8137283667916926        0.07846133909043011
0.8175534311503462        0.07890031856704456
0.8177435795689286        0.07892217061336464
0.8201601506045051        0.0792001317689678
0.8437471994641186        0.08193717498043476
0.8474353352374173        0.08236908131567927
0.8587540802317288        0.08370122903516222
0.8615161220591783        0.08402711673213883
0.8657983124080747        0.08453372325269745
0.8997758466736544        0.08861204381605962
0.9107697082709563        0.08995392021376267
0.9167697036886551        0.09069085660897916
0.9183420393432953        0.09088451195886937
0.9213074638245509        0.09125035238839307
0.9318938258792293        0.09256265712897713
0.9353319431140295        0.09299092430233726
0.9717414054174811        0.09758859018397388
0.9754716519261765        0.09806606717446939
0.9826192635629657        0.0989865852083012
0.9852605413821044        0.09932796796982032
0.9887727366166312        0.0997829366792683
0.9921253424172372        0.10021831913155119
1.004894652944262         0.1018872402327902
1.0178130453777143        0.10359394641914138
1.0193829535357333        0.1038026530054254
1.0261932884094787        0.10471129147785367
1.0369817918565447        0.1061615430359687
1.0407023885482274        0.10666431784598808
1.045645910776071         0.10733483532874087
1.0709021196913762        0.11080473292101194
1.073835135747865         0.1112124912913632
1.0779754296061441        0.11178959932713388
1.080628503778053         0.1121604338277229
1.0834868265574973        0.11256085496239084
1.1113766028423255        0.11651680108245815
1.1185312997291752        0.11754593029688931
1.1254686882572993        0.1185476917080293
1.154971583932412         0.12288791995455346
1.1622308179359122        0.12397569780025501
1.1639810530475845        0.12423913947594468
1.1835460733619927        0.12721505694299684
1.1860834514454277        0.1276051754106411
1.2047728232934352        0.1305068128967187
1.2061385888520098        0.13072085358006094
1.2063860687556172        0.13075966736445202
1.2074012296031769        0.13091897470801767
1.2153653378753215        0.13217187367060862
1.2295274922899193        0.13442069121473108
1.2504956957420104        0.13779926649110646
1.2536346177812863        0.13831355391836692
1.2614960956966859        0.13960837345011598
1.288748593317733         0.14417614735222128
1.293639173936081         0.14500647075585787
1.3054346065930593        0.14702706151344266
1.3068689193844172        0.1472744949421753
1.3069919419346845        0.1472957350566956
1.329554428236666         0.15123790614228033
1.339554903478112         0.15301492961627688
1.3461180586236126        0.15419108256703748
1.3603425767352841        0.15676717686622
1.3654696825372512        0.15770476212732926
1.3774036570485009        0.15991301990398415
1.3902541387163652        0.1623234132204139
1.4158163118565883        0.16721850417427075
1.4323167041823366        0.1704521218428003
1.439653264671278         0.17190931354409578
1.452008537822456         0.17439035614422116
1.4649261633451724        0.17701998440025102
1.4655266632185637        0.17714320939075212
1.4677528283735097        0.1776007885295965
1.4893204711614387        0.18209599776730528
1.5001976758965931        0.18440574995083592
1.5005860752427878        0.18448875497951722
1.5013449279940827        0.1846510350985922
1.50162319152811          0.18471057646173936
1.509442722982609         0.18639141720324887
1.5131515515408052        0.18719511213277878
1.5358080090804047        0.19218707511736088
1.5410194536873922        0.19335535169493281
1.543280166764026         0.19386447651669836
1.5557132723710725        0.196690041833999
1.559396219617115         0.1975353110719266
1.5618780199501427        0.19810548372234846
1.564272603686537         0.1986574678309789
1.5814752215903694        0.20267627981038505
1.5867984135634126        0.20393884872988666
1.5929008189826628        0.20539727249793807
1.6098646241333143        0.209513708550253
1.6150231423198254        0.21078266773211546
1.6225940020615863        0.21265956572052983
1.6290913568426229        0.21428329935828702
1.638309569473692         0.2166109537495378
1.6519890524615166        0.220116910121369
1.6543357214664696        0.22072456499433565
1.6545737659862576        0.2207863068538776
1.668408175484056         0.2244067507291002
1.6781533386779273        0.22699133109782393
1.6931236063385318        0.23103750556113645
1.711293833466892         0.23606874102366643
1.7206001706476561        0.23869664502740526
1.726990087140007         0.24052103244944364
1.7318612701842095        0.24192275298080626
1.7400122244710539        0.24428943568701803
1.7479433899506431        0.24661775612280468
1.7515861280499445        0.24769601554484927
1.7544693795561677        0.24855328856430975
1.7617893972097256        0.25074491577116964
1.7623640058270225        0.2509178764808069
1.7628410062269364        0.2510615584503708
1.7697473362095373        0.2531522435541699
1.7722938028484019        0.2539280016256969
1.7753532817566993        0.25486352945454016
1.7778713864971618        0.25563636980813653
1.7803364988858899        0.2563954422855209
1.8010850609332851        0.2628962396962252
1.8034553560256226        0.26365066438954404
1.8113882738565072        0.2661970736347006
1.8210667655608193        0.26934862825486783
1.8262213226665613        0.27104718702863395
1.8405464817437511        0.2758410844302716
1.8474820857596588        0.2782008569829594
1.8633256083685217        0.2836863801527236
1.8697485119017998        0.2859478032125674
1.8909863188222942        0.2935798661859317
1.8932930250528313        0.2944229505556711
1.8936483259732584        0.2945530343933433
1.900097977426734         0.2969247914786626
1.9011553478583303        0.29731550203781454
1.905864308620019         0.29906194619419824
1.9315427279105843        0.3089204387860084
1.9315938536199322        0.3089403525795262
1.9336612106718551        0.3097471227539333
1.9479934867508981        0.31541971028450394
1.971971542462915         0.32523099367745306
1.9786452202989788        0.3280331909674361
1.9810021331787866        0.32903026763793686
1.996292064423832         0.3355928544674511
2.012073725836566         0.3425378399125181
2.025733222898059         0.34868945198061807
2.034254486652673         0.352593082698928
2.0445906420967654        0.35739623082521543
2.055418124349449         0.36258975920270087
2.060011797240861         0.3648254755692284
2.0649892826169083        0.3672709695858016
2.069889473713262         0.369671020937003
2.0708893627364358        0.3701636548878182
2.0772538991936087        0.3733224382463617
2.084142462564589         0.3767861951342096
2.0914490965349426        0.3805121280187053
2.0934621910340976        0.38154825462518577
2.101428048556981         0.3856887874895911
2.1026806950909545        0.386345786102473
2.1125947306374053        0.3916020680515415
2.13107206996632          0.40166615364181113
2.136753636493088         0.4048307758903895
2.1597751982702684        0.41799089365304193
2.1656385315486255        0.42142903986822183
2.1693546526872334        0.42363711339373594
2.1859126936733198        0.43365033273611003
2.186394936570522         0.4339468732268562
2.1995942225174616        0.44217130434680385
2.2029773932393986        0.4443128779459006
2.20346219073203          0.4446208793382446
2.210207527603524         0.4489354738314811
2.232020188015584         0.46326006399848274
2.234290433313605         0.4647836347521442
2.243714609629789         0.47117410900994133
2.261612945160529         0.48372527483846833
2.2618715005397965        0.48391071034134
2.272595530892909         0.4917054347160083
2.2787710568271606        0.4962857773329578
2.2791307002152816        0.4965545869687693
2.2841497823570576        0.5003297348536841
2.284312715306741         0.5004530280726165
2.2985035878455293        0.5113641128617037
2.3102092552113556        0.5205663685001032
2.3432395258371654        0.5477985959171039
2.353898186710728         0.5570698558417039
2.35978042434795          0.5622874659279533
2.362295649549007         0.5645404331814523
2.368692460746251         0.5703294636798424
2.3778969609966385        0.578808546269781
2.3884343797456893        0.5887315353440811
2.3965115155866146        0.5964938389810771
2.414382043886659         0.6141493547011168
2.428399154718964         0.6284619947268216
2.4323761142778704        0.6325819981322186
2.432507511381617         0.6327186527175059
2.4371845582582075        0.6376548781377442
2.4537566480718507        0.6555321161690284
2.453904237809133         0.6556985698679921
2.467425298252667         0.6712169897075303
2.473649717504455         0.6783220183249428
2.4897962168371364        0.6975367527124178
2.491839322971738         0.7000250973594783
2.5018547523362384        0.7124083410348288
2.5118324234864193        0.7250508512875022
2.5221355085830237        0.7384261624808199
2.536310206415853         0.7573596874029286
2.5364381897607666        0.7575334456604785
2.536542956184474         0.7576757205606611
2.5544748003289093        0.7825235710860163
2.5833054931298345        0.8251507093734909
2.5850673563174444        0.8278737074888961
2.5921018470319424        0.8388811610201613
2.592992661087773         0.8402905512165706
2.5941668500746906        0.8421535888598
2.6004630537963376        0.8522465107492738
2.6010790185653003        0.8532461809081255
2.6286988140292524        0.8998270998074965
2.629527751922632         0.9012782013461479
2.639324520410505         0.9186623538559425
2.656821986412779         0.950786464696184
2.664948699332285         0.9659242482431827
2.681706432438399         0.9991264224322502
2.686422243959624         1.0086993652924527
2.6960087483390347        1.0285507759921293
2.704832289584995         1.0470926926766762
2.7123732015759505        1.0633059122725856
2.724450211556483         1.0899758211902113
2.725998388987457         1.0934573655153752
2.7402366342394213        1.1261441682472166
2.7431558651148773        1.1329946703400586
2.7508291735111685        1.1512574213345736
2.779404650653141         1.2218700450384332
2.780439626681514         1.2245045475518497
2.784991014207336         1.2361538455233185
2.7931928129372063        1.2574091371863951
2.798242228367799         1.2699043092144957
2.822866958724715         1.3352385541440914
2.8256910797208445        1.3431981132484891
2.843035463578085         1.3946402552777317
2.8590905002443443        1.4437460000026618
2.8665695580167894        1.4671096862311392
2.8854803065658774        1.5275691772996691
2.8895893243629582        1.5409685304200869
2.908485240268097         1.603793431075507
2.916930574666893         1.6325669780172634
2.9295908885021347        1.6755288855861683
2.941277166379709         1.7150020872812526
2.944320308066019         1.7252521368696356
2.9451863431544854        1.7281669739913046
2.9493665271188925        1.742218050137208
2.9609033640658016        1.781072074398672
2.971200942097842         1.817135957446068
2.9738866918885245        1.8264856910314669
2.9843687846930207        1.8627538017399268
2.992992342726794         1.8923257217705025
3.0073708109437565        1.9410991321717956
3.0141128200906193        1.963739209960145
3.0222025783302584        1.990103548254935
3.0269404795521533        2.0054295913872555
3.052882152443266         2.0878434357891997
3.0534291092529484        2.089553722023903
3.056068773512731         2.0977918513334415
3.0628224253226435        2.1187496324230417
3.06432549435085          2.122437654828653
3.0726986893137846        2.149536983390876
3.0924328408783284        2.207976567530751
3.0959699481045293        2.2178454723828795
3.097969899988875         2.223344066075635
3.0997560244765117        2.228205010986343
3.101266060534204         2.2322779556176258
3.1125138377735775        2.261560130614796
3.1222563404831676        2.2854187602370097
3.132493333118518         2.3089833687867505
3.135240734128814         2.3150451370050056
3.154598083550954         2.3528744691125603
3.172390333963711         2.384479696916604
3.173869111907316         2.3861397148264194
3.1785300858008494        2.3934257612712266
3.180314808070302         2.3960506890510818
3.207761953633365         2.42491453892305
3.2082681602305985        2.4252439719473555
3.2188190061566413        2.4304375063624883
3.223357915257995         2.431689628095527
3.242329560138542         2.4305274641848347
3.2451346927933615        2.4294796938900127
3.263768900405966         2.4167908895172285
3.266401022445688         2.414195924906802
3.2795751667263886        2.404350067209202
3.2939099642964003        2.38357155834045
3.311336049680704         2.3542722519637813
3.3304440578986174        2.317049452311315
3.331413880310073         2.31501808649337
3.3481950183957987        2.277694408112134
3.369166349760249         2.225373470404289
3.379254669590972         2.19623056422252
3.3801024552198013        2.1936745252218484
3.391741564452994         2.1569061785583523
3.393076176217723         2.1524903128575317
3.415027439861724         2.0739618171680667
3.420906625221805         2.051041735643778
3.4240524109105857        2.039983662710218
3.430255826779712         2.017577359366615
3.4321850952359467        2.010446645437662
3.4429571714626537        1.969216732522444
3.4594469147619034        1.899495575892979
3.46123948378949          1.8918938002154646
3.463947722451469         1.8804425259743651
3.4672099704685144        1.866702411216556
3.473138902144588         1.8418808083686822
3.4859792547549944        1.7887886460135682
3.4916166491659544        1.7657663070809997
3.511770067004093         1.683717752508279
3.5232046186853663        1.6366356172735472
3.548589255299456         1.530742595452318
3.5552518756515434        1.5026360135101366
3.5654917740899883        1.4591846338891883
3.572919558373495         1.427991095374907
3.5755584882039972        1.4169154791479168
3.579499893292802         1.4003799681670601
3.598004744219646         1.3228517583690584
3.6071748308362825        1.2844972768812999
3.607601934156227         1.2827119338596882
3.6084207886958666        1.2792420942287674
3.614598353312353         1.253216666939158
3.6323134330763223        1.180069291953871
3.634318876364846         1.1719273089608147
3.6411971962489282        1.1442160289275258
3.648426121047561         1.1154498841342773
3.6541021880301927        1.09311993296797
3.6560376469355482        1.0857834149807575
3.6654948064848374        1.0506103271114415
3.6724532619064716        1.023799721883284
3.681821946058851         0.9880849122008255
3.710318762096258         0.8839892975766314
3.713857469718336         0.8713672865912108
3.7166500151760524        0.8614542054748612
3.7304933972345125        0.8129310090582287
3.7456991250628593        0.7608189707004143
3.7491150532856694        0.749282983259528
3.755668096972398         0.7273280527651534
3.7672725211297395        0.6890152105889648
3.7840934064054954        0.6347640732646093
3.8127155624188003        0.5434964115380831
3.8224868210368794        0.5126694781097325
3.829464128279831         0.49076009156585465
3.860708626705307         0.39620739211825373
3.8751481479460623        0.3531584708650246
3.8780392628330116        0.3446759025197357
3.87993668097224          0.3391174960333487
3.887157183567545         0.3180279635164673
3.894711638886985         0.2960692009806134
3.9228740065739336        0.21516562023079155
3.9247051368379084        0.20995747554476013
3.9249360393698822        0.20930118992727476
3.929264938126204         0.19701609952463783
3.933437701352384         0.1852112154592525
3.935993797417972         0.17799956770666805
3.956133835531519         0.12169916445790006
3.973794245052123         0.07309240611950167
3.9822615468127234        0.04967648482796278
3.994873842359449         0.014744790020181515
4.007355242281767         -0.019886795014121172
4.015833606171414         -0.04344675294762738
4.019022883736324         -0.05231663962279448
4.0379724011270826        -0.10510186838670213
4.040359452716891         -0.11179566096996439
4.0619119437790285        -0.1724385026911021
4.071187807409443         -0.19870713160579134
4.0830725546763675        -0.23251246268720943
4.095107417138752         -0.26691478785693135
4.114718850833263         -0.3233416784596546
4.118862909607686         -0.33542981907963154
4.1282057961480465        -0.3628396590482277
4.149885508844524         -0.4272798688299834
4.159714701935014         -0.4568813400019578
4.16142593525581          -0.46205944534549553
4.17251852732138          -0.4958018225640741
4.177792871003881         -0.5120879271356529
4.211909134398494         -0.6197721900114864
4.213690940482689         -0.6255241037649892
4.222414752018034         -0.6538746541042805
4.2239609409783165        -0.6589321708119362
4.265835234475309         -0.7996485700293462
4.266178500593584         -0.8008319665610433
4.266247467789544         -0.8010697868715484
4.266472630990162         -0.8018533666557528
4.273550554783132         -0.8265458928468549
4.284614933255379         -0.8653826390294612
4.312056700055953         -0.9652060872385613
4.316115186896406         -0.9802862760110277
4.320826932446904         -0.9978962048624797
4.328528462311624         -1.027483157363244
4.339102334644118         -1.068299898937968
4.36802558451846          -1.1811014727399185
4.369121141679646         -1.185365599175971
4.374962163022198         -1.2081917954998416
4.390565041244413         -1.269924379181492
4.393973245735893         -1.2835556674545245
4.424225120080189         -1.4068562143234118
4.433233961726025         -1.4443756314974583
4.433465008486845         -1.4453427153842944
4.45311283737873          -1.5284666480635316
4.465040747505354         -1.5803289003197156
4.4723295311434175        -1.6123041149425545
4.47658179477558          -1.6304336089024816
4.482999266310841         -1.6577118828609356
4.5014559510284           -1.735610756867506
4.501623723720925         -1.7363150957826579
4.507648126163761         -1.7615616009482815
4.523980641197273         -1.8295660767470125
4.526203851442307         -1.838773218704424
4.5530714574962055        -1.9448273793490167
4.563830597705109         -1.9848677913532147
4.566663733041395         -1.9952952490469709
4.577592379330278         -2.035064990218644
4.583996539428686         -2.058035223802312
4.58774374588015          -2.0713608710650213
4.603846210887657         -2.127659861656027
4.62497431498054          -2.2021470689413003
4.63284371609387          -2.227230319460591
4.644443734710381         -2.2615717074715587
4.646288955184936         -2.26658101251423
4.662039251602572         -2.306043913466299
4.686827275742118         -2.3562032170259952
4.726720020149415         -2.406247459647034
4.737576891380085         -2.4147065085939983
4.745133521952938         -2.41944104166798
4.750374321081606         -2.422168779766011
4.764870558389637         -2.427342636538384
4.786639840492182         -2.4248655834325805
4.787016222124065         -2.4246996709922835
4.787893688091867         -2.424296629374533
4.788330293499803         -2.4240876135989935
4.807145439115347         -2.409731325940401
4.814214800374943         -2.4016351318927125
4.820816040333121         -2.3927424475520502
4.834050104775119         -2.371038198425987
4.837633995625808         -2.364270458597543
4.84175796166046          -2.357369404493109
4.850326976679544         -2.3420827985652264
4.86815237773144          -2.3061860650433657
4.887496634278599         -2.259685574382699
4.89073441530834          -2.251550148765182
4.9091409147620855        -2.2033812421634007
4.916214580987228         -2.1852276418283587
4.927393856788141         -2.15437915032494
4.927524096767351         -2.154004181239648
4.928730989012223         -2.150512392795669
4.940627346589327         -2.114444931680116
4.944110736182112         -2.1033172871100216
4.952802622695367         -2.0744317803849217
4.96043206809573          -2.047759906526231
4.970441300518461         -2.0122214869084827
4.979272766237053         -1.9812370164996311
4.990612862991156         -1.9419629240576857
4.99440985649101          -1.9289413894878922
4.996324511315147         -1.9223996724111165
5.011474981234701         -1.8712140861342295
5.027722027982198         -1.8174648561999418
5.028744035970221         -1.8139572857026884
5.060913273668438         -1.7025295125651159
5.06182218861115          -1.6995384540041194
5.062096729081178         -1.6986341944335495
5.063501123662979         -1.6940026953009175
5.0820663654553995        -1.6318626309134814
5.10193693751209          -1.5657028212528594
5.104465948696927         -1.5574247294470522
5.110707735233496         -1.5371313494402543
5.112914337310347         -1.530004058755778
5.11505810691133          -1.5230589199995395
5.125917663556627         -1.488375844119967
5.152846205159515         -1.405963935081609
5.153712570538876         -1.4033975207193479
5.155440476467756         -1.3982948081625963
5.166916268764618         -1.364940295716324
5.171970782764347         -1.3505442361390458
5.1813752696999895        -1.3242387666993964
5.195052090245469         -1.2870974114998817
5.212535832489129         -1.2405832696622086
5.232376322995476         -1.1905987908842752
5.24220695539565          -1.1665682805012458
5.24962010257272          -1.1487697323805204
5.250719757994407         -1.1461299768655524
5.251299629102876         -1.1447410453507558
5.2610796279477           -1.121634583612831
5.270426063469607         -1.100115299983277
5.288136574172777         -1.0608472414702639
5.308447108400638         -1.0182456913411735
5.3124964534322165        -1.0100627181550659
5.324696351569919         -0.9852919923449434
5.337700159526911         -0.9599372812392346
5.3546629816019085        -0.9285272268196472
5.355782839406382         -0.9265040135270861
5.356104401716744         -0.925924099882323
5.373147412514001         -0.895854422591122
5.380489066642222         -0.883304196002164
5.388716445581311         -0.8695281771383871
5.398494750031448         -0.8535515634590274
5.404093998025435         -0.8445968454015652
5.4192356616394495        -0.8210880915706206
5.422356516167147         -0.8163705730339479
5.422532491791571         -0.8161039760012305
5.443556949937346         -0.7848742211881877
5.466322269675975         -0.7533976505232122
5.467636517886013         -0.7516269990450043
5.496119766155501         -0.7144993562844753
5.499156865897197         -0.7106584886052292
5.500914812069603         -0.7084488802795498
5.521602602981245         -0.6831938296705843
5.532507959465389         -0.6704358603318121
5.547149390813407         -0.6539096286329722
5.562378976497036         -0.6374523127822719
5.571870872044108         -0.6275732066436656
5.577547784769932         -0.6216499485203051
5.582957913588562         -0.6160927297146331
5.587999575945532         -0.6109910206772239
5.6094229965808795        -0.590063142210519
5.610371292193383         -0.5891602757241036
5.633393841276906         -0.5678518067780297
5.642355360968454         -0.5597633125654039
5.652265439230471         -0.5510235143004663
5.657459138349054         -0.5465290606858932
5.678093401939221         -0.5293294755904574
5.680879052921053         -0.5270620094330675
5.6836345980573935        -0.5248318040620229
5.686385883095397         -0.5226177031141924
5.687377680319362         -0.5218226539361926
5.691667707170921         -0.5184025910224486
5.6946732619915315        -0.5160248425174867
5.710747810674375         -0.5036149190704755
5.732369340412748         -0.48759794306175697
5.736778231582632         -0.4844238928331252
5.738530133086528         -0.4831696369135202
5.7596313206482055        -0.4683740297235269
5.7830793135892815        -0.45260782216151946
5.789549593841489         -0.4483823408692183
5.795755194994793         -0.4443805348386955
5.79647889876756          -0.44392013182612555
5.8058226429468744        -0.4380333956642739
5.845546248617343         -0.4141988259610348
5.8462455575594205        -0.41379652173202
5.858419116924353         -0.40688905617819704
5.860027773498419         -0.4059898389122835
5.904404699562878         -0.382053108142467
5.908560305721953         -0.3799040289986388
5.915181188516927         -0.3765127296806541
5.926559750902335         -0.3707797955239267
5.9361264731733945        -0.366047046386158
5.943448739258857         -0.3624785381567703
5.956060250210425         -0.35647787130679015
5.963480394465462         -0.35300777190713023
5.973877003939345         -0.34822105909568646
5.979650010616498         -0.3456010798675967
5.99670671538274          -0.3380186078835432
6.001030701377706         -0.33613401285805405
6.013483229130092         -0.3307916100517371
6.046205502332135         -0.3172492242112968
6.051970648217684         -0.31492706742509413
6.0538036252927245        -0.3141927626110106
6.062147941494827         -0.31087438199536105
6.077661976318762         -0.3048111596789056
6.083478599824221         -0.30258230720973034
6.084314121873426         -0.3022642916470135
6.096164690363645         -0.29780301006321686
6.1009646980879415        -0.2960221854754361
6.109885928128598         -0.29275248614082167
6.110979290581798         -0.2923553488956812
6.125214461667261         -0.28725628200548287
6.125835369816552         -0.2870368945141902
6.133625101031281         -0.2842726154770892
6.151376473529341         -0.2781059855467467
6.152264668086089         -0.27780187012766056
6.1692411051688545        -0.27206838741718525
6.174305366849177         -0.2703871756474909
6.18594470357323          -0.2665946002039897
6.199849728539616         -0.2621395938179845
6.2160068572276534        -0.2570667263559181
6.219478083376918         -0.25599140721728053
6.226047429272757         -0.253970430640614
6.238193011371493         -0.2502825178054387
6.2458562489218385        -0.24798803925606586
6.263918918060335         -0.24267902322674534
6.264470076873117         -0.24251921555109837
6.264624155993335         -0.242474528812893
6.2904347106110885        -0.23512233909251617
6.295856282851855         -0.23361172566184712
6.298097999352908         -0.2329905381869168
6.301586449047701         -0.23202675503901737
6.30774834014378          -0.2303360882260406
6.322936942476839         -0.2262260235375974
6.327094648983526         -0.22511587996196528
6.330273305260638         -0.22427148252521623
6.342395227997155         -0.22108579026871594
6.3483846049145916        -0.2195319043570274
6.348473940888017         -0.21950882786497133
6.348769543729437         -0.2194326267583279
6.363399920244635         -0.21569605691522883
6.380807528989199         -0.21133926426425484
6.384002968574648         -0.21055002197884193
6.389214686271365         -0.20926977701936156
6.394457845920701         -0.20799056376409308
6.411141776705468         -0.20397848977006158
6.412834689699067         -0.20357675831525307
6.413411242358025         -0.20344015469629512
6.425599423691968         -0.2005777634895082
6.439434966061276         -0.19737165497148937
6.445389063569338         -0.19600644954779362
6.459596460717945         -0.19278620992594586
6.465185965607567         -0.1915337254955996
6.470839579711748         -0.19027516427475302
6.479321975539675         -0.18840622118213518
6.500141000030681         -0.1839008629793249
6.515885936972943         -0.18057070572366377
6.516749795096233         -0.1803899165438878
6.519520652174858         -0.17981137799236943
6.522123007044107         -0.17926989531537893
6.534347587927415         -0.1767505629756395
6.534635581075368         -0.17669171907968817
6.534701674330729         -0.17667816888760712
6.535157371339145         -0.17658521367474658
6.5532393884154985        -0.1729299136773165
6.556365542314042         -0.17230475412914154
6.557949902371325         -0.17198868321515118
6.580234034079854         -0.16759764464694224
6.613022910383144         -0.16132176796320957
6.615328377691463         -0.16088819413040953
6.622815852754375         -0.15948751012706994
6.62651729826871          -0.15879927937844432
6.629369988217879         -0.15827075850994635
6.643088880493188         -0.15575591917251766
6.685807630766731         -0.14816078650780068
6.6928449045764165        -0.1469438381550544
6.715128081217462         -0.14314347821398102
6.735894121003381         -0.13967321981951908
6.742363677248582         -0.1386084033001925
6.74924354634515          -0.13748321003050293
6.751607619927693         -0.13709827176499467
6.758318846640277         -0.1360102393021048
6.787186294360556         -0.13141023929279047
6.7909693245524085        -0.13081704130492927
6.800586650330621         -0.1293190383959053
6.809788580303165         -0.12789923119147964
6.811611250836229         -0.12761956884607853
6.821767563317859         -0.12607070972867188
6.83188584564634          -0.12453705897202437
6.837675215509116         -0.12366619084359531
6.839438202674169         -0.12340195276956104
6.856937191120856         -0.1208029087165958
6.870333381893089         -0.11883837024943772
6.873563835390037         -0.11836785077312234
6.87385116566451          -0.11832606485577299
6.878624574422086         -0.11763407058855085
6.879942303098894         -0.11744354655120844
6.905705050383501         -0.11376254854620732
6.910149518119319         -0.11313597056143071
6.931271225491781         -0.11019223629646774
6.935725884599606         -0.10957856142665881
6.940227684700243         -0.10896093028533138
6.942881475082289         -0.10859803483443019
6.945909664732481         -0.10818502475675276
6.946739501797285         -0.10807204608468182
6.947499034698374         -0.1079684397894145
6.95256464638681          -0.10727905772353775
6.978732792604598         -0.10376234313732606
6.986669293207322         -0.10271059214854605
7.002887760166724         -0.10058181518257063
7.006382051229983         -0.10012677286659709
7.006956382923189         -0.10005210312344642
7.009150390520759         -0.09976717476428176
7.0158552784909           -0.09889955680693571
7.023516387743628         -0.09791396407150993
7.028991281684023         -0.09721321330767146
7.040252040590501         -0.09578160619415686
7.060805461171048         -0.09320034941430094
7.0857985178969844        -0.09011180228171624
7.089914173662504         -0.08960849600708316
7.09217531867845          -0.0893326158704737
7.106580107509084         -0.0875857036878914
7.132834854258307         -0.08444484919582589
7.133533209038331         -0.08436212208315255
7.137647318290759         -0.08387562408892776
7.150881912865588         -0.08232058499513219
7.152527860327275         -0.0821281374154897
7.15826135132334          -0.08145934900522003
7.180260032632675         -0.07891612073015294
7.1858402003375605        -0.07827667594505106
7.1977778066754805        -0.07691574616834268
7.219250132294141         -0.07449193781956388
7.2195503978134274        -0.07445832026266286
7.2235338980613175        -0.07401289864604205
7.237665826782353         -0.07244124729827991
7.23832017202226          -0.07236879824054034
7.261498830132837         -0.06982087261401253
7.272829254404195         -0.06858840333370916
7.279167772524667         -0.06790245520565565
7.280050598780479         -0.06780711350299161
7.285602323974427         -0.06720865258256266
7.306430043445488         -0.06498044805005768
7.308236734393897         -0.06478842633026918
7.30890989792565          -0.06471693160114633
7.319636161977582         -0.06358150248793004
7.3198029848203445        -0.06356392554324106
7.348911048687039         -0.06051750030308278
7.350068579687218         -0.060397196315676416
7.377917445831048         -0.05752224047952975
7.394090835021903         -0.055869710002072435
7.39510067514936          -0.055766945846071135
7.401414588281232         -0.05512557363472638
7.421154144407902         -0.05313494597751447
7.425735553823351         -0.05267575082346848
7.438701865412426         -0.05138188479036117
7.439664837921103         -0.05128613180413606
7.455029000311725         -0.049764737323886886
7.458013260644293         -0.04946985752980491
7.46855261053682          -0.04843127747392613
7.476433668184992         -0.04765818821717438
7.477547324371225         -0.04754914982850308
7.491408828632562         -0.04619621995082279
7.49272282622757          -0.046068377964617345
7.496567124415154         -0.04569476332321374
7.5028998854168645        -0.045080623946294286
7.515010493084704         -0.04391026361965
7.527109890685205         -0.04274783634629427
7.532612339416354         -0.04222073475215668
7.538936614187956         -0.0416160933379031
7.5428065041374746        -0.04124673257097366
7.548493394878178         -0.040704810491228254
7.557688301475793         -0.039830768420044814
7.576963260503611         -0.03800724754825987
7.5918021339162856        -0.036611433669623175
7.600366109866884         -0.035809044511248556
7.604102053482404         -0.03545973951013133
7.609887511171993         -0.03491938959342639
7.636248673334838         -0.03247059381691398
7.637177614522512         -0.03238470886643602
7.6383452747767935        -0.03227689476449689
7.638775789832916         -0.03223713621503887
7.658435673019481         -0.03042591597763243
7.673886884026228         -0.029008463758584496
7.689007955983622         -0.027626438168430467
7.692111150121761         -0.027343443380642464
7.695116367406484         -0.027069579687194575
7.695773910135058         -0.027009686734211284
7.713675461056052         -0.02538304146086663
7.724090234347817         -0.02444018457546807
7.7248335096288105        -0.02437299358062908
7.752470314189286         -0.02188395859409585
7.756710800094128         -0.02150365190580438
7.757786236866994         -0.021407080905988543
7.763184232352957         -0.020922638351312285
7.776400797439256         -0.019738499319183034
7.787560468660062         -0.018740593973551444
7.794011601462454         -0.018164377999308937
7.802273118171405         -0.01742715232538586
7.804165252722481         -0.01725841528081595
7.809323183721714         -0.01679942782778445
7.815610919731069         -0.016240336652853127
7.837935114173816         -0.014259171482930879
7.843931821527929         -0.013728016504965452
7.84552975304581          -0.013586553794849337
7.847088738990019         -0.013448568559179473
7.852139288970144         -0.013001747639061836
7.875003188814159         -0.010982832361984237
7.884914477335044         -0.010109793656454882
7.886216864655584         -0.009995165205677241
7.889463852835692         -0.009709478229237848
7.889744240060672         -0.00968481457545516
7.890385483788091         -0.00962834187104731
7.895356774017338         -0.009190568438929953
7.897830228385032         -0.008972730968170736
7.939293992251856         -0.005324508121222009
7.942140872930419         -0.005074265135022481
7.94342691661367          -0.0049613203122344665
7.945323204051707         -0.0047947948979711556
7.962908768902766         -0.003251236998076637
7.968667384574651         -0.002746072028048421
7.980932430521033         -0.0016706224422489689
7.985498625591221         -0.0012703504211562457
7.990154491838062         -8.623479692455643E-4
8                         -2.1527592641936835E-16
