0                         0
0.011921975204473327      0.0010551185715179808
0.019045730120355816      0.001685826943617303
0.022658700134000613      0.0020057738079215233
0.029676518309460213      0.002626296898697757
0.03067578091488501       0.002714680597484464
0.05547704197526544       0.004910547143145528
0.06438965591772433       0.0057006999527077435
0.07484759639082662       0.006628557930414234
0.07897799530718039       0.006995227789510199
0.0909023234530664        0.008054456533440774
0.10612061170144815       0.009407719396902115
0.10881080504753202       0.009647107978942223
0.11452058365517603       0.010155362825156895
0.12263389849519743       0.010877790216254858
0.14393130146905694       0.012775383711771646
0.14864472194368375       0.013195621007204509
0.15051758409128585       0.013363069402648736
0.1652327256486339        0.014680378369762275
0.16969440301210115       0.015080316925081641
0.1773776719019448        0.0157689064582892
0.17809035297153775       0.01583282043360396
0.1790847552468915        0.015922011404037727
0.1855399469742644        0.016501335636565206
0.19644738634694198       0.01748151299929571
0.2007478081897379        0.017868447166676606
0.20511504587287177       0.01826167358557507
0.21198281135179523       0.01888061935433213
0.22252775859454688       0.019832325237807424
0.2316780778782687        0.02065949786296603
0.23831522962727603       0.02126026089185863
0.24030554590271247       0.02144058982039042
0.24156800110298282       0.021555015155782464
0.2465835921884461        0.02200994307955707
0.253131128676805         0.022604613876046842
0.2562153186101797        0.022885041533484068
0.2686933792552183        0.0240216291870873
0.28303228437712585       0.025331733845113304
0.28886190252665445       0.025865598057689558
0.2967826766543647        0.026592144411689507
0.29898788578344493       0.026794668280077382
0.31543537678441347       0.02830856331239107
0.31916812865393895       0.028653044408132548
0.3209864050858383        0.028820967060638865
0.3416906002778745        0.030738645526305845
0.34288615956562385       0.03084969538672206
0.344146338785867         0.030966784593208205
0.3452502110945102        0.0310693818754464
0.34634669229702614       0.031171321133508734
0.35813185600457165       0.03226880160968448
0.3708321434826257        0.03345542630865929
0.3749804122507448        0.03384410783153145
0.3820201131228673        0.034504944581737626
0.39376625918081526       0.035611051312614835
0.395052385947791         0.035732425834834144
0.40572895069971154       0.0367420001576336
0.41626461894612266       0.03774186089119141
0.41655558210462773       0.037769523938974855
0.4264957525362117        0.03871620615858774
0.4298656320644264        0.03903786568191065
0.45106286396688483       0.04106951584878854
0.45210709278936784       0.04116997225384409
0.46231367065368834       0.04215370098012895
0.4638931016121258        0.04230643291138357
0.46734592983870304       0.04264063761182794
0.4737848509872646        0.04326442100324807
0.47808226828565903       0.043681692676472546
0.48679913834301447       0.04453063745634084
0.4906753618720746        0.04490912049219837
0.49858855638178423       0.045683643243292174
0.5088596947681091        0.04669231057377638
0.514956911922524         0.047293118282529495
0.5231309754482092        0.04810095450922595
0.532550336922351         0.049035243833819506
0.5428214753086759        0.05005814589576879
0.5489186924630907        0.05066740371449147
0.5702356934684106        0.052810000313040756
0.5747637273098714        0.053268111876844576
0.5763937013415062        0.05343327684724242
0.585585592513859         0.054367234072839075
0.5938809744460294        0.05521377967081144
0.6134279754647758        0.05722210091649899
0.6305904064144133        0.05900110437090517
0.6314496722860283        0.05909060523185915
0.6421455153976965        0.06020769893564057
0.6507317400003207        0.06110850310135343
0.6586622645341221        0.061943714644439235
0.6623375653470805        0.06233182444109375
0.6687678647768366        0.0630130284362384
0.6912817389074644        0.06541785426935917
0.6940911428274982        0.0657201013259793
0.6962022165130239        0.06594768570690472
0.6973169374101579        0.06606797050016344
0.7139637799084771        0.06787349150882345
0.7187614166925274        0.0683970565059335
0.7286701640975081        0.06948294529377028
0.7469290992907276        0.0714999789491391
0.759351628375649         0.07288417401607702
0.7607982125390762        0.07304602106529987
0.7610977073226857        0.07307954489502011
0.7629739871951163        0.07328966241084742
0.7633344657771503        0.0733300618341798
0.7780805705664905        0.0749872888531804
0.7871987253506253        0.07602064693854914
0.7879494774054328        0.07610602307688541
0.8081382135206574        0.07841865493910333
0.8106906352669287        0.07871333657268705
0.8201382745866159        0.07980857602294489
0.8420032580416442        0.0823704558925835
0.8571069575335024        0.08416225520976707
0.8659090460529998        0.08521481310479175
0.8769420833960817        0.08654282109255187
0.9059259455167963        0.09007746876376654
0.9061678861324873        0.0901073533591585
0.906356887466542         0.09013067943456043
0.9354274966483817        0.0937573310128637
0.950255322630902         0.09563755684240864
0.950278467938487         0.09564050823103734
0.9503260560701988        0.09564657662326734
0.9505882047290489        0.09568000945656222
0.9683086122656451        0.09795528392980851
0.9765925793536362        0.0990291146799226
0.9767339160514751        0.09904749209801059
0.9830126117906963        0.09986578973624584
0.9830551418010132        0.09987134534651919
0.9885852064248275        0.10059518314791888
0.9954758289418276        0.10150115135423173
1.0031542987711333        0.10251599176861896
1.0080458660342868        0.10316646310486019
1.0083752709054492        0.10321035639090043
1.0138270434918384        0.1039384494919252
1.015965230457474         0.10422424183563725
1.029591163495685         0.10605874506961395
1.0489524144575157        0.10870479889606709
1.0528181582103382        0.10923865766966558
1.06224790983812          0.11054863692890282
1.0754687077316554        0.1124033681721564
1.0808976032216382        0.11317115048677197
1.0882468286183256        0.1142162371820063
1.0923616190853518        0.11480443810877991
1.124809583012087         0.1195150871094623
1.1269304654425247        0.11982745392946516
1.1295047766972328        0.12020706403654793
1.1296669682785647        0.12023100624220137
1.138571640191435         0.12155008757139933
1.1471327177346342        0.12283023331149208
1.1536574626319116        0.1238132087899922
1.1671955512037493        0.12586911601175538
1.1788696151022484        0.1276646844061094
1.1809649213495108        0.12798918842247198
1.2050513889108605        0.13176821417709372
1.207144555380197         0.13210085233687502
1.210442892292368         0.13262594986747075
1.2260177993327375        0.13512832224653468
1.2268788362195868        0.13526776183173583
1.255444641533673         0.13995912162888285
1.255612205894367         0.13998701475379194
1.266761564375009         0.14185276342395273
1.2817701857154862        0.14439482632262618
1.2940713666779402        0.14651370289513233
1.2947593980754075        0.14663300487071002
1.2975468622926367        0.14711719528421774
1.3081110032472856        0.14896112263320443
1.3105330203689989        0.14938685300682664
1.3118909080950802        0.1496260217475128
1.3121337181468602        0.14966882538308804
1.338065821782878         0.15430478978080114
1.3567156475003648        0.15772419651800315
1.3718360713537119        0.16054889178473053
1.372060235948897         0.16059112166166298
1.3721457618305666        0.16060723641302146
1.3731918996498371        0.16080444984733633
1.37602460346779          0.16133955078598308
1.3762502947804296        0.1613822527113632
1.3763786904691566        0.16140655033513035
1.3787634791453511        0.16185844367926555
1.3792466522547493        0.16195013778180875
1.412994236643563         0.16846935980126582
1.4159427636724704        0.1690509557840686
1.4217476646039917        0.17020191409193333
1.427905505135353         0.17143146746143192
1.429700577896676         0.17179100611270173
1.4318252625359487        0.17221757713166996
1.4441677465749396        0.17471730185282458
1.452838540118961         0.17649557720446235
1.472666622271475         0.18063086228824113
1.4796303968330344        0.18210591668350262
1.4805827854179543        0.18230865904734456
1.501328076746329         0.18678485588495133
1.5191814532432921        0.1907241019049532
1.5196676254014163        0.19083263294578048
1.5272435515330456        0.19253248176347126
1.5361300869526846        0.1945470710071728
1.5425852370455768        0.19602445604414212
1.5431041191224182        0.19614372351754147
1.5662376876074546        0.20153840080385924
1.5707852457476674        0.202619798531179
1.578319307572177         0.2044250539672805
1.5929786012749827        0.20798648067853506
1.6006942099474761        0.20988560586719462
1.615317610892074         0.2135346171485324
1.6153395044678514        0.21354012898466576
1.624455109616281         0.21584911021492623
1.6244921437974587        0.21585855171400917
1.6342046724100214        0.21835163558058832
1.6441058461114655        0.22092794586740433
1.6441482832237808        0.22093906373613678
1.656115810435975         0.22410012994435893
1.6599818484929023        0.2251322638756062
1.6666259368166223        0.22691858136527618
1.6768405337412207        0.22969572120963477
1.685572133333817         0.23210049444519784
1.6883932189356132        0.23288417592999403
1.6958014857967834        0.23495778782865326
1.7097967601225759        0.2389369489747748
1.7142804185350518        0.24022884749478152
1.725145638140176         0.24339428736048516
1.7345905503050918        0.2461843619101253
1.7377614499387413        0.2471287864211655
1.7392837189319112        0.24758366605745513
1.7416759510844835        0.2483004521295076
1.7427841107872757        0.24863329715015392
1.7444755106347132        0.2491423076214611
1.7448519112561205        0.24925584556944588
1.7660384479879885        0.2557503779249658
1.7743751015121139        0.2583666992972148
1.7820892541987556        0.2608105400541001
1.7841084970785754        0.2614517203198293
1.7981827963444184        0.26598411114353454
1.8057806198247506        0.2684768849437599
1.808866831758655         0.26949865782548243
1.8165299097642365        0.2720587476499407
1.825229140945178         0.27500478067614426
1.8493150416518487        0.28337480877870674
1.8508900611211079        0.28393245426535196
1.857148577472334         0.28616083300823486
1.8717980510636731        0.2914550256263845
1.882441342292438         0.29537012029671067
1.8871640179935387        0.2971258588678003
1.8891147601575484        0.297859874172997
1.8966216130925715        0.3007064381176444
1.9018430382827267        0.3027069010360722
1.9035164688641528        0.30335159846168885
1.9113173461716113        0.3063688671735268
1.9200859152333076        0.30981119166809556
1.926347331240859         0.31230215245992526
1.9524138137453315        0.3229772631071179
1.9534423300131474        0.3234084148490761
1.9548031408944595        0.3239800234204179
1.957141728125906         0.3249654325443221
1.9581777851733047        0.32540324230263346
1.986707114768389         0.3377598059931538
1.9896587715217995        0.339071362945238
1.9989997827481976        0.34328499184064326
2.0059527795448533        0.34646006710069394
2.007527490896807         0.34718117037621204
2.021244565379836         0.35355920932297824
2.0315413739017005        0.35846081731963747
2.0398775954986377        0.3625006694311045
2.0605190432291476        0.3727793184040555
2.0623695172036234        0.373722048085695
2.0691442861285028        0.37720165926851984
2.0694065137598523        0.3773372328913219
2.069922507331963         0.3776041990616783
2.0709974061672476        0.378159321500764
2.0858309109761084        0.3859397869881828
2.0927059522391707        0.38962166781618973
2.0974439043856017        0.39218698487723375
2.1102205339898434        0.3992183958326332
2.113467786179491         0.40102880104017147
2.139380408560696         0.41594197856620707
2.1449983556169268        0.41928454432097373
2.149110900708715         0.42175612641978816
2.149242038814351         0.42183528208921256
2.153784835112239         0.4245904442639791
2.154053087927546         0.42475393361227365
2.1573572793602125        0.42677499193961244
2.170186286437761         0.43474569849959294
2.1891413315717543        0.4468732682588358
2.1945927647347996        0.4504662547839737
2.2126159991513434        0.4626523014305423
2.22455156277369          0.47096942287273846
2.22472059717129          0.47108860940749
2.224930919746423         0.47123696282116745
2.229501081198312         0.47448039317286506
2.2295763239431605        0.4745340750681396
2.2449740590033906        0.48571202747761566
2.245981756134934         0.4864569166002399
2.251172531593979         0.49031992417195347
2.25364831522697          0.49217774963445354
2.2553716934956776        0.49347681641260177
2.2558191977349322        0.4938149257329547
2.2775200147778154        0.5105990932385109
2.277612606176723         0.510673143530123
2.277962842203874         0.5109533963226398
2.286070290812579         0.5174970446090418
2.289062847115143         0.5199424636834129
2.306505740497534         0.5345190135627127
2.312765611775007         0.5398845800310078
2.314795944276806         0.5416400950649551
2.3153341261637532        0.5421047909656429
2.3209713751214394        0.5470097624038285
2.3415919182168987        0.5655343296329347
2.3449708607688073        0.568657079648469
2.346815212446537         0.570371958225715
2.349282494846513         0.5726774849867265
2.364084253404317         0.5867838887593098
2.367466797571098         0.5900737154150341
2.3782962987293215        0.6007719881837457
2.381278589938707         0.6037985912679444
2.385588391793422         0.6082174819801648
2.404992223023006         0.6287720792907007
2.407770380565464         0.6318033402786236
2.424224830160218         0.6502105282761285
2.4309194230407134        0.6579890218754095
2.4369841899331277        0.6651252642376833
2.438619139464817         0.6670685130260733
2.441434649375565         0.6704342972346757
2.461391238844448         0.6949934016175503
2.465499024679273         0.7002012741455046
2.4662116995719527        0.7011101147822126
2.4665379182334015        0.7015284312179471
2.4688812112046525        0.704547530093269
2.470295895003868         0.706382319063005
2.4746790522485416        0.7120558609497534
2.4924538584598572        0.7359049322398745
2.495412002340877         0.7400050039746159
2.5081610079322756        0.7581033052858431
2.50856738657487          0.758691615808168
2.5087004011194964        0.7588843329889203
2.515589108626834         0.7689683272160361
2.524768227437819         0.7827202217345122
2.5364445010553576        0.8007335253824445
2.5468388781458717        0.8172593265432322
2.547712678322865         0.8186695983657906
2.5501503243275407        0.8226210881331883
2.5555875897943037        0.831617820271795
2.5615308278100333        0.8414349919140056
2.563449599124202         0.8446588908105098
2.580703471114913         0.8748422394264574
2.5880220313716413        0.8882939527447083
2.60323500187015          0.9165235067615868
2.603709068561832         0.9174331495887745
2.6076102913701598        0.9249875958231953
2.6204159025319775        0.9506464743418575
2.6214272508765992        0.9527292177583866
2.6345886807721817        0.9805848251655019
2.6387543823928197        0.9896648116565757
2.6431661871851184        0.9994007247929969
2.660541157721031         1.0389389187167903
2.683153114724142         1.0932494636529273
2.6860626174013835        1.1004721301130207
2.701503582019829         1.1413110648028317
2.701721418847234         1.1418995008995039
2.704258631107271         1.1488606676470965
2.712947556082483         1.1730857209135566
2.7148820642966176        1.1785605024589385
2.7240064095207814        1.2047821547293482
2.7258656937989354        1.2102061751535742
2.7278568355058637        1.2160451875281932
2.7407149189456033        1.2548678484781346
2.7497973957107877        1.2834830517350388
2.7583477701927124        1.3113335039364926
2.7856713123274424        1.4068145856343697
2.787004028387233         1.411724274356921
2.7870465058835268        1.4118811465757315
2.7892068568844017        1.419890938010175
2.7944036741972975        1.4394116847581464
2.796225297527608         1.446257662915619
2.8166783166512688        1.5261748401059687
2.818479768384578         1.5334822446666843
2.8364774256387832        1.608874386063402
2.836986533246326         1.611070137751395
2.8399806936220613        1.6240540283324048
2.8775557574204242        1.7972039555850798
2.8778040803241454        1.798453716365492
2.878513552546513         1.8020308682540462
2.8880194545674933        1.850890749305354
2.8893921199147705        1.8577206624007898
2.892860026420455         1.8752197807250868
2.9040208019185583        1.9375763361282896
2.9164396542637454        2.006499278745937
2.92272881836211          2.04367749863389
2.939190733635761         2.1276750408298657
2.941573697645551         2.1403680121206055
2.945301770441242         2.1633224869884877
2.951342019962687         2.2007013289788526
2.955747311181312         2.228109062829459
2.962887326847203         2.2727934532534504
2.976841217916346         2.3610582144288728
2.9920175388782457        2.458462838150532
3.0009340184319453        2.5163744728710453
3.0171226765023413        2.6228120440243945
3.0189001741074524        2.6346004446252436
3.038733307315249         2.7674986997776205
3.051927262669915         2.853370805113176
3.0522691980280086        2.8555520133872307
3.0540321482980977        2.866762402553568
3.0585474308857523        2.8952034684472583
3.0600069136800485        2.9044163740702387
3.0601442689003275        2.905282930949904
3.067048202641547         2.9487302788448644
3.074212578380097         2.993591238379422
3.0823410082517113        3.044210818545946
3.085538636307032         3.064042976195601
3.09758075386757          3.142083284351885
3.0998488963144313        3.156814047273037
3.10481541694568          3.188466873951332
3.107278507643832         3.2011538222771247
3.1218401174711308        3.272669047426769
3.129902293154279         3.3192557339733084
3.1358660153890523        3.3517974358871516
3.1471425870822056        3.408868613489093
3.1584581455649037        3.4572688261780535
3.15859925515276          3.4578329569422896
3.167099305653935         3.490022748116053
3.167831194411151         3.492629582703583
3.182239462474707         3.538627023078118
3.185724704041811         3.5482320221446266
3.197569292039975         3.5764449068761515
3.2032320452250613        3.585671618199206
3.2050516740185984        3.5884390916885236
3.2100437200856353        3.595538552636151
3.2185312848983           3.6093718121586993
3.221455107768118         3.613238125867591
3.248792424103982         3.6270972616935153
3.2536022911326183        3.6253694007096446
3.255377642878227         3.624416622397266
3.2859397552217517        3.5813852442209986
3.294402733709051         3.5605703641173307
3.2966042252683585        3.5543018703652827
3.2990801509122205        3.5468958027162154
3.3033744045146047        3.533156601942554
3.3061697577898315        3.5236035690972445
3.3095940564326836        3.5112086554357953
3.3259759562343567        3.447560705858255
3.3345761829563036        3.411265795246602
3.3391357175879777        3.3912189962177908
3.345273224653196         3.3633540686678494
3.3501049077105813        3.340707086878551
3.3568065740730657        3.3082587921598696
3.3601985231483846        3.2913765101858017
3.371737039295177         3.2256802909851974
3.371841917539534         3.2250524342171007
3.3741297218592807        3.2112187288403846
3.3811815155009137        3.167308811104289
3.3813829482774542        3.1660430139146545
3.3945570827453526        3.0818676518760406
3.4186088117924123        2.9211302699111736
3.4369602088719935        2.7923519660974048
3.447801776788091         2.7117248754888594
3.4500929662608115        2.695615716727112
3.458350709188948         2.635726271212703
3.462227112436915         2.607357566710803
3.4631313596558524        2.6007226106294814
3.4715542496516303        2.5386030758506553
3.4771911893036247        2.4967111872224192
3.479822000631629         2.477072318314972
3.5012115731185247        2.315332439574174
3.509124120518366         2.2562461620783236
3.5094106709340136        2.2541178184277557
3.5106296311338943        2.245072973700637
3.5163322440715574        2.203968759398871
3.518914111019325         2.1854163549418533
3.5267564441094885        2.129284176627875
3.5276437623359733        2.1229539763373078
3.5356215302395446        2.066230362053141
3.5356571518350255        2.0659778535876727
3.5370934187503886        2.0559472844691395
3.5411648758908507        2.027677412912362
3.557022542766413         1.9198860564047409
3.557374683502841         1.9175342225062937
3.56217605371763          1.8859351782212626
3.5621894923748907        1.8858470041628668
3.5646564588598553        1.8696861372964246
3.566946772477948         1.8547278341640834
3.568025183881383         1.8477904275098245
3.5816040720657103        1.761304540418351
3.5930189141292646        1.688821075623696
3.5957885683083495        1.67150583388606
3.6125536497370647        1.5689608084392277
3.6254344350731667        1.4928170107458003
3.628098497683064         1.4773551913147982
3.6288602615104493        1.4729520881645832
3.648245304431796         1.363606491771454
3.6505259043246454        1.351084203979972
3.6513212639174917        1.3467339845305197
3.651409360168877         1.3462425709583556
3.6523014189272183        1.3412734664161272
3.674052218140152         1.2240154313826332
3.6772086525662764        1.2076220697993603
3.6798346296803737        1.1941040172446582
3.699429971870902         1.0966807594898855
3.7016433920898106        1.0862543514667047
3.702789081989885         1.0808951631340087
3.7115614525876808        1.0407114420840928
3.712057525231821         1.0384142780587164
3.7256789632815424        0.9763049707257307
3.7397572805597825        0.9146498579080048
3.755005927865405         0.8496544018682999
3.75512918962594          0.849136577217167
3.7574813621401306        0.8392783042844851
3.7674399201129063        0.7980300044381685
3.778149534432219         0.7545543732197947
3.785711696695496         0.7244073498468545
3.791056726636211         0.70333255443693
3.802552136945642         0.6588001471006855
3.8169233928248363        0.6044155056451914
3.835141841985548         0.5375845787892908
3.838883596135266         0.5244581355288347
3.8749644038121773        0.4010820838137151
3.875197493702702         0.4002964551653808
3.8773319157375052        0.39310920362235635
3.888322572647124         0.35622773206136854
3.8898614265327716        0.35109081814675286
3.9255870209982167        0.23370039242628693
3.938663695004868         0.19162668884094552
3.939529248116271         0.18885872555060187
3.943031411639048         0.17768056064105414
3.9474686918846045        0.16359260327925396
3.9483292425623877        0.16086737181561317
3.9905854179285307        0.02982119658632313
3.99128835147372          0.027614201428259356
3.9953219905480557        0.014951912607696549
3.998469674803932         0.005025443719468759
3.9999544786433967        3.419178978873987E-4
4.001269417778184         -0.003715099247042313
4.026275329794098         -0.08134887714278032
4.030506271695908         -0.09457498768096834
4.0331548214845565        -0.1028678243946208
4.037513528567969         -0.11653769438400803
4.061842741900911         -0.19335100734656976
4.0619542493879495        -0.19370506125190906
4.064737753240318         -0.20254903190871706
4.0723282760319925        -0.2267239569012958
4.07507257849254          -0.23548502424788553
4.097410154007727         -0.3072073801674427
4.0980577162163465        -0.30935990232317834
4.099064041036532         -0.31270828097357506
4.10987125399417          -0.34875951456603604
4.113234575021835         -0.3600426582347208
4.113799937305882         -0.36196849689598076
4.114933592653279         -0.36572224226105665
4.137578509680482         -0.4422327493777853
4.139427457482626         -0.44860839234034794
4.153054896683952         -0.49619812407536484
4.156963271118883         -0.5100415521467139
4.174193604025015         -0.5721054454878702
4.178004038133592         -0.5860583324356511
4.192309856062024         -0.6391786677553022
4.197566920887249         -0.6589912093445662
4.210808698369547         -0.7095916492814726
4.221110255664756         -0.750907815700525
4.224476956593839         -0.7645553170261461
4.2278265729010025        -0.778216959628975
4.230337047730224         -0.7881831688871009
4.2375914577832665        -0.8174082696467844
4.2567903670373175        -0.8978084336819672
4.264391038190583         -0.9308635869969271
4.269837087807352         -0.9549758081314084
4.27175772651864          -0.9635645001123958
4.279311260052518         -0.9977728524571893
4.28099607136852          -1.005496647237114
4.309337127884479         -1.1405420536260729
4.309775543312049         -1.1427263030209427
4.322507496978698         -1.207095918643633
4.324277329905485         -1.2161872003163476
4.328843600523743         -1.2398049292725168
4.346960036918404         -1.3363942498605934
4.3546601727424035        -1.3786505846766517
4.35681765441821          -1.3906189199627368
4.361854489614219         -1.417471669529578
4.364865240646315         -1.4339048805464116
4.365844301438881         -1.4393103652922699
4.368702709757773         -1.4556740448222043
4.376183169093063         -1.4989498437305864
4.3966989449603835        -1.6209942469710599
4.4064828806578475        -1.681243756016632
4.412157607448515         -1.7167902879566552
4.438504721543504         -1.8876141765872654
4.447912461724831         -1.9509167049048048
4.44955552857317          -1.9620970342589126
4.451284502384008         -1.97390190083727
4.458023900809457         -2.0209424314098654
4.4690487843922435        -2.0991584300470665
4.471621055678364         -2.117632966167499
4.478993035395542         -2.1710526980391136
4.4850879955462695        -2.215748093861124
4.488202345606691         -2.2386327194808984
4.509737249146775         -2.396506227550771
4.511608290449146         -2.4101926018939306
4.512065558063974         -2.413490930127973
4.5122509424628445        -2.4148293330886097
4.514411745792622         -2.430480646833632
4.516140412482289         -2.443069719322779
4.516244298584515         -2.443828194389005
4.523489984335198         -2.496730177805092
4.54121291224321          -2.6259563890388593
4.543249055755458         -2.640787241518714
4.5528734970224605        -2.7108461061970925
4.554459201451358         -2.7223819647893484
4.564242107299475         -2.7935085308575935
4.572848407291255         -2.8560191119772287
4.589502695460407         -2.9768216370734617
4.596069546486118         -3.024395310118727
4.596599264177081         -3.0280653480272304
4.613230722342615         -3.1396628440101417
4.630026981398699         -3.2382176062954517
4.63302850331908          -3.253409729225375
4.635576710172351         -3.265862397205483
4.6378548225352           -3.276649172783322
4.640442439619457         -3.288505241817737
4.642630517739507         -3.2982018583683854
4.642681276202364         -3.2984232219425524
4.653380197385132         -3.3543838009245235
4.6534000740090695        -3.3544834774530874
4.678840608261852         -3.461495236374502
4.688576803956206         -3.497160774340475
4.702261266910014         -3.5423407896640255
4.712855396807037         -3.573346350380716
4.7179350186049955        -3.586983396094491
4.720242186215883         -3.59223645411481
4.724407876769396         -3.6009030229920724
4.734367560059675         -3.617355589872872
4.74387931394523          -3.6274492362544475
4.747860702505117         -3.6300443453973155
4.748168352096723         -3.6302048417866892
4.761328090773979         -3.631693220817289
4.7614269977916175        -3.6316646217767388
4.772640414579839         -3.62457377974109
4.780973793364054         -3.61354267977027
4.785128012674839         -3.607186382815046
4.804969177510197         -3.5702391640298727
4.809049824359489         -3.5603227178899886
4.815623840761217         -3.54268406730741
4.832452586106458         -3.488180324719661
4.835608657823483         -3.476461133595932
4.841451560880745         -3.453516754113654
4.851923443298125         -3.408338583557862
4.8574834352007485        -3.3822351188300437
4.871949788569708         -3.305962776493038
4.872104816873359         -3.305101965240299
4.8725414665839395        -3.302628247925235
4.902535410552827         -3.128866350002801
4.911449497598172         -3.075765973928353
4.920630559894738         -3.0203763871526372
4.936957152296287         -2.920125754180561
4.946399174416407         -2.861125126980462
4.968349406679001         -2.7210654238864627
4.96891508866026          -2.7173388139629076
4.969156302916116         -2.7157479979515964
4.984401223418124         -2.613096199998923
5.0019577334305785        -2.489729859157375
5.002902592317781         -2.483128010537649
5.003802138740305         -2.477932819450183
5.012453351966873         -2.4277915091055733
5.016177458433825         -2.406294190553688
5.023257807233046         -2.361324316784192
5.029255873045446         -2.3235239219322614
5.036136394193254         -2.279874100073119
5.046828918868164         -2.2136773958090337
5.063869909190654         -2.1122935246107684
5.069463203326333         -2.080119228951476
5.070708571801177         -2.0730296665958488
5.075993100610709         -2.043246716200696
5.07688461318222          -2.0382702115892486
5.078223448590023         -2.030822714632264
5.080639785401267         -2.017460455122408
5.082787230438648         -2.0056705066169096
5.105280749409101         -1.887002975687741
5.115694314982655         -1.8340754302404092
5.117509249967115         -1.8249910525537842
5.12166705436525          -1.8043366025786696
5.134307646517058         -1.7428835053787637
5.156294769131357         -1.6407989068916227
5.158995190498963         -1.6286819859559063
5.159969180325271         -1.6243342436024462
5.160623876113195         -1.6214146471255657
5.1637728001411825        -1.60742636301549
5.165926239033515         -1.597911982725385
5.166501103131243         -1.5954002115386496
5.167833512273524         -1.5895999369356284
5.169967837325476         -1.580371229494322
5.171588405567895         -1.5734153677984226
5.196367162505149         -1.4725833685727758
5.217612569560396         -1.3930245077302588
5.2198818598803305        -1.3848267851365836
5.224533533076092         -1.368203922900751
5.226074582075009         -1.3627506395165903
5.228917811931436         -1.3527594828956373
5.231886605880031         -1.3426421870235896
5.254932814279996         -1.2674540332825386
5.257901608228466         -1.2581999747040769
5.258816800033228         -1.255367085668441
5.2628795924719975        -1.2429041237383902
5.265848386420445         -1.2339137574404742
5.288894594820451         -1.1674737533711337
5.291863388768771         -1.1593466243667139
5.293823286392499         -1.1538326024903165
5.296879224958783         -1.1453019125422903
5.29941148888822          -1.1382948831013473
5.302609865918666         -1.1297073342603974
5.304110028555159         -1.1257067067907955
5.312361851898045         -1.1050641860177535
5.330907871871496         -1.059196572727893
5.343919126802064         -1.0284592789439428
5.352758387540552         -1.008255982968915
5.366308714162497         -0.9783502934641881
5.36837568901057          -0.9739018180779397
5.374394365019888         -0.961119512569519
5.40975733362923          -0.8911553580792339
5.415106172585578         -0.8813366319074535
5.421994029612704         -0.8689905869735174
5.427037338363513         -0.8601633952275819
5.4378959685083865        -0.8417679109096474
5.452811273614479         -0.8170906811192771
5.459214549516927         -0.806777986504288
5.461511379004254         -0.8030799936215619
5.4624527591092065        -0.8015714742468509
5.4650573675567085        -0.7974656596415297
5.46784468408223          -0.7931069580632779
5.471946638019569         -0.7867585272257009
5.485382271063762         -0.7665154742048391
5.492920024576306         -0.7555280874597126
5.493622097517046         -0.7545182340203894
5.498988934563562         -0.7468747676828458
5.50057481795888          -0.7446419193863582
5.500849377922641         -0.7442565459478236
5.513448890820962         -0.7269509515785483
5.5207826815959           -0.7172195811622613
5.5327740460107595        -0.701776093880999
5.544001645951957         -0.6876964464023451
5.549003157012313         -0.6815428257866138
5.553559504653403         -0.6760004255416017
5.55940805379514          -0.6689749245743044
5.566611855674424         -0.6604585721804196
5.581608778774182         -0.6432147420164973
5.584420570587637         -0.6400547041965824
5.584950288757706         -0.6394619608631026
5.59803342599438          -0.6250819519207893
5.603362978899311         -0.6193672213533241
5.604499379740255         -0.6181573916026419
5.620341940565698         -0.6017022767011586
5.621013788813013         -0.601015850452469
5.633669891883029         -0.5883325787933082
5.640499138613759         -0.5816931692813251
5.64678177567166          -0.5756922572099007
5.650339792216033         -0.5723313959274119
5.655040007310029         -0.5679404369913654
5.661573542784831         -0.5619111325240989
5.6676960443458615        -0.5563396331023709
5.668145410059289         -0.5559337001430296
5.684215863312142         -0.5416854409963378
5.689105835453988         -0.5374561035411864
5.691631177721469         -0.5352918040326125
5.693004484960784         -0.5341205164471867
5.7167744142418435        -0.5144813855842014
5.721376173042369         -0.5108178614255956
5.723354825916863         -0.5092437636949037
5.7276680187890605        -0.505834905624576
5.729675428299201         -0.5042588847780689
5.7337767018497           -0.5010885061639764
5.74111537374542          -0.4954811387494677
5.752496658964382         -0.4869513366374306
5.757140547971668         -0.4835290787870449
5.759560042873751         -0.48175941379325543
5.770485099959864         -0.4738825251963022
5.785443582946114         -0.4634000731671609
5.789339055588988         -0.4607276275347719
5.80493844686851          -0.45026344270797763
5.814234812413561         -0.44414177901346596
5.823229721621721         -0.4383318241071077
5.858721914090113         -0.4165034879907015
5.859095779185284         -0.4162815564309929
5.859577776411836         -0.41599567308749885
5.862175047065486         -0.414459767823409
5.86549182834277          -0.4125096451365483
5.8657258336930935        -0.4123729466408396
5.8677153862423665        -0.4112130626007962
5.891755336757454         -0.39753039006880536
5.8920003735757955        -0.3973940740990795
5.90319468826547          -0.39123691979670094
5.903314222212511         -0.3911719159138033
5.908159119148982         -0.38855041784797745
5.912651903723605         -0.38614248425171604
5.943053248441157         -0.37043136278812794
5.944381216358529         -0.36976298449987904
5.948948326763583         -0.3674760851465963
5.954595890337966         -0.364673384483475
5.957978473021965         -0.36300807141602487
5.9663329771155365        -0.3589444336767422
5.979011498753031         -0.35288905994684105
5.989140525526608         -0.34814791537847023
5.994269459097013         -0.3457847576264696
6.0092847622122205        -0.33898736838923466
6.01263485326311          -0.3374953863382686
6.0129751642461144        -0.33734432896513433
6.013442458526022         -0.3371370570616372
6.014497145631107         -0.3366698843405011
6.0149212993810774        -0.3364821302107204
6.014982936910014         -0.3364548583382339
6.034456467931367         -0.3279954485686601
6.034913907597178         -0.32780049128930966
6.039843656884928         -0.3257104138076237
6.04914114082262          -0.3218168262810023
6.056076101399283         -0.31894863775472926
6.056826037234211         -0.3186403206287023
6.064662538858203         -0.3154400746167489
6.069858730254528         -0.313339741883982
6.078987008800604         -0.3096918798487214
6.089281825617588         -0.305641832966458
6.089481420831479         -0.30556398124879486
6.090374965587797         -0.3052157684698012
6.100935476739174         -0.3011447773459607
6.101930990861853         -0.300763542423505
6.113586220520428         -0.2963440820793175
6.121213702436304         -0.2934943485288057
6.136614820424392         -0.2878831627748451
6.15430853875811          -0.28158607237415884
6.155234305718117         -0.28126099440316205
6.15626754690728          -0.2808986937815867
6.156923778571058         -0.2806688723929921
6.157779458127911         -0.2803692643298145
6.1794822423358395        -0.2729018784078322
6.185483683374091         -0.27088207699621103
6.18768268587828          -0.27014691900411786
6.204781339982097         -0.2645206629438237
6.218278113209558         -0.2601923119891275
6.220325271903605         -0.2595444839251583
6.2251240499364116        -0.25802827139746776
6.22928244158269          -0.2567225553675918
6.23526570289374          -0.25485713418260214
6.251741972182393         -0.24980135451058472
6.260153291759247         -0.24726619034066033
6.262114056812862         -0.24667945537311978
6.27677857418779          -0.24234782880956574
6.281255780636026         -0.24104315638749618
6.287201362068556         -0.2393234738990523
6.296353947266817         -0.236704926573014
6.303684457246641         -0.2346327855449354
6.309753494335248         -0.23293413074279204
6.314256253650695         -0.23168379253708396
6.3230764248565645        -0.2292557935505149
6.3292458114991526        -0.22757418841136556
6.344463660861877         -0.22348496534733467
6.345656602177435         -0.2231679408644888
6.363899966803269         -0.21838352008398346
6.386035325453221         -0.21273147246711063
6.386499907590966         -0.212614583449396
6.388404484607797         -0.21213613794928934
6.390232475226538         -0.2116780606924757
6.3981654080743455        -0.20970295613144416
6.409118721608466         -0.20701008425884443
6.412096917542431         -0.20628476087406292
6.419786309676996         -0.20442562545241888
6.429718174437809         -0.20205326818869945
6.432547865021332         -0.20138333496277194
6.437376622487153         -0.20024623953117476
6.445478437010381         -0.19834724506486978
6.454838573487519         -0.19617761603239708
6.456343746953764         -0.1958311568900651
6.461745877732369         -0.19459324924041865
6.471343934427413         -0.1924164025116396
6.47405645783655          -0.19180565019009263
6.476575147652246         -0.19124029735948175
6.501351909048782         -0.18577098950516532
6.508171469816768         -0.18429410173125493
6.508218421271586         -0.18428397624381287
6.508241669339329         -0.1842789628126199
6.5269859666509795        -0.18028327291550839
6.542645677085462         -0.17701634299061295
6.546224075941206         -0.17627723752062247
6.552762750438927         -0.17493420529332995
6.553185606928945         -0.17484768798760622
6.554085246159832         -0.17466375602781242
6.57034377041773          -0.17137159299036625
6.574906034923854         -0.1704586511669916
6.581455198042788         -0.16915643942156666
6.590143038731764         -0.16744518506367947
6.598438934055485         -0.16582614980996294
6.608663116622755         -0.16385234762215592
6.609631823712489         -0.16366648195599845
6.614271439622261         -0.16277902860627788
6.620269355828959         -0.16163850377305344
6.627886125187381         -0.16020110387053604
6.63448383675999          -0.15896592348778385
6.636248511949551         -0.15863711156334306
6.647177612168851         -0.15661534885714198
6.648274653681679         -0.15641380212057987
6.6506997472273985        -0.15596917014017178
6.6518162551312425        -0.15576486819897795
6.655243650720094         -0.155139146924859
6.658219977612271         -0.1545975295438651
6.661414675280706         -0.15401798911434916
6.666523996297405         -0.15309502873044833
6.6790012310112035        -0.15086131187862145
6.683877854107485         -0.14999607346925353
6.686521461396077         -0.14952885979377087
6.697695876395803         -0.14756818296070265
6.706391845171409         -0.14605828529472786
6.707302714795008         -0.14590093487292752
6.708976221973114         -0.14561223891706848
6.714790822027249         -0.14461390912799232
6.718337785365164         -0.1440058152056244
6.74133257978321          -0.1401277912378526
6.747053526132113         -0.13917571632935855
6.753289915233963         -0.1381438250242269
6.755573885051375         -0.13776759829033103
6.758159913977206         -0.13734259491190245
6.76506217780154          -0.1362132130752064
6.7854159784929875        -0.1329273216835547
6.78598341517536          -0.1328366676126418
6.787971626223024         -0.1325194372070202
6.795409595450643         -0.13133829027157531
6.799742529575257         -0.1306543126013167
6.808129623067064         -0.12933892022168478
6.816895527601817         -0.12797617696065955
6.825757013099743         -0.12661110346985427
6.8357376498797           -0.12508626916040588
6.844346166837815         -0.1237815451264408
6.854138810272579         -0.12230915218324694
6.856982499977194         -0.12188393643042125
6.8598749178769465        -0.12145252080346249
6.868918621247349         -0.12011068510870818
6.871192873016444         -0.11977493449471878
6.880730701741479         -0.11837423034268668
6.885768562171755         -0.11763918984105241
6.888360654248109         -0.11726231293650063
6.890218560811624         -0.1169927506163405
6.905748841365581         -0.11475801834914098
6.9253799348948055        -0.11197368468645955
6.92653593655324          -0.11181104940739067
6.9509026459982985        -0.10842772640977308
6.955943557974839         -0.1077356365120997
6.958075490543115         -0.10744360636281186
6.959879714816026         -0.10719685942392272
6.963046115317493         -0.1067646936000157
6.964624396590545         -0.10654969754319783
6.968956677750511         -0.10596096785304315
6.974843596921549         -0.10516431055854489
6.995012681490074         -0.10246429868901608
7.000101650913946         -0.10179032228697758
7.006923530188091         -0.10089144234954597
7.014480346950036         -0.09990187626501507
7.029566726243313         -0.09794565523171571
7.029979544685701         -0.09789228723061275
7.030920991081989         -0.09777064340582167
7.038765813862868         -0.0967604616386408
7.048874463240805         -0.09546783368299452
7.059436585453948         -0.0941284628262983
7.066582036472653         -0.09322963235425516
7.06801113677409          -0.09305040841351328
7.070971955647472         -0.09267966755276005
7.08645180672709          -0.09075357478930574
7.09380930039047          -0.08984561858911917
7.09906888419373          -0.08919952065523667
7.101950827546459         -0.08884654501616432
7.112423678619468         -0.08757009533977776
7.126092219180054         -0.08591888962705685
7.132005414189176         -0.08520972819124863
7.132125469517462         -0.08519536247491855
7.137258572380286         -0.08458234438439904
7.138578467260809         -0.0844247672599073
7.145943486267994         -0.08355003125769672
7.148047173967801         -0.08330085096714261
7.148466343008399         -0.08325123988592184
7.149472295568931         -0.08313223270699513
7.1713997764314215        -0.08055678211698361
7.178150327714211         -0.07977108315444999
7.196597284766136         -0.0776412608790397
7.203300762103758         -0.0768737064788146
7.205554042823254         -0.0766164612297453
7.212269089429905         -0.07585209989020983
7.227927520840204         -0.07408287863138696
7.230859057030192         -0.07375380086272493
7.236377447402597         -0.073136117519222
7.236913684573948         -0.07307621947520769
7.24181345130495          -0.07252992912916882
7.24356522629352          -0.0723349334123771
7.250958811856688         -0.07151397721117315
7.270346643163904         -0.069376948422745
7.274604742908963         -0.06891064732601741
7.277046195854874         -0.06864378108994892
7.279771622366187         -0.06834630118774382
7.281464968414529         -0.06816168913947546
7.304639745579893         -0.06565480171183785
7.312995950852241         -0.06475892371256964
7.319081135794075         -0.06410920543666625
7.321797660626416         -0.06381989018812627
7.342061284726464         -0.06167598134371569
7.34979692026883          -0.060864152557853754
7.352001002219713         -0.06063301891736666
7.353070281245387         -0.06052098676812241
7.354393965693703         -0.06038267683090461
7.364018239124861         -0.059379579693499045
7.367198529708513         -0.05904908921583212
7.383091180511072         -0.057404829129973356
7.386759015082214         -0.05702709728079583
7.401768941994952         -0.05548811372850991
7.405703692629197         -0.05508649122532559
7.416420697658294         -0.053996046879887225
7.418758261815153         -0.053759030183847575
7.419006072742465         -0.05373391966873965
7.419504898985778         -0.053683383361972266
7.434632919494801         -0.052156737436447456
7.442167503523758         -0.05140070372446843
7.442658684276735         -0.051351517491236086
7.4430761315637195        -0.051309722997560564
7.467041646507171         -0.048922570483462643
7.472731962559962         -0.048359231571763195
7.474178122747536         -0.048216274591613345
7.475113990091134         -0.04812380733859886
7.4921720447211975        -0.046444719902624026
7.495377050775618         -0.046130575064877256
7.496601867712428         -0.046010633872675455
7.498143698413011         -0.04585973658842349
7.505241715149309         -0.04516659136681324
7.508416962699197         -0.044857175711322646
7.526398929286699         -0.043112575962297894
7.52863857460644          -0.04289620039062765
7.52961748975351          -0.042801603095501864
7.53783105819696          -0.04200919324477524
7.539392023166522         -0.04185886214113059
7.550243014503761         -0.04081617218644716
7.551266612591747         -0.04071805777044169
7.551578652817267         -0.04068815509345545
7.563786484242246         -0.03952090707107291
7.567156616426617         -0.03919957393487293
7.580771371641477         -0.037905411914982416
7.588114408590323         -0.037210054504239136
7.594245554357874         -0.036630876338611645
7.597658792001042         -0.036309004229313546
7.6025520183849205        -0.03584826509679712
7.603471995400357         -0.035761733172488396
7.615009773033285         -0.03467794204464958
7.618759363653979         -0.034326655328843686
7.62082004323825          -0.03413379089056551
7.621446771210969         -0.03407516102858417
7.623117217712172         -0.03391908609870495
7.63138557837598          -0.03314751139216635
7.645085206328909         -0.03187263838437091
7.657308837122429         -0.030738835526382565
7.672305790216282         -0.02935257964488176
7.675816751933463         -0.02902880286982498
7.675826204715452         -0.029027931535531758
7.682628933503372         -0.028401416013346448
7.695859681081718         -0.027186159710452063
7.710020314002222         -0.0258903110192063
7.721033078277517         -0.024886064833102194
7.7253780483465695        -0.02449070078585535
7.726464010743811         -0.024391803204783513
7.729689426243516         -0.024098234231750268
7.741814932592717         -0.022996323780584547
7.756137155729787         -0.02169966647177929
7.763621133398732         -0.021023428502320477
7.7715315550319914        -0.020309643773685594
7.781991179565707         -0.01936739124681043
7.791674695421904         -0.018496633451380882
7.806172250985883         -0.017195827427533537
7.818774313199619         -0.01606786111315314
7.822167426538698         -0.01576459485922644
7.827212235114022         -0.015314049688122281
7.8291154162624235        -0.01514387384047695
7.831121850209065         -0.01496451894535257
7.850900948841634         -0.013199525219034003
7.878417134561341         -0.01075482438122822
7.88929124089126          -0.009789274003390861
7.891281958927254         -0.009612580059916427
7.892621716333154         -0.009493676679932625
7.893627473364877         -0.00940442216236342
7.896526875217382         -0.009147279838227064
7.899931193893541         -0.008845416892657859
7.904126559165863         -0.008473499737502069
7.924588588964141         -0.006660948670561293
7.943203345998959         -0.005014047095833969
7.947895734952214         -0.004599200915121818
7.951474350713703         -0.004282903568050165
7.958347758378389         -0.0036755938495863063
7.9667621576616705        -0.002932484117605924
7.994171108847517         -5.146095514095926E-4
8                         9.481655926809903E-17
