0                         0
0.03007493621843621       0.001392452143383739
0.03308037156435557       0.0015317450489399725
0.06234542103459896       0.0028885945254578916
0.06519604921910876       0.0030208825037912786
0.089266060268786         0.004137931208215633
0.1099571145016905        0.0050991743419590415
0.11106367379434262       0.0051506079074848206
0.11549878911923751       0.005356781532048055
0.12571459648534541       0.005831842721513454
0.14303900258571545       0.00663799026408606
0.14404535726690343       0.00668483848116403
0.15009381187132204       0.006966454863089493
0.1665305632396909        0.007732015584222653
0.16894872744212977       0.00784494959013428
0.17110775837602613       0.007945800600384233
0.17449393097826071       0.00810375947472584
0.1807079945476383        0.008393833379877168
0.2060287705276519        0.00957847644607042
0.21055096689944233       0.00979049945400587
0.2199953866922415        0.010233740716459253
0.22220093978609956       0.01033735582474071
0.2368412803713384        0.01102500175370791
0.23918384799596715       0.01113518993836062
0.24211103041551563       0.011272938709060374
0.2579077406567452        0.012017493952349433
0.2591877949736078        0.012077915123492903
0.28903408062772745       0.013490445681779926
0.2945364354921853        0.013751611863468691
0.2954664646774197        0.013795803140689162
0.29676920516614336       0.013857694575168052
0.2969739120826689        0.013867420916716097
0.2979195459269443        0.01391235479002589
0.307241783674205         0.01435562959578191
0.31499133260916723       0.014724548569683268
0.3625218416710982        0.016995707878272998
0.3685595006980395        0.017285899886456603
0.38098174002761725       0.017884300841919304
0.39923671640689706       0.0187664517984357
0.39982592669159644       0.018794983647992376
0.4222663734344917        0.01988438023565433
0.42418476111267156       0.019977758541679397
0.44091410623095717       0.020793722102602073
0.44868318462854045       0.021173664371272258
0.4497990791146715        0.021228297131864356
0.4545700979245207        0.02146204078513018
0.46755885622132287       0.022099711055159156
0.4873878664659777        0.023077258521528435
0.5030104713025179        0.023851122529086565
0.5103917328600953        0.02421782516332822
0.5163660637404133        0.024515135243769758
0.5226410895903492        0.024827894860937234
0.5475047112398289        0.026072037568802133
0.5508777103387895        0.026241326529619555
0.5819107027681915        0.027808169239759352
0.5863755732801745        0.02803498124360299
0.5923197672455212        0.02833748148279371
0.5950241618313293        0.028475312247249033
0.5961085633436867        0.028530615129381827
0.6018670909990442        0.028824635310239655
0.6078796609156458        0.029132243819447616
0.6197427399709947        0.029741019511185646
0.6426616843153686        0.03092415935831591
0.645289381843104         0.031060398750040654
0.6474507709777618        0.0311725522698502
0.6600505610408245        0.03182831163739008
0.6724369166847386        0.032475657457759856
0.6827383663639205        0.033016075196508815
0.6854947982908229        0.03316099199450265
0.6917544528522869        0.03349083334095516
0.6957101923476685        0.03369963856307547
0.6964407621832028        0.03373823285982735
0.6966572821072892        0.03374967295141158
0.703178549024401         0.03409462838085055
0.7035541149038296        0.03411451949344671
0.7083797813415226        0.034370387008504574
0.7114719637624343        0.034534619883115326
0.7465333498977098        0.03640644801131234
0.7556294115149556        0.036896541074737076
0.7559699237992485        0.03691492361487138
0.75639357706848          0.03693779812828376
0.7579721868725773        0.03702306801715936
0.7582517610318891        0.037038186719693916
0.7634369533837998        0.037318892424114444
0.7768718601139263        0.038048878908967326
0.801092990708502         0.039374684963934994
0.8086437128568189        0.03979055758948131
0.8188554271209192        0.04035492908947166
0.8353125393069545        0.04126997016420443
0.8791688190455197        0.04374132837147137
0.8907573373798239        0.04440085935252994
0.8975794057994854        0.044790988386060646
0.9015723724126256        0.04501997388541062
0.9209755994278388        0.046139447972493176
0.925155747297633         0.046382089165631454
0.9500108596194927        0.04783612194870254
0.9736912569199913        0.049237202674071646
0.9987413951407689        0.050736074203208775
1.0154618513505758        0.05174612288250197
1.031697649839987         0.05273423566222873
1.0320908319340618        0.052758232588055405
1.0323033783163267        0.052771247553890004
1.0326210081008818        0.0527906174803206
1.0327288856966186        0.05279719701783796
1.0769784451904147        0.055535977820495096
1.0783146754610757        0.055619777089926214
1.0809512622519502        0.05578531411287028
1.0938867975788404        0.05660108639407744
1.108281214183592         0.05751593201702896
1.1089928834758565        0.05756135577704544
1.1122797341122148        0.057771381982294145
1.1251282775267266        0.05859611573215461
1.1297448133507682        0.05889389502363806
1.1302645995214544        0.05892747064411841
1.1319595898993808        0.05903702611849007
1.2044964043538424        0.06381224178987556
1.209594314150194         0.06415418776395301
1.2180564946102046        0.06472464286293676
1.2209592613337714        0.06492104691151586
1.2595752732210517        0.06756892580902525
1.2673014144719008        0.06810653751290219
1.2838197003375007        0.06926469995815988
1.294198363180394         0.06999822559545214
1.3027790686169156        0.0706083153780079
1.3259000393659215        0.0722686078912727
1.3317882140136006        0.07269525032463871
1.3424044619926958        0.07346839443463837
1.3425700153825888        0.07348049101393171
1.3487566134880788        0.07393340912299272
1.3492435287722984        0.07396907070847646
1.3556450056643339        0.07443874455221
1.375221507380922         0.07588464708281256
1.3771778620529798        0.0760299353914397
1.3791518690024889        0.0761774584079965
1.380714838681182         0.07629438705188188
1.4089544510188057        0.07842585886101856
1.4203465741952603        0.07929343267783574
1.446891678276093         0.08134205718250904
1.4600745529143573        0.08237352489020205
1.4695892437479003        0.08312378727201833
1.4753482314999675        0.08358051829975964
1.481562584908852         0.08407529557894877
1.481573842951449         0.08407619374720232
1.4947961098721936        0.0851356122393031
1.50890755088346          0.08627629181096719
1.5207005978202615        0.0872375006983759
1.5273976803888882        0.08778657168881174
1.535911008859323         0.08848630435899031
1.5473954701559176        0.08943758630004764
1.5519308126000801        0.08981558154447086
1.5719649191527787        0.09150105174261745
1.5783909541034986        0.09204711160897196
1.6024595975869473        0.0941158433634133
1.6068166572137643        0.09449312642927163
1.61162657935757          0.09491088782036829
1.6135303426387269        0.09507660396027925
1.626547340957546         0.09621525916197597
1.6279698614825162        0.09634028243711955
1.64715319452115          0.09803761333292615
1.6759994746190932        0.10062311795077092
1.6906601050509136        0.10195562029150905
1.715549210590543         0.10426395047068464
1.7251557988924517        0.10516323987533484
1.737691708458206         0.10634023418877234
1.7527911307929296        0.10777368512671316
1.7631057511744668        0.10876280101771751
1.7749970517097347        0.10991309063674236
1.7756975530765784        0.10998118606134308
1.7765080573638277        0.11006002110102053
1.8007985996918479        0.11244572203568956
1.8049339024449185        0.11285631388165196
1.818931821211264         0.11426390108294499
1.8207718607505585        0.11444968004172822
1.8443293431479684        0.11684355702106498
1.8531502155540003        0.11774727439699652
1.863072822587077         0.1187686552077037
1.8743588849690906        0.11993654554198924
1.896720387143739         0.12227597573718813
1.9137546058430461        0.12407856477649207
1.9149580053802984        0.12420675116894944
1.9288764837131576        0.12569709394805598
1.9306779930551798        0.1258910352502624
1.9407033928870194        0.12697468079427585
1.9563941612874318        0.1286855410330508
1.9611849076663022        0.12921151523793883
1.9616523909081576        0.1292629304780313
1.963990580961657         0.12952025052102406
1.9721644070267632        0.13042381938282657
2.003614394098373         0.13395890235344451
2.0185072831182813        0.1356652956658328
2.0355502531925116        0.13764357801622434
2.035942337593259         0.1376892058882532
2.0572910995693245        0.14018833245859957
2.063866042403724         0.14096382889657277
2.0792389001981806        0.1427882977713524
2.0810806875150156        0.1430080951593144
2.0853578290301336        0.14351952608395638
2.1062697778124386        0.14604016618919516
2.11123249034231          0.14664325930660924
2.1298387307106577        0.14892340109227353
2.138032242641714         0.14993472114877054
2.158564123794606         0.1524883736034637
2.1717416713313273        0.15414195379400714
2.1740601626986193        0.15443407161211012
2.1775063566900386        0.15486892805520452
2.2089311728571435        0.158870327561995
2.2289554716375615        0.161475484661553
2.236322397385703         0.16244319757637893
2.257564981077768         0.1652615460763909
2.2788038299356868        0.16809961043164998
2.2822026043723747        0.16855729889107263
2.2938886764963686        0.1701043501934442
2.305450961371863         0.1716483652388457
2.3203249606525977        0.17369486947868684
2.332418323551134         0.1753602208306469
2.346774478170921         0.17734487567074747
2.3644948734515663        0.17980614252745547
2.3690952363177806        0.1804471900536769
2.387960817400092         0.1830850316639116
2.422655438623665         0.18797381544365874
2.4284879056723097        0.1888004552458782
2.438223485194249         0.19018335920072307
2.44350331124905          0.19093494693889224
2.452024488757518         0.19214837848258334
2.4662694421890636        0.1941911256549572
2.489009011166401         0.1974457186520837
2.49309211905589          0.19803203642246098
2.502316613209738         0.1993587933799096
2.502541220933188         0.19939113595050434
2.5206341875703457        0.20200227061382522
2.521036217213023         0.20206042124098672
2.5323015442746737        0.2037011040551134
2.5392406815986712        0.20471448106152934
2.5416728379430915        0.20507016616366394
2.549600219682038         0.20622755410450924
2.593902004495158         0.2126574404827144
2.6017211156845526        0.21378557909355508
2.6029359288018665        0.21396173957543324
2.60522320791637          0.21429303329296523
2.6061701570028886        0.21443004377256136
2.6066035757411026        0.21449272470146777
2.61439590543486          0.2156154769303722
2.649832091343139         0.2207039868182047
2.655053831410171         0.22145141412580696
2.6654500554755254        0.22293767224196065
2.6951939330534334        0.22717642297856258
2.695690745845907         0.22724705339611403
2.703914161798255         0.2284153430490674
2.7217613672616126        0.23093044186218686
2.7501598768010656        0.23487259572629052
2.771370099309738         0.23772383019824464
2.7739460797537214        0.2380646925856103
2.789953846317493         0.2401565800249376
2.791659387939184         0.24037678710604074
2.792777504152382         0.24052087083889606
2.8180121113352383        0.2437138535632471
2.8385338775161513        0.2462274520476062
2.8615574086167532        0.2489587958133876
2.8960165203708863        0.25287156140986367
2.8963293134941877        0.25290611639027444
2.902779870424328         0.2536333575978894
2.906191962054261         0.25400258758308164
2.9064226394447905        0.2540271455267993
2.9331296059713168        0.25676466891744876
2.9494553853239642        0.2583388113716744
2.9610158999918776        0.2593953556830734
2.9869274087581936        0.2615884004614317
2.9901861132293988        0.2618470642612595
3.0052165166399396        0.2629905558271174
3.0094565249266143        0.2632983970885051
3.0303788092594806        0.26472251271581804
3.037513142930721         0.26517203318969684
3.047112222910132         0.2657496679543955
3.048817084608274         0.2658488085991285
3.052562587316835         0.266062960190966
3.0598839881214492        0.26646705595897713
3.0641221002866534        0.26666063909107485
3.113213795071426         0.2683957448413197
3.1140945870146886        0.26841525813742606
3.1152447831794046        0.2684401233039982
3.149193896710884         0.268892217372049
3.151793357459365         0.2688972259026748
3.164848424477099         0.2688586893667319
3.1851325398255765        0.26858806432795596
3.204693120011075         0.2680842035636494
3.208845859315384         0.2679465442155634
3.214654089211015         0.267735976719295
3.2184832110900663        0.2675852455748872
3.220945422912631         0.26748236133194137
3.237057211608381         0.266693971431343
3.242195084431257         0.2664005512924115
3.2477452816701695        0.2660607571868379
3.2559986518659105        0.2655116312509954
3.2644414615411734        0.26489565941572624
3.269736079651498         0.2644813859424929
3.2900931802081117        0.2626876214734667
3.2931810244527573        0.2623906093481735
3.301594064921636         0.26154677339290516
3.3074232954137894        0.26091486152882337
3.3159890156247336        0.25995574715105635
3.3367590420726065        0.2573666845495798
3.3429084017401056        0.25652857792676237
3.3513383275294952        0.2553265154838553
3.359121368961705         0.25416214198117515
3.3623375746841506        0.25366569117513993
3.3777458220430434        0.25116322300306587
3.383998116344266         0.25008923310656767
3.4028735602875493        0.2466418474977598
3.4108194425096228        0.24509848579564356
3.4112872131196           0.24500592728750908
3.418732602013482         0.24350722541071926
3.4541242360662516        0.23573514584473065
3.457765578284706         0.234869818760507
3.4717034789937204        0.2315305385636158
3.4722276846455284        0.23140134344856478
3.472880472599367         0.23124009278215407
3.4785187162432365        0.2298304779488954
3.499829256852965         0.22423278580713027
3.503022347831163         0.22335728068397526
3.5055211153955654        0.22266546667478002
3.5188693411453946        0.21887044602988218
3.5396288729261753        0.21263558850860137
3.5474948670409994        0.2101673263941848
3.554528737417            0.2079109255910619
3.565460838885129         0.2043117120801622
3.5723280019252264        0.2019765583289364
3.587900796005886         0.19654201384763323
3.6001520811193672        0.19216552349881294
3.614468259935939         0.1869074076458705
3.6283236330267417        0.18171999300051211
3.651732023149255         0.1726206102854859
3.667336829478859         0.16632061455235547
3.6713206287950246        0.1646822683065932
3.681709900191417         0.16035225027470382
3.715988129186063         0.1454772142929738
3.7253249274969846        0.1412689562499529
3.7281729976541067        0.1399719398204412
3.735096167356092         0.13679310870012257
3.740772981383293         0.134205653067274
3.7429930287647766        0.13319033278566614
3.750467825852359         0.12971846859766534
3.7710319028764436        0.12001801897524153
3.7912889790082884        0.1102488026670293
3.805285002395586         0.10337522747018967
3.817735596128845         0.0971755781417977
3.8419659312025187        0.0848807577211202
3.8489296044993653        0.08129118270572756
3.860102178938815         0.07547970219551492
3.862949008918833         0.07398986805660622
3.8807108192772817        0.06459808590683724
3.8880903677999985        0.06064715618078919
3.9107655068726164        0.04853880641844059
3.914240618669451         0.04667981705832223
3.9171871454058453        0.04510290253395209
3.9284320133918897        0.039079097113423875
3.94673576228237          0.02925421501762969
3.9663734602746685        0.018686201465128463
3.9677223195050657        0.017959283848850233
3.96877365898378          0.01739261164719705
3.9713263125047193        0.016016396134670877
3.982631209264026         0.009920525769250304
3.9864787017529495        0.007861363403470574
3.9907280242072063        0.005557237767772754
4.013762156707552         -0.00696976669906676
4.021895870208099         -0.011350056514920458
4.04783082263765          -0.025322033963408087
4.056837553401108         -0.030153552871156022
4.081075650352334         -0.043102720065628486
4.089750684397272         -0.04775373180391319
4.098553037945662         -0.0524542441209911
4.111685574319378         -0.05943197397978647
4.160165893601529         -0.08482684398085198
4.170862638467459         -0.09035280177473923
4.171160905204202         -0.09050648700160632
4.17212662107512          -0.091003933907564
4.17242153500068          -0.09115580076856908
4.178306077415213         -0.09418163024384965
4.179111015099678         -0.09458946509761683
4.197926547928766         -0.10399915364378157
4.216547123534022         -0.11307812838505077
4.222779882485316         -0.11609450516295122
4.223949174038166         -0.11665664264673532
4.226881156690886         -0.11806098840318245
4.234908094116959         -0.12186109164835467
4.250715276825854         -0.12925038612034978
4.2551655178847145        -0.1313081929584283
4.275061091431779         -0.1403869640196577
4.284511069264418         -0.14462990739625808
4.285283624340293         -0.1449748037018928
4.289631920830032         -0.14691047632713802
4.294340689162545         -0.1489634189502326
4.294934371688578         -0.14922169083702846
4.301925299632605         -0.15225348740756414
4.302938428682921         -0.1526914052743891
4.325422191579138         -0.16231527484130728
4.331719762169326         -0.1649784159844322
4.333085194616052         -0.16555396218737167
4.348669161262096         -0.17192932640199202
4.360844018347872         -0.1767724263111483
4.363119078323888         -0.17766892076517174
4.366533354627573         -0.17900561997650846
4.36837889710295          -0.17972380415276712
4.3708977181696955        -0.18069906404133154
4.372838887077493         -0.18144678270129855
4.373556035790769         -0.18172216662141275
4.380173513915105         -0.1842415113484642
4.3939288486169           -0.1893527029797496
4.394328634908681         -0.18949871853525468
4.411300749257142         -0.19556535505452532
4.411496488810528         -0.1956338153639806
4.418956276337795         -0.19824381134173527
4.426543226460476         -0.20083075854817564
4.435866275689184         -0.2039163970009809
4.455729328197304         -0.21019759230050772
4.46700576314305          -0.2136258806121116
4.4764578255463245        -0.21642274038509343
4.479671709861883         -0.21735777496060527
4.499619585720705         -0.22298027350708582
4.520565604669521         -0.2285484438434885
4.531434081069864         -0.23130215779833263
4.539309758570941         -0.23325757709930894
4.541047764133463         -0.23368330100001472
4.54313574231348          -0.2341919783571586
4.545061623548714         -0.234653207040371
4.549321273259784         -0.2356611912012137
4.552035503422792         -0.23629473991943922
4.563142175963123         -0.23881639894866416
4.5729473735575645        -0.24094795605784441
4.585919519865342         -0.24363950455921257
4.588586044947045         -0.24417301898045157
4.598686025036981         -0.24613272709415449
4.600895334781079         -0.24654851882306586
4.627602518310139         -0.25120896922352287
4.628190945795199         -0.2513040423386018
4.638837306360548         -0.2529675303883284
4.6514931050771           -0.25480529096829385
4.672139096079737         -0.25755155296378435
4.680200122893506         -0.2585471152090182
4.688792752286805         -0.25956090884960353
4.692216568946558         -0.2599349654042377
4.69689978676136          -0.26042895756107365
4.708356074319063         -0.2615513994599933
4.747775790281331         -0.264801124321157
4.7611945796199775        -0.2656415432498701
4.761209626932465         -0.26564240988011745
4.761232200262878         -0.265643709643134
4.76124046071842          -0.2656441851812561
4.77322880628871          -0.26628041291412674
4.8142702708391285        -0.26764256836932326
4.820397808498127         -0.2677375829642133
4.824569138285812         -0.2677984786653053
4.832112418794777         -0.26786005067209645
4.8385238343878765        -0.26789038921946323
4.889284874856482         -0.26741714508922015
4.889845598518105         -0.26740484302685685
4.891624028775316         -0.2673648022730768
4.914198083765447         -0.26672141165968716
4.924046213289994         -0.2663534005264083
4.942026095104929         -0.26555869934148113
4.959074318115642         -0.2646585927250777
4.97459182875952          -0.26371526053603317
4.989427957841256         -0.2627028096440079
5.00632244719117          -0.26141830394628035
5.0255325936624935        -0.25978748716568106
5.0303977340296235        -0.25935078936828293
5.049470488863792         -0.2575596740201733
5.072614241671658         -0.2552815844788877
5.072686871979901         -0.2552742546819143
5.087163210967876         -0.25379075061822454
5.087209147262131         -0.2537859717012738
5.0923099025473215        -0.25325250958971657
5.119332199151066         -0.2503333943246355
5.134640376740082         -0.24861029193263806
5.143928687906129         -0.24754031695946188
5.146101938747754         -0.24728729905367833
5.151302795561962         -0.24667768755517963
5.168085924478188         -0.24463082547567225
5.178802945374628         -0.24332354060913025
5.194219126691463         -0.241365001399942
5.207421720968438         -0.23965280091164756
5.230228462545349         -0.23664966196224352
5.234898498791605         -0.23602918276455614
5.241865352603348         -0.2351000394388607
5.266574967061032         -0.23175889963777452
5.273533059144412         -0.23080756310164585
5.285483542861214         -0.2291628905857518
5.300380314796365         -0.22709369881861954
5.325206791216733         -0.2235983023515157
5.329002582229658         -0.22305870905240885
5.3366253633239555        -0.22197094362675254
5.369253274665464         -0.21725244294681018
5.371476894692871         -0.21692800579976212
5.375273900680962         -0.21637374253033023
5.39352821269595          -0.21370449011860956
5.397566069522488         -0.2131130220276695
5.399250330466597         -0.21286690318223492
5.417705904634499         -0.21017667983357474
5.429398206715284         -0.2084786432316883
5.436732671109697         -0.2074159843794155
5.448943801554532         -0.20565104657546807
5.4517327362588           -0.2052486976358948
5.4535308305807675        -0.2049894413565676
5.476423120310921         -0.20169887743117865
5.484982319114695         -0.20047339593426647
5.4858934442976865        -0.20034460005951524
5.488121716006616         -0.2000206619638804
5.512067669271447         -0.19657021692666585
5.519351423839808         -0.1955234504260033
5.529476454457348         -0.1940705049095862
5.530332785831329         -0.19394773563787449
5.5426951332450685        -0.1921773798327864
5.558057935086817         -0.1899825326967579
5.558264818962607         -0.18995306694012787
5.57858858403387          -0.1870682040244491
5.588387761800163         -0.185684175997963
5.5916943836862085        -0.185218167188231
5.595242799410787         -0.18471865207225863
5.603001186479692         -0.1836285500598696
5.606792027181028         -0.18309693943951005
5.61072813594947          -0.182545669996951
5.619373881068748         -0.1813373450080186
5.62259453729354          -0.1808881235570635
5.63356319675804          -0.17936076215520752
5.63678185110023          -0.1789135157914923
5.644988724932867         -0.17777507271220283
5.65740925822819          -0.17605741511258022
5.684596377735379         -0.17230660645743212
5.696706861269994         -0.17065989089527533
5.715028228253108         -0.16820400532860008
5.716167112496493         -0.16805196806825218
5.732642582926588         -0.16586072284677167
5.754779332786395         -0.16294060382103048
5.7571868037170635        -0.1626246923672159
5.760550933239416         -0.1621837939102982
5.785143172533157         -0.1589813184709844
5.810482522146182         -0.1557255146405721
5.81101162146776          -0.15565800727190482
5.8112753853454455        -0.1556243611115305
5.836220651143951         -0.15246415163161034
5.853341427238671         -0.15034607196741312
5.856543298672637         -0.14995334090229478
5.868914927179413         -0.14842344652940645
5.880145991573442         -0.14704770309043663
5.89542368142655          -0.1451878563252357
5.895829936035876         -0.14513866178894533
5.906130941820213         -0.1438958070666655
5.916453668261845         -0.14266782497773034
5.9276666394925925        -0.14134013659714725
5.943113880738965         -0.13951581071289537
5.952967956719153         -0.13836059706041387
5.974266326717166         -0.1358865171807928
5.996485218877678         -0.13333869211789973
5.9971556186394155        -0.1332623444963256
6.000528127126817         -0.13288111029143115
6.006960136882024         -0.13215719831011688
6.026218359454136         -0.1300146149960065
6.027959971703788         -0.12982269155888101
6.030446075959686         -0.12954925498634917
6.03496707920545          -0.1290494862132887
6.037401421212474         -0.12878102335594932
6.0492577590977525        -0.12747987825572482
6.053688777841161         -0.1269963283782007
6.068505834135659         -0.12539012211041137
6.077550925808479         -0.12441775061237363
6.085685155110035         -0.12354856893045206
6.091683619350382         -0.12291080094293737
6.118917922318442         -0.12004253386547922
6.119188099909203         -0.12001431550377471
6.11929539247878          -0.1200031107526459
6.147225883519617         -0.11711644258311654
6.15883684576207          -0.11593431975352492
6.160112716609064         -0.11580483121786926
6.1665779487678964        -0.11515179347174563
6.186551681322632         -0.11315221595070583
6.20026299427611          -0.11179524598775513
6.2073495325665           -0.11109891312457212
6.217761297362843         -0.11008202197007003
6.231072344442693         -0.10879268169520681
6.232608948654986         -0.1086446167658732
6.236447496051039         -0.10827544018635234
6.25411928227877          -0.1065892911224083
6.267737921353974         -0.10530457281782031
6.280250266999472         -0.10413549649151511
6.282865044914726         -0.10389102079977047
6.31228229730086          -0.1011709809682111
6.326923346308821         -0.09983802384118048
6.327318857372946         -0.09980220743830832
6.32804314820274          -0.09973691460171548
6.329907559052934         -0.099569037285528
6.330769383821816         -0.09949153046773794
6.332157084016402         -0.09936690353489931
6.340380443053492         -0.09863061149021968
6.367038990534836         -0.09626997273567482
6.391905946537488         -0.09410436996018959
6.393974268362765         -0.09392581018210705
6.397300923398745         -0.09363912182711674
6.435048343462848         -0.09042964441770485
6.453420980326025         -0.08889648025392784
6.460605846651317         -0.08830207531927538
6.463229031003884         -0.08808578183912713
6.470721105784721         -0.08747104948446055
6.50093059379792          -0.08501043181779992
6.516794535393362         -0.08373971157232063
6.518585473390404         -0.08359810921934456
6.541593540416971         -0.08178798734939359
6.551074175131661         -0.08104822514641993
6.555440099382115         -0.0807104306552327
6.570565970933952         -0.07954647576182627
6.598149047088722         -0.0774492715607896
6.615718097245263         -0.07613052582187702
6.620255393873615         -0.07579211127067356
6.63459772488309          -0.07472821402180746
6.638888226395801         -0.07441166984600055
6.666718389753636         -0.07237765373208052
6.685070688365116         -0.07105458098118733
6.690659906945317         -0.07065527277332916
6.709464512935198         -0.06932360561405196
6.721684055415718         -0.06846800384920045
6.738016787231991         -0.0673363783196997
6.751888056348074         -0.06638605855627261
6.7704757100114605        -0.06511789186972734
6.773954963687832         -0.06488197705043372
6.790988548102046         -0.06373364758060104
6.797977326612798         -0.063265691247758
6.828000600719524         -0.06127654231010512
6.835795528963611         -0.06076645990874553
6.837944331009113         -0.06062627890362623
6.843431410399358         -0.0602679733453226
6.843925657828146         -0.0602358565282636
6.844576075039106         -0.0601936035104728
6.850080937164288         -0.0598365333771616
6.863977540060325         -0.05893944925861072
6.893830072238988         -0.05703323077371881
6.911244332313262         -0.055934416465581456
6.91391480182115          -0.05576731580728313
6.925853840579856         -0.05502289941225505
6.9471933617131185        -0.0537031434092074
6.960956689740462         -0.05285928530498661
6.980871364273776         -0.05164846972193963
7.000503940675758         -0.05046618388304483
7.012101818892231         -0.04977338395799493
7.012839564208245         -0.04972945619043327
7.013385627236602         -0.04969695271230392
7.019943488840055         -0.049307331400731486
7.026704953090666         -0.04890701365977161
7.0350612511484005        -0.04841423664769642
7.052678669774085         -0.04738243899208208
7.066837295166195         -0.046561247870863506
7.072948686640899         -0.046207248002126146
7.079185912542432         -0.045847046807571984
7.089387083185586         -0.045260546199536913
7.0993544216096165        -0.044689217145190294
7.112469365440299         -0.04394153230770749
7.1143700050479985        -0.0438337690973968
7.116354385985392         -0.043721351926838944
7.130695224507828         -0.042911784795272113
7.13238045851638          -0.04281697962530826
7.152662293651709         -0.04168143152865164
7.171573077356829         -0.04063168713158319
7.176284036752694         -0.04037153748594546
7.183957802949393         -0.03994893432949734
7.1874379993052395        -0.03975774940205906
7.1909545822554195        -0.039564865701478644
7.194840583834242         -0.03935231285420513
7.1966475619058965        -0.03925357750459119
7.205322569292761         -0.03878045823020796
7.208495727456853         -0.038607769140151627
7.249901388498605         -0.036372525246262555
7.2647866236591225        -0.03557718969578274
7.298055016528876         -0.03381535402925648
7.300192400088128         -0.033702905177169326
7.3002925979563615        -0.033697635917538896
7.305849657212138         -0.03340570703967276
7.308792139401791         -0.03325139406331372
7.3128875050035695        -0.03303690994936427
7.31346601773371          -0.03300663902603934
7.320301846977086         -0.032649460753562905
7.322103977276044         -0.03255549571959242
7.330296448905939         -0.032129214988626864
7.358815387248648         -0.030656581474022684
7.3679022675711           -0.030191049708890458
7.369592166797075         -0.030104486549672047
7.3786804509531105        -0.029639688297302225
7.4111383787014775        -0.02798987607252839
7.4203160760414475        -0.02752626233195212
7.422497852069801         -0.02741623626277448
7.425648947806086         -0.02725745452945863
7.427949654650303         -0.027141617951162232
7.442001568401766         -0.026435861526925744
7.4495628924235175        -0.02605733984770729
7.463503517408297         -0.025361802154202424
7.470143175047653         -0.02503159430057366
7.473241746122699         -0.024877641096007763
7.477105468597504         -0.02468582984211494
7.482319487917119         -0.024427263420114347
7.490923094596534         -0.024001088489250397
7.519744927845696         -0.02258175503039899
7.532451896040108         -0.02196054800083192
7.536928227161857         -0.02174212729822813
7.551900886187983         -0.021013110847051857
7.568181473783964         -0.0202231516413845
7.577351028723973         -0.019779487417927552
7.577403490989392         -0.01977695166344612
7.589151168345867         -0.01920987623417628
7.616618019722231         -0.017889816503129572
7.6222501614078375        -0.017620139081009612
7.644378767303973         -0.016563259237244395
7.649151294300055         -0.016335831885308797
7.671579404559564         -0.015269552758522983
7.673969113005376         -0.015156183841195797
7.674512567274801         -0.015130408635450456
7.676766472142799         -0.01502368416008391
7.699119758227862         -0.013967085945387345
7.702492043665797         -0.013807925601156715
7.729591070845804         -0.012532179579587018
7.73144758724519          -0.012444990634526025
7.7455095095241475        -0.011785467300167534
7.754468962853053         -0.011366064881530025
7.776889138213831         -0.010319307020709252
7.779025737390606         -0.010219758608893317
7.7798153708858875        -0.010182916862993083
7.78152930666506          -0.01010296212062705
7.782750471617066         -0.010046005023308338
7.8038495090120845        -0.009063224570708862
7.811696959425442         -0.00869832818457161
7.826179422499293         -0.008025763182775954
7.827044765645814         -0.007985598361111342
7.83991633188376          -0.007388454433068563
7.860068911423962         -0.006454896357356841
7.879818230069699         -0.005540963077157235
7.885948088380035         -0.0052574834871752475
7.906944797489606         -0.004287158222093562
7.924328836113001         -0.003484717820538786
7.931345918067745         -0.003161012276012352
7.939909115034849         -0.0027661387798836212
7.955668784328518         -0.002039863567288216
7.981647827115308         -8.439023175321277E-4
7.985225749306296         -6.793141153529522E-4
8                         -2.5112416342263513E-17
