0                         0
0.002335170511543268      2.856209350213512E-4
0.002825961149286991      3.456557740430311E-4
0.021841664865371837      0.002671038747614822
0.022533070155538137      0.0027556412638338173
0.03163133128718243       0.003869274784477928
0.045465394881589447      0.005563791266027016
0.06033715878951257       0.007387052555543939
0.07627801892453406       0.009341855949063373
0.09047752119163428       0.011083868186649255
0.09318439970433401       0.011416031420673363
0.10078881155927438       0.012349312110080632
0.1118735085719494        0.013710086688434169
0.13378913105861726       0.016406562499547552
0.14629639179200038       0.017949687570782316
0.14987847567008816       0.01839253779333514
0.1516757846363329        0.018614816605486112
0.1616315200768841        0.019847028526259674
0.18545626003162125       0.02280145461262645
0.1923026572808988        0.02365193004234071
0.19342636549429826       0.023791582677713044
0.21347273017890261       0.026285896739549706
0.22142929804126885       0.027277477438472326
0.23267560574805984       0.02868122058973649
0.24724254207954904       0.030505643081406006
0.2595259778684325        0.03204951289961889
0.2641395528466644        0.03263066624649288
0.28293255422635777       0.03500520290147404
0.2834477958847677        0.03507046896500476
0.2839225336503101        0.035130612123878795
0.30206915080109553       0.03743473547121323
0.314014402560221         0.038956674649029605
0.3219146397358131        0.03996551687644047
0.32504336878462203       0.04036647869672793
0.333258606174465         0.04142101625713307
0.36191341122173987       0.04511869296579896
0.36753824032092974       0.04584808114930784
0.36958798228967205       0.04611416672615977
0.3741583890114528        0.0467078640262342
0.3836148629556756        0.047936563464952314
0.38827693449976314       0.04854403442626032
0.395097567432014         0.04943481184509909
0.41605633540897774       0.05218701399456449
0.4200450756906573        0.05271331604366945
0.43843484168889235       0.055150212482675987
0.4546332540563343        0.057310914868287544
0.45826277825943146       0.057796878966661684
0.4702839820393969        0.05941118661512175
0.4845661062589055        0.061338624297249386
0.4865192253585353        0.06160300973327208
0.5001984684063282        0.06345730613340983
0.5119730871942495        0.06506660875458586
0.522379871197633         0.06649473445392981
0.5332244525359744        0.06799033986902163
0.5370769376472418        0.06852346467127747
0.5442371673543407        0.06951686272073969
0.5608862436080007        0.07183945656071189
0.5874313241281238        0.075579391080669
0.5874390739175154        0.07558048955598334
0.5876106137258531        0.07560480504241049
0.599392616018368         0.07727940713010165
0.6100360759388566        0.07880393182512181
0.6396519003448726        0.08308963931221833
0.6561280436989785        0.08549745862978891
0.6663812590906868        0.08700850398027907
0.6704355228266754        0.08760866825862779
0.6834829686015202        0.08955041271753147
0.6924600907010229        0.09089552540741078
0.7110964736457399        0.09371170141797394
0.7162755195369833        0.09450092828064402
0.7191997222112649        0.09494765442552214
0.7264798388999921        0.0960626822074392
0.7389369183873139        0.09798175227716978
0.7591275762807138        0.10112206883901739
0.7649489056998457        0.10203433633373098
0.7814791293810183        0.10464154054684183
0.7820020579713541        0.10472461384647216
0.7882358094947722        0.10571733764828062
0.8049377846004369        0.10839913141316092
0.8064453206033589        0.10864240300685732
0.8078283592619518        0.10886581992251192
0.8178772882469029        0.11049589736945155
0.8247305669619426        0.11161441907392482
0.8263044648127843        0.11187207582768648
0.8458427949329219        0.1150949199343798
0.8650596595771018        0.11830861018903646
0.8739512091895864        0.11981029169186337
0.8987982105982766        0.12405604991924463
0.9272547546608807        0.12902015689253252
0.929716679448598         0.12945499359846296
0.929976838376852         0.12950099220598432
0.9496835041081714        0.13301205583371065
0.9598135682802588        0.13483742815989688
0.9755703872360453        0.13770441999225583
0.9964818484164836        0.14156341354720056
1.0097892835356248        0.14405986145536417
1.010393839511599         0.14417402663409484
1.0112095371177954        0.1443281676289709
1.0123728101005407        0.14454819510408357
1.0139522515689479        0.14484732601276312
1.0362113075494532        0.14910726097263305
1.0542408090466968        0.1526212468214948
1.0613820340300295        0.15402880007058262
1.0887564607403677        0.15951129537413616
1.1174361982314789        0.16539251750850884
1.1233019844339118        0.16661269394044464
1.1387119973016961        0.16984975843143885
1.1798352952453997        0.17874393826126017
1.1812687483823598        0.17906067669821432
1.1831495263718343        0.17947658845125497
1.1836022673463125        0.17957681692303407
1.1851512383525105        0.1799200537733723
1.1860455459028745        0.18011845145764344
1.228737099834309         0.1897834054015296
1.2288286008333502        0.1898045285776448
1.2289070234700255        0.1898227016761466
1.2292538294777187        0.18990308655532606
1.2534097044118566        0.1955765227948931
1.2763899446276856        0.2010871161617468
1.278671617641869         0.20164286412623184
1.2794626000804863        0.20183588704905575
1.3034087308895697        0.2077679255783089
1.314986581863786         0.21069747485755408
1.330554957059595         0.21469987520183936
1.349332219776387         0.21962356404460615
1.353207668338327         0.22065396055161343
1.3562886871594049        0.2214759739781459
1.3968450040501155        0.23253073309509084
1.4026501308395967        0.23414808803422438
1.4272819700095132        0.2411925675785398
1.4282922463168655        0.2414863484123933
1.431303775244554         0.24236222336987026
1.43400406791651          0.2431504291046716
1.436331540048565         0.2438319728784919
1.4717794376291524        0.25441727773937634
1.4800388759974354        0.2569546005095333
1.4894218586650567        0.25986960173768187
1.5045311832235109        0.2646363036659382
1.5187815044202502        0.2692142042848864
1.5480895862830493        0.27894578745277754
1.5528238440674393        0.2805505863823733
1.5587313705744634        0.28256943369137477
1.564964418928462         0.2847147221749832
1.583322880857205         0.2911239954039016
1.5855897095435914        0.29192477583571447
1.5887902162344332        0.29305890162627535
1.6086384413360588        0.3001670707586559
1.6259552792862901        0.30655972127537273
1.6370162822562568        0.3107361525370541
1.6518977157903336        0.31646970437496136
1.6575343168010077        0.3186757161005777
1.711845352858676         0.34097325528045747
1.7154093866288198        0.3424985198104764
1.7190105435985523        0.34404270311885665
1.7219001777283998        0.3452869337885419
1.739082775503317         0.35278018431265606
1.7395393737508174        0.3529815160407572
1.7399738021984783        0.3531731785327815
1.7731117380612749        0.36809853672897663
1.7784098735083387        0.3705407346759745
1.7811252012054157        0.3718111099530308
1.7883903792605556        0.375242202609761
1.7891549503603792        0.37560599712909315
1.7964131384920259        0.37908529502179367
1.8060983149222167        0.38380054151668297
1.8075106087766035        0.3844950479453232
1.8080858460119067        0.3847784307236156
1.813226633620826         0.3873239597477079
1.816886728492079         0.3891608902416618
1.83729941040936          0.39959007982727984
1.8615319864203415        0.41237703820175187
1.8642875114350994        0.413858979854017
1.8719692329843614        0.4180101914529376
1.873208468702185         0.418684070398131
1.8750350969391192        0.41967948991205034
1.8849623149707142        0.42513966413032117
1.9063181477209226        0.4372358244437328
1.9162153606689056        0.4430037616860587
1.9311484180988705        0.4519007707523742
1.9381901276307556        0.45617724114606867
1.9422005196226477        0.45863599658051885
1.9474769533592076        0.46189662956862504
1.9577559102755573        0.4683323993175839
1.9642668626342465        0.47249472625974576
1.9742267227610206        0.47895247248845657
1.9831298444021497        0.484817801972556
1.9946086014146605        0.4925091554471275
2.014122005658045         0.5059181269335793
2.016260599232564         0.5074205576065748
2.0278590127984266        0.515674017635469
2.030940221432431         0.5178962366154756
2.034840753870241         0.5207272010163945
2.0459351612936256        0.5288883568616811
2.0478936413178856        0.5303457767117161
2.0500096705076207        0.5319260848185031
2.053494260574907         0.5345412529510337
2.054529712705283         0.5353214200799584
2.0578677052715473        0.5378460100689862
2.0580792209919916        0.5380064753118865
2.059751188519997         0.5392623331789803
2.066644506412405         0.5444921303754715
2.0678078039951355        0.5453829586769345
2.0915354107372663        0.5640736855393692
2.0966112772987975        0.5682009331996265
2.105914951527617         0.5758837955709828
2.1109235096720527        0.5800829942574434
2.117341594973242         0.5855409041712639
2.130752402993269         0.597132640962331
2.1331672726246222        0.5992468627862224
2.1475208684049933        0.6122360447748292
2.1521745429389796        0.6165149366087572
2.1526836277208377        0.616984825244631
2.1548986280571376        0.6190338178656896
2.184681260257096         0.6473001986488299
2.196182672361929         0.6585727528676155
2.2149799211190015        0.6774694296935104
2.2303198595075275        0.6934880080483337
2.237134365358853         0.7007762468824252
2.2678041212072624        0.7348898453215712
2.2775858407015015        0.7462214106179921
2.285700296187944         0.7557872390367754
2.288435940005389         0.7590460545345694
2.2946302870369495        0.7664945110563742
2.3172856466716394        0.7945629328684132
2.3250515606513833        0.8044830173316353
2.351063004529094         0.8388204025200995
2.3625309525096143        0.8545024463660666
2.410407756807128         0.9235641680387885
2.411945440812156         0.9258783141657448
2.4136900690527985        0.928511141237594
2.4171009849099114        0.93368080144471
2.434477821224045         0.9612914487555146
2.4415867385383274        0.972802310323889
2.462437726107608         1.0073241752759794
2.4685010230812323        1.0173397210265869
2.505394906791033         1.0834100448151316
2.5060556690543763        1.0846239727417686
2.5089778475650153        1.0899082301073681
2.5122550784439146        1.0958623996241559
2.5162549349319883        1.103169372087419
2.518580634573478         1.1075189798606628
2.5236308155610114        1.1169953160657662
2.5612019172210414        1.1888408081157193
2.566362389204046         1.1988942634503983
2.574006564114227         1.2138686435924755
2.5865716729738084        1.2386961791704658
2.5936355196175462        1.2527702377754009
2.5972055070113553        1.2599150101767194
2.622802974165234         1.311771800848829
2.6291474306014755        1.324318809814336
2.633580936283972         1.3331275275523848
2.6675452910689033        1.403060787541317
2.6703243593614765        1.4088277394096052
2.700723342899287         1.4723523073587435
2.728232225846865         1.5305362912038085
2.7457271993283725        1.5678852818762905
2.756254573787427         1.5906509294490432
2.783145934320435         1.6452853190274581
2.7857459234182134        1.6502982072415868
2.7859452551031945        1.6506805663900934
2.7863579613675244        1.6514713342708287
2.7963877827750454        1.6699293501112369
2.800988983765058         1.6781238852066909
2.816331204501593         1.704206359419732
2.8197566927930247        1.709769027910665
2.8354688967157555        1.7340642426870794
2.8425642980720713        1.74437906808354
2.853446371349425         1.7586809802410417
2.861723328828611         1.7690576281659456
2.8793162519745255        1.789674308646087
2.88097179568561          1.7915136279178407
2.8842121545534414        1.7950635200744438
2.890683704514358         1.8034816767133295
2.895634765319036         1.8094905182414154
2.8986154054341813        1.8129275941600178
2.9013303404369415        1.8159403029267194
2.915009747438482         1.8294090681218556
2.9152615846336754        1.8296302605215091
2.9343283641087674        1.8435666722524964
2.9452670385211333        1.8490579298236554
2.9492674566456887        1.8506102049007307
2.950975855704585         1.8511736601952165
2.9530397214413995        1.8518156040464684
2.9992092201159695        1.8550923995979847
3.005584059577427         1.8538776757250328
3.0164178549161482        1.8508853784486339
3.0239919357742373        1.8480994824439252
3.0309915646309333        1.8450171557755457
3.0380120488778566        1.8409954021263626
3.0511590839175367        1.8318344681919072
3.0603166279100216        1.8241981176484834
3.0648287996532644        1.8200564037614058
3.081485240639082         1.8026005057018664
3.0889520140161113        1.7950869453833525
3.108808042373952         1.7672258682199846
3.115346225184698         1.7571047209294177
3.1196168723812097        1.7501973180540473
3.124438896157235         1.7421165659718796
3.1315930155925136        1.729577511172757
3.1324756746860167        1.7282773418136306
3.133420897955723         1.7268789717656814
3.141904416404447         1.714048635625431
3.1484792352253272        1.7022266525476617
3.1640051041415163        1.672855963778402
3.1736363316924048        1.6536095522023435
3.1901491587938082        1.6187819366659877
3.1946872175808005        1.6088057752916056
3.1948003478313773        1.6085548475661249
3.2005946525943036        1.5961480178478014
3.2007203424192694        1.5958775424236067
3.2225844164379005        1.5479572929157712
3.2563908352110977        1.4704556692653954
3.2687059427548553        1.4411949308130017
3.2704366020969284        1.4369729243790297
3.2872263484614264        1.3955198515759826
3.302403790988824         1.357276884334462
3.3131239528227603        1.329824090041439
3.315870361976675         1.3227321892440862
3.3308337589775605        1.283672146483116
3.3574663650251573        1.2140866223820834
3.3880692956123397        1.1367645451974624
3.3893600704299636        1.1335039990246403
3.397184096304522         1.1138662904121284
3.4411436089287606        1.0075557025711324
3.448607946569274         0.9901827389879152
3.468902613756087         0.9439436391658955
3.4692466362505225        0.943172759658942
3.469515851256833         0.9425695049609545
3.490921843884814         0.8945961567228167
3.5178802714480915        0.8341595286341215
3.5286929423696716        0.8099130459178324
3.5324457105026323        0.8017711636500247
3.5396600611974978        0.7861906914189513
3.5477756821306166        0.7687762920209864
3.575178010500537         0.7108568071433745
3.5822921765915914        0.6960418529380895
3.5877653745783986        0.685046893764054
3.594664259284406         0.6712798190344623
3.6064735611194187        0.6477010253814637
3.6372142955427313        0.5880319934962307
3.644211861733017         0.5747944207392246
3.6739412458803624        0.5199805965970725
3.6798192989985328        0.5094163168159598
3.689504266865541         0.49220700416497665
3.6991767395911785        0.47526449876600135
3.699217681170771         0.47519330417529027
3.6992464579494815        0.4751432659575545
3.718464828386735         0.44183537193740635
3.726514303169295         0.4279529893161335
3.741418501130639         0.40235532048173367
3.747426770069373         0.39207538381331025
3.7552938646627534        0.37874476699404236
3.7719640591772383        0.3508158773623811
3.7772001789769445        0.34213267537101755
3.778156003106379         0.34055221252768364
3.785688706995968         0.32814659638612703
3.798402370113748         0.3074088101701901
3.80169304651468          0.3020822433992924
3.8153561305784316        0.28014632286238295
3.8217445409292474        0.2700518318305494
3.8449575555151356        0.23405320400605367
3.8508363745169043        0.22493643614044626
3.8661074047507995        0.2013368320168543
3.874082955836304         0.1890548335033966
3.8942221785799083        0.15821401979051522
3.9081003926395046        0.1371051931061106
3.9237182479343966        0.11349087620626314
3.9394475643517115        0.08985842518017048
3.9530154683320844        0.06959462587607648
3.973816983502873         0.03867084308511695
3.986130039365328         0.020387320915515206
4.005390959271368         -0.008268139310022134
4.006554327479207         -0.010001095994848462
4.012937339829843         -0.019513616536389312
4.0267319665269           -0.04009680272026862
4.041231356108751         -0.06176876743739036
4.044437129472613         -0.06656552195118877
4.04869679867541          -0.0729420891110108
4.053295504910739         -0.07982094367857025
4.0557410135498095        -0.08348258582019535
4.058184472738508         -0.0871436501960448
4.062968239521908         -0.09431843456848996
4.0682558496199           -0.10225999662323423
4.075158318033637         -0.112644489446638
4.1022941739347925        -0.15366191195155898
4.105132721268379         -0.15793207160899586
4.110722993172876         -0.16637265407826782
4.129219375409088         -0.19459170387708757
4.132331442153098         -0.1993836991037765
4.133724809332045         -0.20153333493245013
4.162127903118547         -0.24590712799553582
4.163283959844159         -0.2477356117866517
4.163302481106006         -0.24776482558666757
4.164602089574511         -0.24981674130078746
4.16593628150809          -0.2519240612735075
4.171491037444341         -0.26070637448776035
4.1740526837052485        -0.26476119136967385
4.198962334567518         -0.30434660997281193
4.21064216334833          -0.3230051872282341
4.22910886425379          -0.35318970184622456
4.2316458975573354        -0.3573829095621299
4.244486064978643         -0.3787768072302142
4.263662866077088         -0.41126245296772457
4.267782890639413         -0.41832526063408926
4.3007899375484575        -0.4759735348972336
4.306211993543491         -0.48562456399447335
4.309592360301419         -0.491667344579488
4.313011386182347         -0.4977994455149547
4.322546089964979         -0.5149503494628727
4.325024229781156         -0.5194312042011
4.329407568158188         -0.5273803959322874
4.34301588718623          -0.552249980636044
4.3572532422551           -0.5789836736288807
4.369664537259544         -0.6026133070403783
4.373773162296712         -0.6105623058621352
4.396020455978338         -0.654141455921719
4.3962382458677105        -0.654576711357788
4.396376987019014         -0.6548441838006087
4.422744151355153         -0.7073586928087773
4.447202428816562         -0.7578009869174077
4.464984690472921         -0.7955199112495287
4.46524960279308          -0.7960884833472731
4.470190281570245         -0.8067282757993114
4.481232721524774         -0.830753831859198
4.481762067877837         -0.8319140785758382
4.494972259460866         -0.8611213504084624
4.517636411785336         -0.912362287342689
4.549411264324321         -0.9853211346330407
4.554976521736945         -0.9985662646015521
4.556303540662716         -1.0017450640357612
4.5697526124799115        -1.0344078021714207
4.595436739854458         -1.0990418680399494
4.603761653683211         -1.1206272578789989
4.607743027887918         -1.1310944882791256
4.627452924086931         -1.1814327214877414
4.651479201243892         -1.2417462873125713
4.65340896841458          -1.2465406345391064
4.669032796087251         -1.2850830898503351
4.697271082573002         -1.3535082987056228
4.697494532529503         -1.3540434024723143
4.697611773193782         -1.3543241231148466
4.737893536063243         -1.4585259842649065
4.746913398001088         -1.4806302951436916
4.74713202953526          -1.4811604994506993
4.760738779581686         -1.513638601838049
4.780290494688071         -1.5585158293206989
4.780948487228064         -1.5599893895082242
4.80960058137479          -1.6197679140926393
4.8118240933243515        -1.6241680751876961
4.813286453804051         -1.6270432202269274
4.8217952498953345        -1.6432141270583858
4.837939166691427         -1.6726967622565094
4.8421223109860065        -1.6800956528645787
4.845803571399009         -1.6865497242188723
4.874014545378646         -1.734234808537405
4.889586222443127         -1.7594802145438415
4.909674588202157         -1.788748389829658
4.9163176093719425        -1.7976090762296995
4.918102281283568         -1.7999202474705194
4.942338301142027         -1.8243933277355613
4.944879228542607         -1.82655390895191
4.9558600498997665        -1.8350067663953435
4.962459110788061         -1.8391309186839848
4.966265360877418         -1.841277178202771
4.96940889172882          -1.842921496520347
4.978540961198177         -1.847040224444889
5.005446062613171         -1.853483116629211
5.011783696962222         -1.8588091253254435
5.012539366226218         -1.8590951380070455
5.02084702920874          -1.8617157230033452
5.025861876740243         -1.8628328625712014
5.040118999544271         -1.8577161863557217
5.0570201257170435        -1.8493917205380441
5.0591904834053185        -1.8481451834705005
5.0748019753626386        -1.8379880075270334
5.086255850888723         -1.8292061058157252
5.100592887742017         -1.8133857315615587
5.10078358136643          -1.8132121963012073
5.111655200513086         -1.8027167210248989
5.117172957476455         -1.796937148845818
5.13110139312989          -1.78099186402503
5.157985946969122         -1.7421858215824717
5.161062939313039         -1.7372002543420537
5.164360682233641         -1.731850404904345
5.1711669846161605        -1.720707391387157
5.1792246755500635        -1.7073392117995152
5.180057951312028         -1.705945844466089
5.204055667101695         -1.6644932160289123
5.221307902798374         -1.6329272642218866
5.222916534811776         -1.6299087380378412
5.235523079496011         -1.6058086235448272
5.247788483197509         -1.5816048467598158
5.25383553220139          -1.569474556003911
5.266981707868232         -1.5426536823614734
5.295354220761084         -1.482667823786938
5.299449021409476         -1.473773473821425
5.30054107735438          -1.4718956556622351
5.302380965103738         -1.468719161636627
5.315052531522868         -1.4464072460188673
5.327887713024172         -1.418929303254406
5.333731100931029         -1.4064450260494052
5.337317825290508         -1.3987899422167234
5.343653141849119         -1.3852832273761475
5.349237781215459         -1.3733924408376543
5.363521470671168         -1.3430457838691485
5.381032300960184         -1.3059725332353098
5.387772676537472         -1.2917401468507421
5.402194422738972         -1.2613595405405467
5.414075645407409         -1.2372720485783923
5.41594139246684          -1.2335492392068492
5.422171962316586         -1.2212345733143382
5.428845876662749         -1.2076117958003953
5.435186478885925         -1.194799907684792
5.438865300861629         -1.1874247472119375
5.457659676029125         -1.1504146311387824
5.464581535791942         -1.1370655939888827
5.4689531203903785        -1.1288549814065918
5.471673495114615         -1.1237747160962321
5.476036835298825         -1.1156728250213754
5.47722639101945          -1.1134740038095075
5.485650473437595         -1.0980246787617922
5.518209690604233         -1.040324220628891
5.525387982820901         -1.028033047837408
5.5402362032412285        -1.0028310502798565
5.548858517276711         -0.98839355483557
5.575647182512855         -0.9444621925462072
5.587839698944757         -0.9254780842339677
5.588137980916402         -0.9250203499817247
5.598117480855416         -0.909890552482717
5.615758023054948         -0.8840220702403354
5.634891182096726         -0.8572299695771127
5.6356277910019825        -0.8562248169918676
5.654419733474087         -0.8312418345257642
5.6548607976329865        -0.8306619040881603
5.655702379240827         -0.829556103235841
5.6571487154348485        -0.8276579730123261
5.6902742837322915        -0.7849778971125587
5.691591927559376         -0.7832881855064511
5.708338072657247         -0.7628594218119629
5.715322723178482         -0.7545022480741408
5.715837284694016         -0.7538909076232405
5.733006914568769         -0.7338331313048506
5.734393826966379         -0.7322418372025133
5.748744631741953         -0.7160299702009616
5.769057815538747         -0.6938735872002917
5.773531059092596         -0.6891190127652649
5.7746920974313545        -0.6878923038929786
5.778422601681237         -0.6839712964726442
5.794183204068953         -0.667750982554918
5.805140585061666         -0.6568965173841765
5.811762391660546         -0.6504710501387254
5.815349107116649         -0.6469499133460876
5.819395243789148         -0.6430335266115517
5.820706768060507         -0.641774586308065
5.82265833364611          -0.6398752171674625
5.824384275297478         -0.6382013522192495
5.828388880248153         -0.634346322808745
5.832466396882246         -0.630545582586146
5.8734500378837184        -0.5938317213974915
5.882485132209123         -0.5860746115417366
5.913583871449818         -0.5603045357475775
5.91990529850794          -0.5552411140170206
5.9212629471990805        -0.5541616036210337
5.948391719598636         -0.5331804853202338
5.953436893656277         -0.5294024930048619
5.984209020024022         -0.5072005548470653
5.984574096889582         -0.5069458299836126
6.010421085371487         -0.48942873503499834
6.01073234411165          -0.4892187920798975
6.011958931167703         -0.48839255991378666
6.017848286504008         -0.4844498386464044
6.024995718233384         -0.47983564127412853
6.036268718880315         -0.4726462756501198
6.036783069765035         -0.47232082288758837
6.058674044220251         -0.45858963929434443
6.0607829429257265        -0.4572919229881481
6.0705334558455855        -0.4513492584918986
6.081912581650194         -0.4445332231854773
6.0891839449189575        -0.4402449614651627
6.101412771832808         -0.4331512975501849
6.114452950362674         -0.42575037920383146
6.120331343006572         -0.4224878905403757
6.141649432000636         -0.41096777227558345
6.143090973460691         -0.41020639427293065
6.144348130847075         -0.4095391787627289
6.1754555829848385        -0.3934047798744495
6.1785019624066155        -0.39186351663734287
6.190591056212446         -0.3858154676441856
6.196992830771721         -0.38265686044902925
6.203123836121666         -0.3796604980077485
6.208906222419698         -0.3768657299875593
6.230910302581873         -0.36646850380350765
6.245435795672604         -0.35980542650655273
6.2509753069885905        -0.3573063458209601
6.259857202119443         -0.3533477710836889
6.268748025757277         -0.34944490002419104
6.282374367428971         -0.34354962641669007
6.290781373582263         -0.33997309464357234
6.312574814060058         -0.33101133630888707
6.323143681667576         -0.3267452387534067
6.343326096875911         -0.3187437550269143
6.363725006077257         -0.31084997597192615
6.383582288115613         -0.30335267809249117
6.418370184386498         -0.29069913459663316
6.428041508581662         -0.2872932473117512
6.436269497071563         -0.28444570006838277
6.444593673526562         -0.28160327843078625
6.468138752511274         -0.27377264301505333
6.473934840305744         -0.2718923913235872
6.477658030542489         -0.2706717019728477
6.484932769309018         -0.26830533457166833
6.487241101070148         -0.26755964804560556
6.48757312350713          -0.26745233344319935
6.491746930058126         -0.26610709006737776
6.516912179417923         -0.25814509144963815
6.525483599287693         -0.255491515599846
6.531510738788093         -0.25364248710410314
6.531690604738875         -0.2535875371370931
6.532683337170272         -0.25328733731541947
6.533259200907485         -0.25311334275519665
6.537855762955396         -0.25172833468261
6.591218361020219         -0.2361466127299281
6.593014903128009         -0.2356379571902956
6.596336606453452         -0.23470021520006007
6.622962746379161         -0.22731163443723904
6.650746117301564         -0.21984492971731268
6.653346469085748         -0.21915879277948247
6.671323293503491         -0.21446421347997222
6.71673793995857          -0.20299933489017152
6.720722718183164         -0.20201795503428444
6.723574406151535         -0.20131835062458325
6.728640584368963         -0.20008105283562952
6.735462996572385         -0.19843230749067808
6.781518733282267         -0.1876167957274241
6.783777898733057         -0.18709886942485116
6.79723572167417          -0.184038015493275
6.8021329587209625        -0.18293456639142258
6.850752659910878         -0.17228003086231103
6.852875437996779         -0.17182728422124752
6.856856846449859         -0.17097467652215736
6.862609079873492         -0.16974992282313345
6.863626322241607         -0.1695338390270535
6.863948604267275         -0.16946542546056334
6.864024972067767         -0.16944921745394312
6.878287037347348         -0.1664440594160724
6.879826970502674         -0.16612217052295383
6.901004707314887         -0.16174664567368885
6.9093459539903215        -0.16005339504062116
6.923885269321777         -0.15712940857927427
6.927313229922523         -0.15644509819982685
6.93741424652457          -0.1544399501323146
6.947720806192531         -0.1524113587313291
6.960120610513987         -0.14999400088517242
6.964326626795062         -0.14917979691757935
6.973823785734252         -0.14735207005732506
6.975639468337949         -0.14700433743619828
6.998491605098132         -0.14267385269334892
7.013283969363158         -0.13991895322829603
7.016208838337499         -0.1393761650538422
7.0170257870905           -0.13922469475264732
7.023781339225816         -0.1379762340094584
7.028445771298607         -0.1371248961141374
7.030284778217942         -0.13678996467725496
7.051382746839209         -0.1329713018608253
7.063553238905935         -0.13079594863140215
7.07279310958575          -0.12915743132585653
7.112983346733438         -0.12216116369583978
7.11650556738929          -0.1215581504139666
7.117698326183618         -0.12135431706275124
7.119235329225059         -0.12109193106998373
7.1227582723942415        -0.12049169271825341
7.168045294394923         -0.11292114304437237
7.168508757208346         -0.11284506196396804
7.171843413461301         -0.11229848517046077
7.17573581004784          -0.11166076423447019
7.193263114937464         -0.10881295005663831
7.203205506347105         -0.10721129915347752
7.207707032278269         -0.10648963675776155
7.2122394466041895        -0.10576666709743379
7.218815664213854         -0.1047210854798748
7.235214848371544         -0.1021312279387277
7.245218757904451         -0.10056363301326769
7.2602442667917035        -0.0982266504073878
7.266656308771718         -0.09723653940130658
7.266819209347269         -0.09721143363756181
7.2985354036163805        -0.09237047279871849
7.306636674472531         -0.0911482244086328
7.307681573242546         -0.09099100232132146
7.323809197326853         -0.08857659721205079
7.325433102319202         -0.08833476461412686
7.341302402131133         -0.08598379023749171
7.350906786981878         -0.08457176828848244
7.3625798444803126        -0.0828666075519984
7.364031664276796         -0.08265537410258592
7.364882584695615         -0.08253138325789953
7.394124785274784         -0.0783047399219942
7.397487022229386         -0.07782304395225276
7.397591168244734         -0.07780815664316174
7.409682758293975         -0.07608446080602646
7.4174585747069255        -0.0749809737116435
7.430973927165811         -0.07307225169853683
7.433839938093405         -0.07266900961151486
7.460490447185137         -0.06894469874382435
7.4624723135910465        -0.06866956982407009
7.466506440895179         -0.06811040474715625
7.467291872784054         -0.06800168302930444
7.473908793233335         -0.06708721378688096
7.486443262462874         -0.06536210324416016
7.4899680475106205        -0.06487868102980274
7.518503035776766         -0.06099246229349925
7.529871367190707         -0.05945775004656721
7.551524105129827         -0.05655665666888923
7.557875716550986         -0.055709831949025956
7.575504996378587         -0.05336935785301458
7.5881743909431885        -0.05169638557298864
7.608958093193911         -0.04896827804646744
7.613961180974202         -0.04831459641805633
7.633456533542387         -0.04577864681014496
7.6450653906372015        -0.044274658414882186
7.65772238741826          -0.042642205400969406
7.679382957343594         -0.03986456753617878
7.690173506328542         -0.03848561503172789
7.6925557666686535        -0.038181607303313304
7.724661086319131         -0.034099632299393584
7.734454651427196         -0.03286003725203842
7.738472527010831         -0.03235214592015616
7.7569452946975685        -0.030023034132786574
7.761136677513003         -0.02949591436077382
7.7821131144085385        -0.02686553841018383
7.812426563958132         -0.023086944283790392
7.821465039205459         -0.021965464571011374
7.827580108755047         -0.02120806411901894
7.831234334482185         -0.020755978132680278
7.835257723069787         -0.020257579050020465
7.837468805583691         -0.019983759453624846
7.852742639356849         -0.018093789199441143
7.860048807309379         -0.01719067909180723
7.861979254155077         -0.016952160472057255
7.865168844876439         -0.01655809403509272
7.892971862610435         -0.013127643025773062
7.9100262473408           -0.011029901458510863
7.920304689923116         -0.009766790853581118
7.938561075839229         -0.007525444645641421
7.959496431193381         -0.004958614980715109
7.9779455194969495        -0.0026996443502973677
7.9804421024185626        -0.0023941716933432253
7.982024963311879         -0.0022003286266457913
7.996847119141294         -3.8581708674818784E-4
8                         -3.342718612508197E-17
