0                         0
0.0018296548035661143     1.0199557071133757E-4
0.010449581265118912      5.827262646511799E-4
0.060204549683112424      0.0033636525131180576
0.06738855306595037       0.003766002908154232
0.08776677192633495       0.004907781636996962
0.10098872827188511       0.0056491876474752435
0.1038136197113014        0.005807650201754527
0.11283126404216805       0.0063136371992220525
0.1494610590792027        0.00837117693844326
0.15093379750835467       0.008453976721099325
0.15585451382488763       0.008730669155351263
0.16034823586318286       0.008983407661232408
0.16203650129453212       0.009078575990717888
0.1664817244908902        0.009329270822529278
0.16742229989174856       0.009382337396304771
0.17154510054726213       0.009615031197049258
0.18653497852118972       0.010462283977057858
0.20427116366027248       0.011467220930931173
0.2207498221725421        0.012403294033278086
0.22493426874592604       0.012641461751056217
0.23294397535838715       0.013097888894551825
0.25460099456589574       0.01433552158438183
0.28583863337419557       0.016129719281452484
0.29119403558965506       0.016438392530739292
0.29556419379147514       0.016690511643610607
0.3137077446600511        0.017740194725110976
0.31840309185725885       0.018012423894729842
0.3357081044255038        0.01901854629438468
0.35527922603180495       0.02016173647584845
0.3723902615079407        0.021165850362678096
0.38315481782020155       0.021799748496952844
0.38508842725883713       0.021913794804265075
0.3994362139776469        0.022762312899910042
0.3998540150457898        0.02278708216360438
0.41563607373677997       0.023725238525440288
0.44362661638043177       0.025401197217466774
0.4581105950986698        0.02627450152709157
0.47834823274479166       0.027501990586039225
0.4798609360162596        0.027594060292296694
0.49255175379823596       0.028368891029216168
0.4932552351832184        0.028411952919937075
0.4967987097866232        0.028629035690183078
0.4994036882602683        0.02878881273693634
0.5112955626382769        0.029520239066072058
0.5261752648348025        0.03043976500808889
0.5348945344357536        0.030981004316838114
0.5381006219037776        0.031180466877381043
0.5597460654956357        0.032533423639662884
0.5607684192453849        0.03259765164631154
0.5765862572850744        0.03359512633476866
0.5856305452467002        0.03416806605192428
0.5856363251869158        0.03416843294285845
0.5935075455324216        0.034668950594070894
0.6036991265771494        0.0353196270117126
0.6037266544520732        0.035321388505019244
0.6316223236220457        0.037117464448400146
0.6415290295793542        0.03776062393736662
0.6451697191569443        0.037997682969726686
0.6473843966133088        0.03814207289563826
0.6529912651414036        0.03850824487854004
0.6618839623278048        0.039090835712110195
0.6756672665544523        0.040000068011335405
0.6796302888508714        0.040262755596256077
0.6917012050867332        0.041066345272269086
0.6919884753214056        0.04108553324302499
0.7019828141619217        0.04175494055881581
0.7023699881601235        0.04178094507818969
0.7111274695284816        0.04236977577123294
0.7441965887565192        0.04461856109187724
0.7565190735089028        0.04546734029311675
0.7597771044658193        0.04569273698621191
0.7643504148180402        0.04600981989788124
0.7708696308780909        0.04646321764479118
0.8075057730666414        0.04904176414817058
0.8090084625941866        0.049148688805159824
0.8126587548506183        0.04940879583342454
0.8213105013141083        0.05002737452620399
0.825197527657005         0.05030624242430711
0.83194604738957          0.05079180956744211
0.8366724994322068        0.05113294835050417
0.8427101893940139        0.05157087162621072
0.8441216000586933        0.05167349499318965
0.864852213935256         0.053191793772319466
0.8777546504192003        0.05414541289475724
0.8820293657920387        0.05446320629093556
0.8950788763367408        0.05543903398336602
0.90672340758432          0.056316868322078543
0.9131831958958023        0.0568067924006818
0.918958377584318         0.057246574765592764
0.9291048592504885        0.058023303687288474
0.9370787710580236        0.058637359552469535
0.9376064576681991        0.05867810873264725
0.9492128705115652        0.05957793116584742
0.9580996283100038        0.060271492663580256
0.9584061882106377        0.060295488949922385
0.9759079125493795        0.06167330701735682
0.9795720312743206        0.061964408247687446
0.9852425451273281        0.06241638377711109
1.0142610223971757        0.06475246495142797
1.0190347068790264        0.06514219049093445
1.022288547870284         0.06540867242699999
1.0226786837788173        0.06544066919901978
1.0233962526708904        0.06549954567021463
1.024558467902849         0.06559497534876581
1.0307116057160572        0.06610165292004386
1.0437374729447606        0.06718226822744956
1.0683335206887277        0.06925238952431292
1.073607382683723         0.06970131114529945
1.0762010308998293        0.06992275878612988
1.0992884463749122        0.07191391760737713
1.102258191574918         0.0721726434876889
1.1036190641705366        0.07229140165648927
1.1039253112417917        0.07231816013487305
1.1207421671031579        0.07379718365774054
1.123586367935382         0.07404920055093285
1.1339873623186643        0.07497541772958963
1.1436152345133088        0.07583924535930935
1.1566582967683419        0.07702164804107703
1.1794647347424845        0.07912041604348623
1.181098422527139         0.07927228405068158
1.1943375950935644        0.08051053358881889
1.1965032893668188        0.08071436561916692
1.1973672106265163        0.08079583169284482
1.2368179335754446        0.08458270275667798
1.2375185703142584        0.08465113739568768
1.2383068333538145        0.08472806199340979
1.2498228215167608        0.0858585825444843
1.2686577756262813        0.08773465164311185
1.2800890783551995        0.08888812978580618
1.287188022588944         0.08961046436621184
1.2876967751541732        0.08966240810845472
1.291627825065165         0.0900645670452541
1.2950181485719114        0.09041254276115006
1.3049894735777121        0.09144206992480367
1.32343530066285          0.0933705436775692
1.3457449830670212        0.09575221686284176
1.354089729531834         0.09665549723674144
1.3546119017189675        0.09671224506045277
1.3633175271423579        0.09766224700284712
1.3646236917015713        0.09780541803328377
1.3654513171047329        0.0978962213847182
1.3701878118794677        0.09841716958632087
1.3761121231220328        0.09907252399158767
1.4079049245577977        0.10265963460013512
1.4177652716920175        0.1037961835145445
1.4216442198574704        0.10424640676072613
1.4218704389602088        0.10427271797627119
1.4255667152223608        0.10470334640085485
1.457022823657641         0.10843462427850559
1.4579232665851918        0.10854265489794378
1.464653074519964         0.1093539256420328
1.4800918002797672        0.1112407885068904
1.4922981238973843        0.11275797954586819
1.5136036515048552        0.11545986174653981
1.5228642970414203        0.11665340217799208
1.5259241243329793        0.11705039897212305
1.5278329895400384        0.11729872778443476
1.532891549159147         0.1179598037436774
1.544094542256913         0.11943570413345563
1.557446576560774         0.12121603333704181
1.5879626095856672        0.12537198349866482
1.602900133853342         0.12746885357201415
1.6152094756320365        0.12921940560697082
1.6249469947449156        0.1306226672912875
1.634909580286017         0.1320752365920946
1.6514367180951148        0.13451650823145594
1.654507168594338         0.13497565562919075
1.6607892797757768        0.1359205366882143
1.6689311850839204        0.13715607974662336
1.6806323916204398        0.13895336767480265
1.690242437224555         0.14044852370681926
1.7085369281179787        0.14334235653037267
1.7206536956680636        0.14529330010199704
1.7248365250968138        0.14597496335003
1.736929577381271         0.14796648469818754
1.741688885636941         0.14875871897708007
1.7697034604190616        0.1535188307013875
1.781039520103605         0.1554920369229432
1.8052402516161554        0.15979520412987486
1.8079438665567484        0.16028360721097012
1.8174385684035967        0.16201432491833512
1.8341890994281809        0.16512024233690104
1.840216218370339         0.16625577245224388
1.8411472906591728        0.16643203770366988
1.8436504982473496        0.166907055821516
1.8536250301557056        0.16881615156383376
1.8658226169878476        0.17118613301944396
1.8696347187708038        0.17193480986628418
1.8750927801358293        0.17301336738761328
1.8785624957101643        0.1737030661961963
1.8830290110067949        0.17459615958991442
1.9080288620985923        0.1796883789438855
1.9314903502485523        0.18459370870732372
1.9340504632847608        0.18514092210696903
1.9532903909700416        0.18932858052248083
1.9544762000296447        0.1895910201695418
1.9848573671048724        0.19648684530969912
1.9851428146226175        0.19655317992362772
1.985364646824664         0.19660474932054692
1.9967300726658077        0.19926820415047083
2.004755215831822         0.20117407838726917
2.0423099209396414        0.21041976390571557
2.059100229951893         0.21470747166645202
2.06640208733239          0.21660183412614525
2.071800845734019         0.2180140416308624
2.092930122661158         0.22363567614374766
2.0949793741468064        0.22419323466747068
2.100450107349215         0.22568926032551045
2.10358591926226          0.22655633206747872
2.104335593184296         0.22676422308145527
2.1171563965135674        0.23030741192013954
2.119150322407634         0.23086671380162263
2.138355052695411         0.23637988646750713
2.150005128261208         0.23981772546096805
2.157231143258384         0.24198550590516008
2.162230800835685         0.24350127016097112
2.1776592057148005        0.24826065560137206
2.18197061466384          0.24961276333487864
2.2089410613758664        0.2582902462303718
2.217499967126974         0.2611127941749107
2.2337458783021082        0.266561741693475
2.2450791522532567        0.2704338519994258
2.256714742531812         0.2744698590016079
2.259284071756797         0.27536935228815435
2.2751309875037995        0.28107302070594475
2.2972390122743445        0.2893438879232316
2.3051957330973023        0.2924100148643098
2.3140208062455003        0.29586612595853384
2.3305965201854164        0.30251496954144863
2.3345606252985793        0.3041354875564054
2.3510452637903287        0.3110003874789052
2.351107394437808         0.31102664562327287
2.3514687205082607        0.31117940929541754
2.376386496582071         0.32194985343960375
2.385875585396762         0.32617373684100986
2.3966731746869274        0.3310532124912412
2.3971987703209328        0.3312932786669053
2.3976119419770585        0.3314818691273275
2.414139713499842         0.3391732869847327
2.426622468137862         0.345146727250805
2.4343912472877367        0.34893579837703687
2.439186802595939         0.35130209501803406
2.4454702002826085        0.35443415352644503
2.4603011154998415        0.3619690391611144
2.4624297641354134        0.3630668962584635
2.4715708416447475        0.36782820995389126
2.483867634196928         0.3743529357581445
2.491743298303634         0.37860392883033506
2.4939797628618225        0.37982135839768844
2.5189153561474242        0.3938927533870098
2.5250565509533454        0.39739830579792407
2.526179854686924         0.39804586020224686
2.548579067925952         0.41136799829382115
2.5693011603668823        0.4243872974687727
2.5714622816847763        0.42578353355548887
2.589064505729558         0.4374262422171895
2.5996469750573032        0.44466294300492243
2.608754504262319         0.45100567512178136
2.621829021583357         0.46029654918275137
2.6475189817262716        0.47918877318446373
2.652597205354999         0.4830231611766526
2.6634552101299356        0.4913322883367186
2.6808035356453397        0.5051162387512277
2.684990671671625         0.5085133896785875
2.687733950233115         0.5107539175195619
2.6944978841799916        0.516328385015291
2.707050282424792         0.5268624255875215
2.7073672924983954        0.5271316428520665
2.708236089043071         0.5278702618119645
2.708884855614972         0.5284225869417245
2.7292310573314915        0.5460772881358616
2.7325521718814167        0.5490203491418755
2.73632806490932          0.5523873119265048
2.7557109642296886        0.5701758998943321
2.7584086629523457        0.572739775851714
2.7711255631676877        0.5851156719282516
2.774367556292887         0.5883829833927061
2.7861584258364465        0.6004554281497432
2.800299352276223         0.6153260810986749
2.807333860982825         0.6228828460622233
2.817318350731466         0.6336685996453257
2.8225706692309007        0.639409473166148
2.8309274511518288        0.6486388653430382
2.8425922902634335        0.6617174192234437
2.8436786736603312        0.6629470728572592
2.853318973683695         0.6739453586653928
2.8570559041455534        0.6781256840131131
2.8660029558917763        0.6883403939346606
2.8796299024547825        0.7044566511833337
2.8798250223115502        0.7046923119698087
2.8833623315492836        0.7089885581606379
2.8899743815837846        0.7171410957330071
2.8904409565238174        0.7177223714041066
2.9123329593786904        0.745885022671798
2.9236954999928537        0.7611883316580292
2.930174784775869         0.7701246860030868
2.954273322335011         0.8050509888015489
2.957266976848951         0.809464508890485
2.962313987236986         0.8169426914328272
2.9918030437197856        0.8615758061332272
2.9930738626021167        0.8635352940933904
3.0091299325824945        0.8885488122648848
3.0457700983098817        0.9474102332768631
3.049720104994157         0.9539036397829602
3.0501853506132797        0.9546665287470082
3.053995646490767         0.9609144947595814
3.0550992037545917        0.9627240668348911
3.0594555117730824        0.9698673976498967
3.062401289945984         0.9746978053784572
3.065057016624809         0.9791332638001454
3.1039300244671306        1.0463981985317536
3.1109402768613           1.0588417149537086
3.130583060318224         1.093949153650848
3.136824206132864         1.105178161420441
3.149845960193189         1.1287220507369482
3.1642575582507697        1.1536234025367993
3.165619839187144         1.1559812398076934
3.169964743787575         1.1635060147235758
3.178927199979622         1.1803335973129307
3.182190943885951         1.1863680620381771
3.202342745119372         1.2225227773346872
3.2222293826336754        1.2557602736655151
3.222929253700514         1.2569181129757236
3.229910866493963         1.2684239669065287
3.246957028853605         1.2961784495837112
3.24783631267082          1.297597089477764
3.282035014695549         1.3517835162114293
3.2883365707718477        1.361557475533141
3.305648856354413         1.3880721688497455
3.3118560476298198        1.3974583486441132
3.335132043767677         1.4298999670944108
3.3532381813416903        1.4514186312323303
3.3540715792012152        1.452330793485023
3.354922066559651         1.4532545552629483
3.3555147062480586        1.453894011179122
3.365356174168581         1.4646266487454145
3.384635788680946         1.4810108066611003
3.3881614024629436        1.4833715955822877
3.404870290129824         1.4920264801183962
3.416115365439014         1.4954956334855447
3.4250616697513756        1.496901970226772
3.440019486910456         1.4965739283295973
3.4699269794508556        1.4889957576624084
3.474769458831461         1.4873412414145482
3.4782138486635366        1.4860589292615347
3.494470153676176         1.4788233928221575
3.519551634003199         1.463828460723345
3.524906097422246         1.4600250766413767
3.543534461485641         1.4373265395444286
3.5698454048167583        1.397414784469689
3.5734136093058075        1.3906832330066896
3.574735802828924         1.38815235202809
3.577829534902374         1.3821533282105938
3.5826002751758326        1.3726905659305881
3.5861050087973996        1.3655751477341853
3.598492700652838         1.3393135599181123
3.628541457017251         1.2684102145775995
3.633040419202163         1.2569167222578657
3.6693056005048312        1.1632876350560366
3.67409173237974          1.1503079811922505
3.6762711585375665        1.1443494042332876
3.6967271747268415        1.0869545257099893
3.7017878385373297        1.0723460980033268
3.7160149308835875        1.0291622547330475
3.7221173317562277        1.0101556821314157
3.7234414314503534        1.0059932851870703
3.7462976678367483        0.9319878476344703
3.7558281296760354        0.8999257709684887
3.7746755817525486        0.8344339544133963
3.792158777440081         0.7734661895160222
3.792457939498069         0.7724108691291312
3.809204523130571         0.712687823949431
3.8287607371564754        0.6432915164965836
3.8402802326437633        0.6016114007821581
3.8599299403360043        0.5281585944569318
3.8644326085689147        0.5112897320999735
3.8649632331654673        0.5093008741962258
3.8796038180747416        0.45434948400465297
3.8864830847086207        0.42847822630252896
3.9014128924443288        0.3722188988834963
3.911294830272989         0.3348969467165423
3.918927403505719         0.3060244055405496
3.93571944653671          0.24236237825386342
3.9378393656009005        0.23446469107593626
3.9385422333885516        0.2318468323811378
3.9392882070936386        0.22885871485508102
3.9416765823528923        0.2197644167890897
3.974396038808787         0.09762859816597325
3.9924250465591626        0.028490354102687344
4.021270067097301         -0.08121037559409156
4.022673133243622         -0.08651223421746612
4.023437093573173         -0.08939907366064377
4.040581823522219         -0.15418751966486774
4.051486697078702         -0.1953983328682122
4.063967243676295         -0.24256594177668087
4.074420990319174         -0.28207544314693267
4.0792335693462585        -0.30026492445354597
4.0829130470639505        -0.31417199868132434
4.091778462397181         -0.3480766929490983
4.1188797206903           -0.45016208928083923
4.12378972678451          -0.46840561401648684
4.15282295479837          -0.5747036883521901
4.169732391874078         -0.6353701154884847
4.199996369875497         -0.7426637542907363
4.211759736986554         -0.7839742819439581
4.218424345269496         -0.8072812242958078
4.2312648626917575        -0.851986642215781
4.272419977221198         -0.9935024458781797
4.275438989717281         -1.0036162943257976
4.282113568346033         -1.0258881344257063
4.2839927657532355        -1.031741254538063
4.287774647754228         -1.0434295707373693
4.317304109024201         -1.124419865922715
4.323692866116298         -1.142918018205286
4.328126096717294         -1.1554521907114819
4.338439306985883         -1.1836539384142024
4.345095693883901         -1.201121953315927
4.368553874358085         -1.258466790250465
4.376482837994173         -1.276364601464301
4.388713398766464         -1.3025010490366913
4.39087217953317          -1.306928962957631
4.414582075110426         -1.3519009524052035
4.434351654855519         -1.3880981249437525
4.439309103623736         -1.3963613359344513
4.440299568175775         -1.3979731664527504
4.463163037879719         -1.4315600018647607
4.4635671790788995        -1.4320912772223888
4.464185571524422         -1.4329000056024102
4.483293246766896         -1.4553602755365842
4.490846155492507         -1.462676967464513
4.515590409745074         -1.4804503850360158
4.520001061861571         -1.4827569659936013
4.522095881517799         -1.4837710498072771
4.522406173124849         -1.4839168007119727
4.523849560167899         -1.4845796694913649
4.560799622541577         -1.493073422953203
4.582271537602497         -1.490514838586259
4.58712518375885          -1.4891731135293327
4.588554559462651         -1.4887243278484115
4.591876917092717         -1.4867697762817496
4.601565361328316         -1.4807539256012288
4.627321015382277         -1.4624721574946569
4.649024016924102         -1.4444840474772156
4.650831276371308         -1.4429833000647796
4.652455974288224         -1.4416060205933727
4.692042165195911         -1.399817721983695
4.699241909623238         -1.390731556655369
4.7059163393729815        -1.3818349848822657
4.71380226578534          -1.3707366268093029
4.72003620417128          -1.3615132659568059
4.747945099516484         -1.315350004325905
4.76049815987816          -1.2919899951795202
4.776177476813466         -1.2622314639484111
4.791514368043909         -1.2334012673297006
4.797247545742312         -1.2226947788858529
4.813142368592747         -1.1932130242690524
4.831426060659306         -1.1596661564428055
4.84673139201914          -1.1318848803504458
4.848973691001069         -1.1278378303780616
4.849684030976097         -1.126599853385174
4.868767142575648         -1.093894272304536
4.872718193308573         -1.0872558560340506
4.886019965074724         -1.0652422939346833
4.886800859086854         -1.0638828315653768
4.887531978993699         -1.0626092916685679
4.894103724031789         -1.0511302784096939
4.926151293466362         -0.9943353182142673
4.934583460772334         -0.9789943808183266
4.965489556701599         -0.9279857208180625
4.970474847330713         -0.9199541120606262
4.982788750968786         -0.900349377527508
5.000877464958525         -0.8721540560841098
5.006497146184468         -0.8635407007398148
5.007983993895804         -0.8612773372336916
5.038916984795592         -0.8153207963164706
5.048263495328301         -0.8018596033900013
5.056719221047796         -0.7898511803521254
5.062840464780619         -0.7812587466515432
5.070875860237498         -0.7701077415692513
5.093012284453439         -0.7401417538953124
5.094094247554273         -0.7387058753378698
5.094525679036922         -0.7381246281081949
5.1086673799992885        -0.7194611482270433
5.12237069493779          -0.7022469394180395
5.139618812813227         -0.6811252294584283
5.146612126004388         -0.6727926066118872
5.155126291892966         -0.6628279743682445
5.179327190578285         -0.635801795982474
5.17957388119089          -0.6355327913095032
5.179629848138904         -0.635471780162872
5.179692990455004         -0.6354029550327095
5.2067723548280345        -0.6066768122005094
5.213581687147153         -0.5997015253170248
5.225839695563155         -0.5876471212126574
5.249652216128333         -0.5649506889736606
5.261356465167444         -0.5541437481247065
5.269269335320024         -0.5469677414770607
5.296157638381654         -0.5233683400210042
5.314834637158174         -0.5076496291866215
5.32023652606833          -0.5032554504904565
5.324512770432981         -0.4997987363641085
5.334197626077547         -0.49208495355536924
5.336738772167708         -0.49008740784896265
5.337007566496582         -0.48987675621569454
5.367873607365657         -0.4665046650981439
5.39614340560099          -0.4467195511162142
5.397899552685336         -0.4455167205197205
5.4001785320288045        -0.4439603647159983
5.4058106953290554        -0.44013623212516406
5.408581446207908         -0.43826653045376274
5.41410106643109          -0.4345646639144958
5.415474161732204         -0.4336448713562468
5.420824192539671         -0.43009181453106055
5.427261052912989         -0.4258818513764037
5.429466195550682         -0.4244558959550095
5.458044200943907         -0.406728188875339
5.474500039657363         -0.3968866319009526
5.47892728241253          -0.39430215229512866
5.489844871998233         -0.3880434686913568
5.497216887742492         -0.3838676432362661
5.523653483935051         -0.3694625858344699
5.523992837412063         -0.36928346765467834
5.539385391722537         -0.361244349861656
5.558230867923088         -0.35170695171323185
5.558447836214469         -0.3515991031029414
5.57660139472414          -0.34273318439821826
5.5787070657067455        -0.34172497786458594
5.581239666241036         -0.3405179095130514
5.587104698408034         -0.3377507777149844
5.625954773252894         -0.3200641710688653
5.6297386256975726        -0.31840126532019375
5.632339766532501         -0.31727865687828044
5.645473957558476         -0.31168457894502755
5.6523674231969085        -0.30879824528316746
5.6623136628358415        -0.3046940072191023
5.674051193489272         -0.2999422510428912
5.679710728605056         -0.297686529286614
5.684839557058699         -0.295662254919679
5.708449510217586         -0.286588066715515
5.712954046769586         -0.2848997323851361
5.719030732969717         -0.2826461404986254
5.732169204757779         -0.27785056030143673
5.767929675876432         -0.265282419613014
5.785777793725212         -0.2592747611032856
5.791603176757812         -0.2573521558604501
5.801248671394161         -0.25421011239811725
5.809383027715037         -0.25160069944128594
5.814270187903744         -0.2500526385118159
5.819081846686799         -0.24854293030327218
5.824115025838674         -0.24698169270144782
5.861778088029993         -0.23567214283033283
5.866977094131647         -0.23416267947207586
5.87195638956145          -0.23272876578182614
5.882866196975678         -0.229627233636024
5.889320277549816         -0.2278184164539133
5.917351133026852         -0.22018679558819235
5.923625663805788         -0.2185284501282669
5.936764919941623         -0.2150715840785566
5.95065537232334          -0.21149510143401212
5.956206699428831         -0.21008818535683066
5.962560484505355         -0.20849915878226294
5.970153782177073         -0.20661728644019736
5.984863559827286         -0.20302482713373993
5.990224401771163         -0.2017330080484836
5.998845971111394         -0.19967495786853323
6.019508945893088         -0.19486718212140908
6.047544100328713         -0.18855333997233698
6.055292604707189         -0.18685078575698522
6.057287194663615         -0.186415499543478
6.05790399303575          -0.18628114039945975
6.059493374474712         -0.18593545786135676
6.067766725694192         -0.18414855224092985
6.077634683357397         -0.1820446774416652
6.084611327797038         -0.1805752511539956
6.11122409804811          -0.17511567352642365
6.1240056198659945        -0.1725718481064664
6.12738675038189          -0.1719076081446355
6.1549611067575585        -0.16658153159573727
6.173449227436301         -0.16310132434515454
6.176312553432362         -0.16256885216796774
6.187185332623909         -0.1605627788754215
6.1881662709301475        -0.16038361980756222
6.1954824520516           -0.1590545143053106
6.195830872077529         -0.15899153150639111
6.226431006855629         -0.1535712058145644
6.236363204557418         -0.1518591308387369
6.241844410593072         -0.15092421807923564
6.250936789982913         -0.14938891261203646
6.271980971530188         -0.14590991422955063
6.284560138184689         -0.14387998925138443
6.297478129330365         -0.1418222383940332
6.29901475314177          -0.14157935935035912
6.32001489983388          -0.13830045074556213
6.340020171210159         -0.13524686705902642
6.340679744117103         -0.13514742674979768
6.342599100576173         -0.13485851059378104
6.351784170192536         -0.13348528024097173
6.353351267914874         -0.1332525374543981
6.367515884771454         -0.13116931665756798
6.36945018312297          -0.1308876979016984
6.374204538005556         -0.13019842427192763
6.381119476390171         -0.12920869946654465
6.382536037305933         -0.12900511499850725
6.388988692704764         -0.12808228642477393
6.4164487518024425        -0.12423700648202562
6.418561847088787         -0.12394560641725587
6.432310549179127         -0.12206533812325616
6.433307933657158         -0.12192999530537306
6.437390913712013         -0.12137743797873034
6.443621386467422         -0.12053843817618032
6.445960949257261         -0.12022509233329318
6.448272867314755         -0.11991624424434488
6.475512174815788         -0.11633634499361621
6.501489404032618         -0.11302829763704965
6.5086621140180725        -0.11213312446086816
6.509029060510842         -0.11208754067616343
6.516476153305368         -0.11116688982251399
6.52239550556812          -0.11044156075239586
6.541889616274622         -0.10808006456384801
6.547226274540633         -0.10743962069195065
6.557774216074215         -0.10618308100651547
6.577131433356743         -0.10390926106140497
6.58374877561028          -0.10314344962248907
6.589068866266241         -0.10253136750047093
6.61652557711073          -0.09942347223668818
6.624881251003275         -0.09849463951000827
6.6542623805556795        -0.09529144531197932
6.659743498738091         -0.09470471684591458
6.662914840661132         -0.0943666157250092
6.665161559944896         -0.09412776371362688
6.669686715954439         -0.09364838402618172
6.670398341549954         -0.09357320310753613
6.670904943338396         -0.09351974341757727
6.679160276266621         -0.09265173554479458
6.724799191466593         -0.08795996835463184
6.744928869666264         -0.08595036456374441
6.755227870321874         -0.0849361277546612
6.763860161536295         -0.08409329744325521
6.784119314226912         -0.08214129619951152
6.795611565689403         -0.08105017128197252
6.817642888929898         -0.0789922918308741
6.8290375927890725        -0.07794223338320325
6.8406243558399655        -0.07688387582636955
6.846201942590179         -0.07637778764959294
6.851977661325626         -0.07585603651584358
6.871281703484181         -0.07412929083630232
6.877425401348402         -0.07358525628997281
6.884779819184768         -0.07293642035659978
6.886352834067035         -0.07279811761154639
6.8864306234679935        -0.07279128254780788
6.888290203232771         -0.07262801005562394
6.8883576772245805        -0.07262209018565416
6.896036580934793         -0.07195311019637692
6.896572955571221         -0.07190652241428928
6.929193720017147         -0.06910773584252405
6.943215565126048         -0.06792558413865457
6.962971118202059         -0.06628135021690564
6.970592537491384         -0.06565369217714598
6.975724501041826         -0.06523327820280043
6.985759478323841         -0.06441597317174978
6.986176620882671         -0.06438213529816923
6.986271889657248         -0.06437440879111217
6.986474477062482         -0.06435798039720314
7.00311455041026          -0.06301736748472662
7.015711712384728         -0.06201400909227661
7.038532653614373         -0.060217255929010984
7.041589825973576         -0.05997847214638531
7.061718706147053         -0.05841758391700024
7.061772913896552         -0.058413407506348644
7.061777096121341         -0.058413085294816564
7.076271935266052         -0.05730153592925134
7.080695108556894         -0.05696462987039093
7.106270432920159         -0.05503673259310842
7.113584839680836         -0.05449173048357837
7.122815625413004         -0.05380797911269904
7.125457986466033         -0.05361308191863548
7.144167258668181         -0.052243681181192624
7.150248821794217         -0.05180253891440554
7.150286547336603         -0.05179980850156405
7.150313162365326         -0.051797880389896356
7.150407271594507         -0.051791062917555725
7.169534248290666         -0.0504126139613947
7.196725450477622         -0.04847748343297126
7.215955770275749         -0.04712627031806797
7.225517173312408         -0.04645990720407832
7.228426895524457         -0.04625784655369562
7.237393619807206         -0.04563730045415003
7.247414623367829         -0.04494760297689662
7.253689815289366         -0.04451775960038422
7.259147008654942         -0.04414541290519308
7.276772798284952         -0.042951127730017816
7.280885029186866         -0.04267401135706008
7.292402866086973         -0.04190070034307427
7.302419712129609         -0.04123049734869192
7.326657403373568         -0.03962777302894192
7.333740563041103         -0.03916270626138991
7.368748481095626         -0.036886132661248225
7.376053315609598         -0.03641573732891999
7.3779643578178415        -0.036292945368446426
7.378204564653002         -0.03627751905100398
7.386614282394457         -0.03573855287598825
7.3909533695160645        -0.03546131453157847
7.410686645114418         -0.034207766882478834
7.440832442911505         -0.03231579753212846
7.442256634327748         -0.032227102992117916
7.442840607693231         -0.032190682839951086
7.444573409140847         -0.032082656850111475
7.4531430769410205        -0.03154933430922034
7.457942363205351         -0.03125141373960529
7.4736477879625225        -0.030280407089579395
7.500455090572333         -0.028636898622088514
7.505696170871644         -0.028317623682564276
7.516830625666908         -0.027641558959731704
7.516957473119884         -0.02763387440694285
7.51699208920794          -0.027631777455865644
7.517106825542618         -0.02762482720518919
7.560643338417841         -0.02500676029862818
7.562097770250527         -0.024919903153897444
7.565138295695408         -0.02473845728689599
7.56977096797427          -0.02446233979607298
7.573855170666281         -0.02421925387514837
7.576182567537242         -0.02408087370156458
7.5837820058205025        -0.023629757229759907
7.588170957156209         -0.02336972591902512
7.606130683091642         -0.022309520607421043
7.618370020494595         -0.021590549649060525
7.626613941373496         -0.021107595834326663
7.631333531606574         -0.020831590284576356
7.648548965389329         -0.019827794333811672
7.649900718074124         -0.019749231705840642
7.656856242163502         -0.019345365750907492
7.6767825298939165        -0.018191912707837387
7.70078171836631          -0.016809678423311162
7.716274783988524         -0.015921407478020688
7.728879115373415         -0.01520110346260167
7.752447858696362         -0.013857795406525864
7.753516477063705         -0.013797031220356405
7.753808746272005         -0.013780413000854055
7.758836986802867         -0.013494644280929769
7.779422578888236         -0.012327339002518636
7.7817071094457715        -0.012198055428164422
7.782952076362307         -0.012127623587048459
7.801587680414176         -0.01107519492608073
7.811718809433594         -0.010504925438128499
7.819063334466187         -0.010091978028621912
7.821217865995522         -0.009970913581510633
7.839198860960886         -0.008961868850148968
7.851331633119925         -0.008282340978233965
7.8600009785203735        -0.007797448141251121
7.861708463769571         -0.007702009790751296
7.9002389795591155        -0.00554787909408883
7.907554552761863         -0.005139498282149343
7.911047801311866         -0.004944561853065566
7.916959796998565         -0.0046148242947136354
7.9217235145568035        -0.004349606385654271
7.9238478618936           -0.004231353185332359
7.937240567575407         -0.003486108013835784
7.955773278395678         -0.0024556090354440397
7.960861757278403         -0.002172822956858703
7.970974368865468         -0.0016110254859065195
7.981724775772023         -0.0010139983701525023
7.9972456865148756        -1.5274842930583605E-4
8                         2.2723419800115946E-17
