0                         0
0.001573100954671963      8.382510677517658E-5
0.004525997276441066      2.4112440954732355E-4
0.006529967523083575      3.478932432516895E-4
0.030676685083172863      0.0016355640368067449
0.06745692804138582       0.0036010809269041277
0.06780484896410542       0.0036196974960792704
0.10671977807556064       0.0057047812533711365
0.12518098789681703       0.006695594883483683
0.1252276922246914        0.006698103129313486
0.13840278165656808       0.007405995592361595
0.1488613741266817        0.007968395903369284
0.16444188157353762       0.008806983935077126
0.18966620293323458       0.010166562874487159
0.1924195960694103        0.01031511412116255
0.1962099997733839        0.010519660809578842
0.21262459741280038       0.01140608680399979
0.222313735642463         0.011931879340706728
0.2322326389100448        0.012471148049262493
0.24181530656699493       0.012993104630292091
0.2723507571460279        0.014657489150593018
0.2793760775891082        0.015042303179840642
0.28887150545637624       0.015563540170290557
0.30664997666138405       0.016542930517712974
0.3175800809578908        0.017147298700275634
0.340411727607999         0.018414916608469344
0.35809042341816555       0.019400679329665757
0.3889471789222224        0.02112946913628571
0.40674561772733625       0.022131402556206454
0.4227199946480357        0.023033614375291906
0.43359853626235284       0.023652153655814013
0.4498220280325928        0.024578899672929273
0.4557488883326011        0.024918747815715955
0.4760092170788819        0.026085670550570213
0.4932954385513698        0.02708764271591246
0.5008405717596394        0.027526758848605705
0.5428507931591531        0.02998840997366744
0.548999421154254         0.03035238831574951
0.5588553143538173        0.030937790310027764
0.5659267824584686        0.031359300024187985
0.5701602870003386        0.031612243424354154
0.573573433183904         0.03181649732823265
0.5950216400802972        0.03310667421325311
0.6010403798323855        0.033470780589241564
0.6240523065190557        0.03487122329016492
0.6463062946081685        0.036238094329703166
0.6655022854699937        0.037427055254048984
0.6779017217138953        0.03819993381385019
0.692835490535948         0.03913922205002335
0.7044746513403014        0.039875491064269575
0.7106393218819784        0.04026724525607366
0.7591941603237318        0.04339220531796726
0.7662108425953387        0.043850943193501725
0.7693092771554382        0.04405408775478867
0.7796201568991374        0.04473264099220605
0.7972422760338534        0.045900795077655536
0.8108374814537486        0.04680958334416596
0.8340416912180435        0.04837593736868281
0.835765618089672         0.04849307460724123
0.8445116194721282        0.04908898147302273
0.8647119434176638        0.050475761958458217
0.8867611190491937        0.05200609484635095
0.8964445406933436        0.05268366123916643
0.9205443246915392        0.05438449725556384
0.9256540630903702        0.05474930400691243
0.9502087429775771        0.056521379911904354
0.9591501993305389        0.057174488106122516
0.9743956032169261        0.05829767666895069
0.9744655939474995        0.05830286113425427
0.9842532292316505        0.05903038441639393
0.990752525603454         0.05951680052907106
1.019074218524802         0.06164628175456291
1.0485130716173174        0.0639092114366533
1.0572671737304145        0.06459185211432353
1.0664066650882311        0.06530930119447614
1.0736952987179527        0.06588494031698548
1.084180279158996         0.06671843888968587
1.1099534432339326        0.06879444065890845
1.114113717014773         0.06913316797102109
1.131225991415473         0.07053702667258024
1.1437139464516037        0.0715716276520773
1.1624376485077392        0.07313828672643767
1.1807393515609437        0.07468753866470881
1.192785285436816         0.07571689342901337
1.21149297470641          0.07734863373459229
1.248852735185539         0.08068245291520715
1.2518186260270276        0.08094987658871594
1.2555518160944446        0.08128751394462094
1.2669232561569712        0.0823230379973303
1.3085724515637747        0.08620662972884763
1.3131834251848187        0.08664535850430616
1.3190570454287818        0.08720676066500413
1.3328098131636006        0.08853236049022489
1.3870935006124117        0.0939421096172659
1.399101030755562         0.0951720318582408
1.4149198535727816        0.09681110982931979
1.4264251558846182        0.09801080856836356
1.4347925461876447        0.09889252074777903
1.4362101917422365        0.0990426735926322
1.468171424534866         0.10248703248064227
1.4764048747244625        0.10339266416513482
1.490962464156397         0.10501230040011975
1.4998655673111954        0.10601440933069675
1.5000862630939646        0.10603936182837909
1.5291779632952482        0.10937580845325012
1.5378898958761433        0.11039320667106185
1.5554997724281763        0.11247541243019214
1.5936512915936245        0.11713753819122567
1.6045981101709992        0.1185025685330336
1.608809857841183         0.11902992377341146
1.6182929667644397        0.12022663618115358
1.6249401726649533        0.12107317490455917
1.6509353119539638        0.12441083620667566
1.6847804218902216        0.12891798186664755
1.6888887101364316        0.12947752159474857
1.6940441253888152        0.13018348794762258
1.716843491450327         0.1333564106830458
1.7307499609446118        0.13533245904577038
1.7327317645488773        0.1356165767863492
1.736234873656277         0.1361203267317713
1.7755710768404351        0.14191134854386633
1.7963523391504514        0.14509397255993842
1.810847897154665         0.1473527763596515
1.846790572701953         0.1530754359647061
1.8502798363064707        0.1536473697436566
1.855364547210249         0.1544860093208849
1.8635032265056606        0.15584116800602507
1.8713733408144084        0.15716661331892556
1.881313364364316         0.1588617462500485
1.8966896702411948        0.16150609864262758
1.910256613422538         0.1638789601810939
1.9192449799213864        0.16547151207814936
1.9250224744311386        0.16650277899484425
1.9554826784894233        0.1720314352729768
1.9820418339285113        0.17697769770513888
1.9909943490251674        0.17869856711220608
1.9985143859868257        0.1801546693872168
2.0020498363059342        0.18083776867345022
2.036350381220042         0.18766085240473446
2.061550082824213         0.19289972569202868
2.068219147967798         0.1943182400859247
2.069635425265229         0.19462121019456693
2.073520518442962         0.19545541580789605
2.0798934529340363        0.19683366920948714
2.1194618021050218        0.20566514451508944
2.1245504321842263        0.20683250211310805
2.1255257296373453        0.20705708331350797
2.1504518641833568        0.21288883834162342
2.1672120640530594        0.2168359449188227
2.1826933465815426        0.2205380168170424
2.1943561592979357        0.22345615582232473
2.2108917963715524        0.22764492691471946
2.2135959821324867        0.22833601407525272
2.2269534654740544        0.23177557705443216
2.2334609721233916        0.2334764134070385
2.237786877825964         0.2346160271440202
2.239424437705231         0.23504929444053593
2.2619729880355846        0.24111962251047467
2.266667888373693         0.24240803085516696
2.27287881572528          0.244125446127248
2.2901199624080917        0.24897029449999092
2.2996681008646456        0.25170233953570365
2.3090371084690906        0.2544170606911848
2.3090878125313776        0.2544318439099361
2.3090951919694587        0.2544339955325724
2.3200991726403624        0.25766562368122653
2.34245304699022          0.26437322651199413
2.3547815417648095        0.26818170156537785
2.380518649340317         0.27620732361252237
2.413471413003948         0.2869753839680398
2.4316601296992006        0.2931557770254837
2.436296320034176         0.29475806146530803
2.4406893319980902        0.2962864009640514
2.4530735779086488        0.30064780713223943
2.4727690389994232        0.30774488728653254
2.4892279440900453        0.31382720038705514
2.5008600146558626        0.31820896761489403
2.5162111682425197        0.3240734622669065
2.516344958876113         0.3241248740602421
2.519191159582781         0.3252369967187649
2.554819980572066         0.3393105591597318
2.560487224606434         0.34157509578332873
2.562514016271272         0.34238669697488816
2.5679422084494234        0.3445648292894833
2.6064994040704836        0.36014173553361056
2.647207796043966         0.3778804401114805
2.662990246827503         0.38511483457424156
2.6685564287248424        0.3876910768851379
2.712459836278839         0.40875839951936416
2.74721414532886          0.42637588031754897
2.7505537737042998        0.4281125524787284
2.766715032049043         0.4364329708684149
2.7704899634935956        0.43838763390955116
2.799948825955634         0.45378699999427574
2.809710679010835         0.4589468402042338
2.8122246677680347        0.4602802515068082
2.814654470439673         0.46157079651985616
2.822032366073354         0.4654313464459543
2.828649934850404         0.46910730670667083
2.8288020995226795        0.4691917821322566
2.8627373544823773        0.48797532028570745
2.885993509502938         0.5007835985760472
2.897362397356308         0.5070259708329156
2.9103759137499           0.5141560374476895
2.923187369198809         0.5211594105157318
2.930935999152461         0.5255450075813489
2.9461821827418775        0.5342423696920573
2.9653207373569312        0.5452883342341032
3.0041066195353228        0.5673921017157767
3.007676279041724         0.5693756925912448
3.0115200316241233        0.5715020307694945
3.015519501762754         0.5737039858229451
3.022208479501172         0.5773626923577703
3.0238567395757716        0.5782954439435802
3.026618733910544         0.5797396846521422
3.0626753798204644        0.5991028521671595
3.079389163711251         0.6079156969690482
3.0825005528752145        0.6095448843947006
3.108073389484288         0.622799947057068
3.1086826591591445        0.6231128027699322
3.129889019915372         0.6332754505888594
3.1314352284242535        0.6339824843480294
3.1395711717211405        0.6376267826540116
3.1728460070727618        0.6512016789456304
3.1740766077347473        0.6516627405339344
3.1747034646883074        0.6519090617573793
3.1845173179158817        0.6557044643117209
3.202228302457378         0.6622641753964535
3.256972969463224         0.6801820589989911
3.2675307373609996        0.6832277189103354
3.27068147920326          0.6841109531237666
3.2781429264877566        0.6858215046460202
3.297375316385496         0.6897845897574397
3.2975389642053217        0.6898155541731068
3.2975568096021077        0.689818927953776
3.317877606753978         0.6912336516185381
3.3537691625788417        0.6915029408364498
3.372356275048589         0.6915893053905361
3.373863863675987         0.6915270743881181
3.3745921326681576        0.6914932911595068
3.3763207575115595        0.6914033967111706
3.3955799402873783        0.6894780647919804
3.416423095703932         0.6854840882426265
3.431836279606549         0.6812534503865966
3.436953688913589         0.6796086999952957
3.4395457333806636        0.6787299390272948
3.445385824436873         0.6766374731340422
3.4610021382210365        0.6702764734608844
3.482988163261159         0.6602129254162045
3.5134224429517733        0.6441257055032983
3.5276108052511104        0.6357700136006589
3.5423445567311975        0.6265170728395215
3.555175980556654         0.6179806648352142
3.5607390590099453        0.6142330074078316
3.577828883964876         0.6014692989037443
3.6068270056281153        0.5764417445050048
3.612245776884426         0.571294668726154
3.6236583032644196        0.5599699965432307
3.6487267587649503        0.532788469941674
3.670084488006893         0.5071301516921933
3.675187128679466         0.5003833151813141
3.690202279016497         0.48125975599508186
3.6950539281138366        0.4750340959715348
3.6962813787854873        0.4734522192851199
3.706202939926138         0.4605649173316152
3.742256522156904         0.4122223668708318
3.780652547903449         0.35813163028614586
3.7863999714445216        0.3498034861245994
3.795553169502498         0.33641589873419386
3.808918017809364         0.3160727371920924
3.8188662945715475        0.30077084902808726
3.82303945365054          0.29431146881615877
3.838502952557772         0.27016798837787553
3.850265098675254         0.25158365647545705
3.860493915004617         0.2352675740907848
3.870856332813876         0.21859189360201933
3.8947115276011295        0.1802220205616819
3.902240820720754         0.1674192426572666
3.9095678894523083        0.15488362295874006
3.92015485271114          0.13663712652314
3.924226231581084         0.12957810379976759
3.9449121325087457        0.09417259521874313
3.95360624649323          0.07929733894788941
3.976580968629316         0.0400039209224884
3.984446876343345         0.026556061106532622
3.9993232892027524        0.0011299068566077998
4.020665884560318         -0.03533167647011424
4.023986608859633         -0.041003057804593214
4.0338691519411025        -0.057878451866593614
4.053337502754604         -0.09093965634104925
4.059549026430778         -0.10140687900281412
4.063926212346085         -0.1087594097368487
4.067013719858614         -0.11393388430684186
4.079493480482849         -0.13482192221474545
4.087783139035356         -0.14875487699187845
4.11044288912713          -0.18707726820353218
4.121803564504429         -0.2051740286943529
4.132281937478181         -0.22160007013858438
4.140638905192245         -0.23451809907726429
4.150224766709765         -0.24913634399324813
4.1526808176675765        -0.25284748747259433
4.162727160666186         -0.2688554773722218
4.189965083382939         -0.31227884312394005
4.193272233583182         -0.317553377692956
4.194854080627527         -0.32007227527395354
4.195554813719108         -0.32118592363795545
4.195966302127767         -0.3218392617704582
4.1987608602243665        -0.3262640745178871
4.204158254927068         -0.33474978265106553
4.217312376080489         -0.35509741868110317
4.230500462055303         -0.3750234037817511
4.230524750470662         -0.37505961021730083
4.230627548835302         -0.3752128210941361
4.241553869803358         -0.39122666832054737
4.275840711456751         -0.4385511135542825
4.286297230951028         -0.4524138852365497
4.289815418628749         -0.4570205043958166
4.295891068966736         -0.46490746943064554
4.311789576375992         -0.485136234039751
4.3120178833596645        -0.4854224088407573
4.345343798636905         -0.5258844925692007
4.352962037542009         -0.5342926804044374
4.353309362797228         -0.5346707353060021
4.387990893634798         -0.5700999738567729
4.40262279817481          -0.5836689500009243
4.423387793671002         -0.6015213740123947
4.430742840065747         -0.6065062013305137
4.436269386652239         -0.6112178865038466
4.440344341647016         -0.6147519601788725
4.444866318833594         -0.6185840055642634
4.484911340653529         -0.6447965349112492
4.488638463532647         -0.6469423099275257
4.491616680114243         -0.6486209486291417
4.498948580595005         -0.6526173089795639
4.50437008498859          -0.6554478160552245
4.528832319688151         -0.6669023037032054
4.550325796139755         -0.6751871897924883
4.56855953143959          -0.6809105776624891
4.574487864737366         -0.6825133673354387
4.577569993258698         -0.6832829180492036
4.623588389148374         -0.6911555918156675
4.627015760584062         -0.6914706325630562
4.629863675965614         -0.6916427964234528
4.652714023907867         -0.6922034722961619
4.666702980489054         -0.6918264767799346
4.689993694728531         -0.6899853147151096
4.693299913797402         -0.6896010558941169
4.694385391705587         -0.6894682359009606
4.700927294548851         -0.6885980266071938
4.702974669630932         -0.6883011057469671
4.727177047722841         -0.6839032522733174
4.737091010067966         -0.6817271524032346
4.740489441903457         -0.6810235565793545
4.7520638198435625        -0.6784662704334936
4.754037407804291         -0.6780053814661077
4.757518747729198         -0.6771747492076665
4.788453590858754         -0.6682807807419263
4.800272153638824         -0.6643880110549261
4.817200114253602         -0.6583357427923259
4.829432706018912         -0.6529067865446553
4.835732532668862         -0.6500641927869227
4.837130436816853         -0.6494291327887621
4.860734474410385         -0.638470083074879
4.8648065467498265        -0.6365344292481404
4.878561964548407         -0.6298978002320802
4.906673562315652         -0.615864290854813
4.923048807647346         -0.6073984941297623
4.93992381484321          -0.5984500687162366
4.963439805606594         -0.5856004566165958
4.972027541405195         -0.5807977541272323
4.9793779741678375        -0.5766010150365722
4.9880589157346815        -0.571768091145766
5.000601605814635         -0.564638671644153
5.002840988974816         -0.5634762299471122
5.026913204913898         -0.549339864575753
5.033885795212778         -0.5452879106546847
5.050496687557513         -0.535695707148968
5.063559370531078         -0.5282928778517415
5.067248916589549         -0.5262082333432357
5.070036349276224         -0.5246351296463919
5.0757174444970055        -0.5214338588265046
5.087784415892021         -0.514655935468402
5.126731332362836         -0.492981618553366
5.1312398933731265        -0.4904924684483115
5.1645313903637105        -0.472240282905749
5.172056914826175         -0.4681455947117554
5.178089797037496         -0.46487137360367486
5.189903294194593         -0.4584812642071277
5.200463795742406         -0.45315523746316144
5.211158454464654         -0.4476799687859709
5.241209559697241         -0.4323837758399967
5.2458671691855185        -0.4300785064163538
5.248171095513423         -0.42893942232983023
5.264255335090528         -0.4210100272513118
5.264546328025029         -0.42086449656174313
5.264893521813671         -0.42069090945370385
5.296345224632737         -0.40519442157649815
5.3155598007323706        -0.39594965771741947
5.32002838654382          -0.3938238509150008
5.320519521939664         -0.3935907632317786
5.342490759580464         -0.38327619016437314
5.357827513480733         -0.3762479332019566
5.365745531948421         -0.3727128873788391
5.37724452043871          -0.36769245402142586
5.406222493405365         -0.35551351378606266
5.412426259587326         -0.3529390868957447
5.424620175575756         -0.3479127046368721
5.438529955390387         -0.34223142468928475
5.441850999189097         -0.3408848283767899
5.451560412058678         -0.3369696788629633
5.456819210946514         -0.33486270120117306
5.457514401259728         -0.33458487993249725
5.461601431448994         -0.3329549282381964
5.484987012027041         -0.3237390208842291
5.4964203709775825        -0.319301784560926
5.515520935126699         -0.31214012228313404
5.5322483896341605        -0.30600955354780773
5.546246820729417         -0.30098057866380895
5.553106176177902         -0.2985500701257111
5.561797903482451         -0.2955021582820765
5.571305862680662         -0.29220882034302204
5.587583938126286         -0.2866694395974617
5.606103317313154         -0.28051929517533447
5.609791981378221         -0.2793136329220148
5.645129844280946         -0.268088410181103
5.647668047685205         -0.267304806612234
5.661957644919946         -0.263107812341291
5.66426702663189          -0.26242960591117576
5.699428029617536         -0.25196450720494606
5.700889211457695         -0.2515374258456553
5.702507356581596         -0.25107724975698814
5.703116637613631         -0.2509029333305509
5.7307944957468155        -0.24311948066372496
5.733068125309898         -0.24249186251151336
5.745405801948589         -0.23911727831182958
5.754243088484544         -0.2367324384317243
5.799082656063391         -0.22504771342761823
5.829187051385893         -0.21759252031815088
5.843560743941465         -0.2141433794934717
5.848967208333394         -0.2128645048462728
5.85992914933664          -0.21030249990262712
5.867370816379963         -0.20858690271790778
5.903510582783857         -0.2004644115231334
5.908349369115439         -0.19940088850395182
5.938213288091994         -0.192962522232428
5.938262044731209         -0.19295218734238648
5.939283020952931         -0.19273590437897467
5.950338773258187         -0.19041002446666794
5.951062223403001         -0.19025885858058958
5.951618360897772         -0.1901433285764387
5.951737213915316         -0.1901186511675662
5.95300184422372          -0.18985635318338207
5.9960886445017305        -0.18122195757817822
6.008040280828227         -0.17888887227944206
6.034555569977036         -0.17382703055142232
6.039909609184101         -0.17282403794706686
6.0769181174095985        -0.16606666251880184
6.079082767377303         -0.16568091558676265
6.083285232331788         -0.16493969208375062
6.085772639983407         -0.16450254089341826
6.121848972081956         -0.15829383215296486
6.131014587734459         -0.15675564681270704
6.137183558470943         -0.1557293072194559
6.146378588297429         -0.15421287658861532
6.154623009163966         -0.15286681421053147
6.182857885889918         -0.14835431298927115
6.182946408091615         -0.14834040243899377
6.183452860856597         -0.14826084596286637
6.213915220788488         -0.1435386584309023
6.217204301959232         -0.1430388160739954
6.227857509046784         -0.14143330134917956
6.228406354326424         -0.14135024464146703
6.231361469068593         -0.14091154439811798
6.2398834857912835        -0.1396489553787428
6.242224080995149         -0.1393026011161173
6.243575808870127         -0.13910226080533086
6.2772828059284524        -0.13420209384140214
6.282832426334039         -0.1334129338615638
6.300520628053493         -0.13093089905007474
6.303971660253626         -0.130452544654652
6.304839613000777         -0.13033253916084217
6.326428736032239         -0.12738677632421339
6.353214742894854         -0.12383670465677764
6.35592855767824          -0.123483504553731
6.370834725790615         -0.12156472265604253
6.375574666136023         -0.12096210912564201
6.388121407029996         -0.11937597123365239
6.420921002201234         -0.11531277790347444
6.422566077087406         -0.11511215968054392
6.4368564436227675        -0.11338218807994066
6.446128260098607         -0.1122719868933757
6.460737345728138         -0.1105422383320968
6.472074701718361         -0.10921442958127855
6.492207213696604         -0.10689712943304845
6.498381542434309         -0.10619549428700344
6.502822735458628         -0.10569352819603244
6.526035177075615         -0.10310697312214803
6.536260521617477         -0.10198729154682099
6.549554532813708         -0.10054962716750736
6.550232085470349         -0.10047654989669276
6.55215753910818          -0.10026913537882179
6.570182052422257         -0.09834577201087139
6.580518292782937         -0.09725771323961574
6.581638174811091         -0.09714078608142344
6.590495155430519         -0.09621972431209978
6.5972965784804565        -0.09551688225043932
6.612705598729382         -0.09393887418440015
6.616594507599158         -0.09354375901028757
6.624222084494644         -0.0927724691236663
6.641419241936189         -0.09105138153715689
6.645763269601061         -0.09062054804452098
6.655400847805459         -0.0896711571755448
6.672794358642434         -0.08797812384508356
6.673355203714943         -0.08792396950222216
6.687455783381441         -0.08657140418819695
6.6883956613858135        -0.08648186159637865
6.6919610980908475        -0.08614287746417164
6.701574845157619         -0.08523434426074054
6.718841496042554         -0.0836296863759762
6.73271640679139          -0.08235436050066663
6.74233636900504          -0.08147752058413352
6.779625949187436         -0.07813583134185383
6.802655165805065         -0.07611748563720051
6.811393015029524         -0.07536074933358866
6.848408235435252         -0.07221042775854299
6.8576770532172535        -0.07143559294662481
6.862702043556085         -0.07101787243712487
6.901639516613663         -0.06784377817030185
6.9159033153811915        -0.06670743028076728
6.928403534578393         -0.0657130938736425
6.962796276649056         -0.06301664271462062
6.963321254384097         -0.06297591989310766
6.963444943476186         -0.06296640005771037
6.991280649643191         -0.0608414332953605
6.997651359595193         -0.060360641620669266
6.99819890177585          -0.06031941551243193
7.036548525087466         -0.05746991814298882
7.037680143446849         -0.05738697234402829
7.038969915527331         -0.05729251361048466
7.0404588546952995        -0.057183573814345155
7.056094371524388         -0.056046398749800316
7.069038572428726         -0.05511437836168663
7.086659181411468         -0.05385934890012909
7.090697775296945         -0.05357378715942935
7.097940547283557         -0.05306314295389583
7.11441721261013          -0.051908547844348805
7.139853908816104         -0.050145383610833566
7.147216474591483         -0.049639413502970915
7.152256791892871         -0.04929416465953434
7.165547640434068         -0.04838818627471142
7.167493379432942         -0.04825609056177509
7.181864600002604         -0.04728467738616709
7.210912168241003         -0.045346093543720864
7.217289767023162         -0.04492418342115869
7.255214075100617         -0.04244296172682145
7.282144188979489         -0.040716527162264184
7.283646148014515         -0.040621075808628365
7.285922129445301         -0.04047660273988456
7.288023538241844         -0.0403428220986128
7.305403975297233         -0.03924133471663656
7.320472082205411         -0.03829360027781992
7.324250600941341         -0.03805699378769057
7.324706471518495         -0.03802848103534492
7.328682752381933         -0.037780035391932615
7.343115796386418         -0.03688205604509151
7.349142690714975         -0.0365088564149887
7.352310531742744         -0.03631311546489831
7.35832184977132          -0.035942470342507
7.383941475007052         -0.03437448418497061
7.407016197282491         -0.0329784273002071
7.43072023529361          -0.03155602619531182
7.431937805299523         -0.031483265490232365
7.449187409458558         -0.03045561403707082
7.487944094480195         -0.028176251845618137
7.499393544764122         -0.027508444640230615
7.5030632686078444        -0.027294938785554924
7.510840016781353         -0.026843345630043834
7.518738818206133         -0.026385862295136897
7.529712319352861         -0.025752301049791305
7.54372443638609          -0.02494668935033026
7.577297379212174         -0.0230292685600977
7.608605087370757         -0.021259096865877007
7.63183991078443          -0.019954810994903205
7.638958560702102         -0.01955685157998208
7.641972679992886         -0.01938855587630716
7.669974019368218         -0.017830907129511214
7.677533137422953         -0.01741221496576351
7.68827726373534          -0.016818427942136175
7.696498313497726         -0.016365128027994953
7.703388484583716         -0.01598591003422889
7.7233917721055905        -0.01488858847341587
7.746220434287447         -0.013642836663822797
7.748771690440054         -0.013504050050948879
7.751023947002565         -0.013381601413159116
7.753498538602161         -0.013246805530411077
7.777647488926926         -0.011933513587600517
7.786673572976758         -0.011443649093455925
7.799332471436279         -0.010757541688939432
7.801712014990201         -0.010628690957568979
7.804536668110784         -0.010475786968230339
7.8293442513183855        -0.009136406861488118
7.834400705606407         -0.008863962658252709
7.844692851445433         -0.008310574676481913
7.855593936041609         -0.007724852993187311
7.865297741482888         -0.0072038146787915995
7.871808829659396         -0.006854393161321966
7.890833559084075         -0.005834276796280403
7.898290311202975         -0.005434790161361337
7.906327945643179         -0.005004403226127513
7.917968122358008         -0.004381517099882824
7.920297704066041         -0.004256914557704187
7.923855746157941         -0.004066642215569363
7.9440723674381974        -0.002986372285836353
7.956295990874715         -0.002333037120164012
7.964240985105492         -0.0019085806227717088
7.993157027216894         -3.650361852016927E-4
8                         -9.288128507676574E-17
