0                         0
6.6112087767452E-4        3.6655940404007575E-5
0.0012048988029669655     6.680693922875878E-5
0.001306765966553119      7.245531080113942E-5
0.03663577643719468       0.0020335990977109553
0.040837528830905634      0.0022671347891060826
0.056474510201898594      0.0031367936010552586
0.06693016019457379       0.003718770906165689
0.08029875642532194       0.004463615713506852
0.09171838268081119       0.005100237009931095
0.09550444582340654       0.0053113767444403735
0.11637636625489257       0.006476568850828868
0.14381338755164966       0.0080069086615354
0.15780272451385005       0.008790030048841203
0.16831905680252446       0.009379998530974905
0.1767271241643336        0.009852474243457617
0.19397256428683532       0.010823722107598115
0.1973428597583206        0.01101387533864518
0.2096593684585691        0.011709569561062444
0.22967319807274494       0.012843375368152811
0.23856523004685753       0.013347993688116382
0.25174500690913787       0.014097043085143403
0.25358301119525195       0.014201607549201349
0.2554324778265985        0.014306849984078256
0.2986049000410569        0.01677091719179647
0.3122481169256973        0.01755480410319995
0.3191303763843528        0.01795134415288372
0.33780115536710054       0.019031627535443667
0.34548827938295473       0.019478000174802976
0.34769025879374926       0.01960603561240839
0.35110272660577996       0.01980460682627531
0.35758420358468546       0.020182269467951788
0.35896276971879115       0.020262681252985467
0.3789322486349441        0.021430865385705072
0.3860172901851627        0.021846652993542215
0.39747658362623095       0.022520758741016684
0.4074723313940421        0.02311039858713348
0.41728615760332577       0.02369078356898823
0.4237217504377934        0.024072175687311265
0.4403617662164341        0.02506122815840912
0.4453963999629255        0.025363389108895254
0.4699200294432112        0.02684113285207827
0.4824603709028339        0.027599553138418664
0.49817948600668416       0.028553807107295603
0.505581666179108         0.029005372353048304
0.5297601163824532        0.030490196621161335
0.5392291909278858        0.031075394427021976
0.5405811992611825        0.031159115304727116
0.5572572493022641        0.03219515250973746
0.5831797189303587        0.03381813432452999
0.5886533192613118        0.034162775111353245
0.5964982059440097        0.034657903777414796
0.601101721268125         0.03494936473951132
0.6044157258555001        0.035160202248356885
0.619377548027456         0.036116569389076716
0.6441698401469806        0.03771623784734783
0.64728552336548          0.037918587913903894
0.6759571789207568        0.0397850842033354
0.7069442674332533        0.04183823526794927
0.7092138566984509        0.04199008102374357
0.7197029426516521        0.04269444865136502
0.7565318229997959        0.045201460483203504
0.7591204588174246        0.04537965660159106
0.7608055383367828        0.04549579378726991
0.7657491502209166        0.04583714870411189
0.768952624225697         0.04605886174782795
0.7996154833169555        0.04820070626787784
0.8592952516522554        0.05247151064731185
0.8628973592116039        0.05273506491313025
0.8645619184255313        0.05285638999388083
0.9005924205241488        0.05551823696427399
0.9092982218491283        0.056171633331049235
0.9221950241179591        0.057146896777556806
0.9302965439162408        0.05776400789144394
0.948471696085778         0.05916099822988329
0.9580032646249445        0.05990055840044095
0.9596608442395647        0.06002965830034576
0.9715049745243018        0.06095633504381673
0.985372322571417         0.0620504422246904
0.9959868183315256        0.06289466118315176
1.0001599419391147        0.06322817289490112
1.0121585315095094        0.06419213209047409
1.0248101957431           0.06522359036550897
1.0574037187815624        0.06792096137312599
1.0655052639690439        0.06860016923345383
1.0765349582393404        0.06953198381427227
1.1013014547891342        0.071655718856353
1.1302221152618817        0.07418923577264529
1.130908597696503         0.07425010880466645
1.155360525148878         0.0764406011727261
1.1729339624252793        0.07804162175273746
1.1736259128731645        0.07810511901771865
1.1826430462089175        0.07893575036342307
1.2252449805189933        0.08293970022996137
1.2286279593029292        0.08326453517915952
1.2653374385211926        0.08684863658171087
1.2744750670382199        0.08776039872887295
1.2804604676396572        0.08836186681973852
1.315991439564338         0.0920014191175378
1.3276154937048108        0.09321777529306494
1.3289517840369094        0.09335841742069853
1.334332940047531         0.09392646694711139
1.3360111658637361        0.09410417980429958
1.3458169184356876        0.09514387667847643
1.3479626193767316        0.09537287410315162
1.364371890336379         0.0971418286777979
1.3653518787770387        0.09724846387603432
1.3790809687503718        0.09875409912854133
1.408322709235817         0.10203399153419612
1.4195534238812069        0.10332009682193863
1.433883832103867         0.10498245643960426
1.4501645717089946        0.10690002151043615
1.4718174980514034        0.10950210198431455
1.4898564303810242        0.11171398765984852
1.4967901463839202        0.11257443512123275
1.504561201898916         0.11354556009162191
1.5180002465309612        0.11524187589065342
1.5315155797294855        0.11696939390553093
1.5474284542903645        0.11903109444500785
1.5555655946278828        0.12009694572947868
1.5708237596474615        0.12212239892868057
1.6038359790483763        0.12664394735803663
1.611303423896148         0.12769316157636082
1.6114633499407827        0.12771573865491076
1.611604158815923         0.12773562062693639
1.6185216342585187        0.12871662522125296
1.6379142145851895        0.13151140139828119
1.6673611052536825        0.13588090403694106
1.7126038445088174        0.14288973427255053
1.719888177362396         0.14405273129353752
1.7200101123640326        0.14407227816260343
1.7234124011338512        0.14461776533821316
1.726335324825749         0.1450858011238253
1.7296888680027354        0.14562869374720078
1.7346373166975144        0.14641451680287523
1.7449868645906448        0.14810051384882816
1.7693426167493567        0.15217195266299316
1.801227729954443         0.15771997916959202
1.8180709589042658        0.16074992955242223
1.8222609952582598        0.16151433470997104
1.8342369293252745        0.16372255709150088
1.8738633365911923        0.17127640177462575
1.8923586041969025        0.17493204449776512
1.9127425131703313        0.17905678918013584
1.9451952782236956        0.1858309926393537
1.946498943227941         0.1861084402262307
1.949660235981416         0.18679278968131052
1.9760419164989298        0.19260042737260621
1.9870442499929624        0.19507344499472798
2.0434241760026772        0.20843389538530835
2.04399063287057          0.20857316065849896
2.049302115548254         0.20988387528558278
2.0678209438924138        0.21454089094674206
2.0868604802561377        0.21946637033347055
2.1111343718864415        0.2259481547585543
2.1184319637909974        0.22794111596962352
2.121781913428807         0.2288628415142766
2.1383237801215897        0.2335003195239814
2.1393514042614252        0.23379297964976267
2.139830134208122         0.23392950101666946
2.1664671416130528        0.24170842047178379
2.1707061105928798        0.2429794576680996
2.1854585260348434        0.24747379004788755
2.215767683266176         0.25698410192374177
2.2423808295131016        0.2656859132985084
2.2625908284676024        0.27251345762595874
2.2692034540264263        0.27481667934288856
2.2857071228054644        0.28067985656257827
2.2874097300275382        0.2812940644122913
2.3415630168291384        0.30174012698136105
2.354752189783972         0.3069500199779082
2.3566690297882817        0.3077183876010368
2.3796516437850164        0.31715216734093854
2.397249069370068         0.32473927818600845
2.397771686970633         0.3249689089785711
2.407993955713806         0.3295103589942637
2.408159191617626         0.3295830872905012
2.4101182233144045        0.3304473483500681
2.4104910366063574        0.3306122385511864
2.4139438458620583        0.3321457063301522
2.4273920741302946        0.33822740884746405
2.458953621191596         0.3531319632522185
2.4616619905470802        0.3544417964262855
2.4797975617277874        0.36333819870514966
2.5009331027156527        0.37398201679944076
2.508810575341607         0.3780250346853561
2.5136204580018373        0.3805139250409546
2.5186715752161564        0.38314419259620297
2.5255674979296465        0.3867830242209954
2.530558209145981         0.38945109589079635
2.5334669188965657        0.39101950745711295
2.5539994248023614        0.40237144032549826
2.577488435622998         0.4159606919087708
2.5965026120196066        0.4274321713574166
2.609151470963602         0.43529683348014914
2.6362190661999594        0.45275325261555555
2.63630529602984          0.45281022876857374
2.636420733260941         0.45288651721179696
2.6836862431983457        0.4852974969310607
2.6927744824551336        0.4920145307340096
2.7055906148117552        0.5018289624527418
2.720995236428446         0.5137123433214258
2.730044620264242         0.52090363959902
2.764698593247729         0.5478780935505795
2.8001524846560453        0.577354042995763
2.8124493671732553        0.5880213760518946
2.813043651928166         0.5885426987156519
2.8263011951848704        0.6003113873004438
2.848174641719531         0.6203092468600043
2.851859932807854         0.6237497330798246
2.8626970860991094        0.6339859646218344
2.8863721416067016        0.6568313080805717
2.8904152457721133        0.6609962090048762
2.8978310456125342        0.6683939886584628
2.905412962304494         0.6760040467946284
2.926198432648242         0.6971081212341376
2.959887246393042         0.7320648353869025
2.963314031678347         0.7356726736289776
2.963493725390911         0.7358621267774519
2.965182987317228         0.7376444279286856
2.9671145667412357        0.7396852567095759
2.96727686264574          0.7398568711659749
2.9684503765094292        0.7410984066675532
2.9703346974041973        0.7430659638751569
3.032009785133427         0.8083204978062258
3.0345710167034725        0.811179183745369
3.0553327784899977        0.8343915532815609
3.0788974421454705        0.8608226421226451
3.094073808044725         0.8778929059587078
3.103670498969146         0.8887065339269418
3.109399304353572         0.8951689402470719
3.1168131219587547        0.9037582488176715
3.1484363397267456        0.9393460241285947
3.164809801713371         0.9571041315820751
3.1843904908758542        0.9777422114638742
3.1914542347127437        0.9850274121277804
3.2036258298741553        0.9951475929906115
3.2290417492938244        1.0181216338239114
3.229708767203558         1.0186973210929198
3.2518971098415337        1.0370533737120626
3.2632148751604944        1.0458225086213317
3.263809882237068         1.046272426533284
3.28317145449797          1.0603076813735242
3.3116242141286945        1.0788026348837683
3.326889677397477         1.0876803937557702
3.340393308501175         1.0949251553207224
3.353407407196472         1.1013668310918205
3.3603004090593522        1.1046787997713965
3.361613728309288         1.1052828985559897
3.3675662918602898        1.1079128853984705
3.3731471530508648        1.1088382764883424
3.3957142730521372        1.1102540379713286
3.3988784212999965        1.1100345724703597
3.4157241041691213        1.107985648819464
3.41941907361833          1.1073379777774324
3.4340192553286766        1.1040810499728326
3.462024264072837         1.0947171218832938
3.470822256850437         1.09138821694841
3.5066765043366894        1.0703425680613496
3.507504082581361         1.069714975381309
3.508779714884765         1.0687350674854734
3.534223108863869         1.0460141030842138
3.540808180009025         1.039148300391821
3.559799397305102         1.0170782433969214
3.571239402386291         1.0030760913532932
3.5897022755203802        0.9785575679716412
3.591512259989214         0.9760262750074675
3.5993527918847468        0.9647979366383362
3.616612236682694         0.9387769247240199
3.6261947679712785        0.9233455083829799
3.6273140789896927        0.9214971587778987
3.6352361779155697        0.9081410420444301
3.6479779675764923        0.8853425661007658
3.6495777686359987        0.8824299042204234
3.680596113967541         0.8237434450135481
3.6858493090739946        0.8133876345634612
3.6974716077063796        0.7900471467377267
3.7078294343306446        0.7687480176126668
3.730461059686331         0.7192626014401093
3.74642438389258          0.6834243786355855
3.749919201458866         0.6753771313953587
3.7632466030299154        0.6440786262312787
3.776366019573979         0.6123237118981656
3.7769999887832184        0.6107654761501085
3.7973159579525206        0.5596717359068606
3.8349274879577826        0.46070541183363745
3.8352279629128345        0.4599089227274019
3.8427300881725523        0.439951587785939
3.8472447505923535        0.42973542856316277
3.8541015423954867        0.4118227410333207
3.8616363946611267        0.39178489820348084
3.8624732320876793        0.38955074850809607
3.898358363851314         0.29210938416170296
3.9369629366836967        0.18371167832006507
3.938512617646055         0.17930856533301914
3.9438393464750856        0.16414634614064774
3.9525705932874318        0.13920165276057078
3.956932445398064         0.12669740744173358
3.966536894451958         0.09906383149019075
3.9718532153216826        0.08370863296429053
3.9750527577805097        0.07444699397720014
4.016796697566781         -0.04779003481309585
4.057339679952422         -0.16555894496914947
4.06495591655181          -0.18726797534107037
4.0662972523523875        -0.19107768825942767
4.067381890834976         -0.19415534579449037
4.06880347237701          -0.1981850512911097
4.070258430303213         -0.2023286849532134
4.07137075688115          -0.20549132072838577
4.1015498330161435        -0.2895773534588686
4.130436751214422         -0.3669536708710542
4.131981822958691         -0.37110939822775013
4.13721898560781          -0.38515480796603974
4.148926597551413         -0.41632521653058674
4.155482285618794         -0.43308891820639844
4.167210752556484         -0.46299028446257307
4.192185578946322         -0.5262791187363731
4.207625377059012         -0.5651439820655246
4.217753266292918         -0.5905293793486066
4.237199410617098         -0.6401677768956865
4.250633169580033         -0.6730759778581176
4.260374973420887         -0.6962332545519087
4.286236771949492         -0.7548265614965614
4.291120997734993         -0.7654222457680215
4.31526114618781          -0.8155974298452884
4.338435146546322         -0.8603315577122199
4.344288241123251         -0.871098190413015
4.383899269271861         -0.9383233523989737
4.403859181020874         -0.9684752073630942
4.412769026082702         -0.98112925240851
4.430434910314622         -1.0047489866662784
4.4482979169392465        -1.0250216372143963
4.472507756715906         -1.0534756197137392
4.49037838760008          -1.0676712645337774
4.511124616016315         -1.0827122761128096
4.519209184121837         -1.0879450705052918
4.525215766193941         -1.0916046415378884
4.556793000463946         -1.101891382714507
4.568937232248292         -1.1034327123681957
4.572169410012948         -1.1039342854426697
4.578609865401943         -1.1046972531976225
4.582395548143589         -1.104998773570799
4.592758295094949         -1.1052676001683817
4.614559855065522         -1.103171366653081
4.626280704407308         -1.1005529513396488
4.6559395247061275        -1.0910775428487802
4.678687865691219         -1.0814577754673764
4.6939100353161365        -1.0738802978046023
4.720933144913532         -1.0581760701211456
4.72611850070431          -1.0548331396118387
4.731705330492187         -1.0511126464386715
4.7750671140875856        -1.0148599580154096
4.785089078465593         -1.005394289366277
4.855286691212695         -0.9356141612462496
4.856137700933829         -0.9347014564715277
4.860812222503266         -0.9296864178993407
4.867287155168019         -0.922735256722135
4.872741695026394         -0.9168754276809834
4.875242459650199         -0.9141875918875577
4.877552702958145         -0.9117038274173243
4.919607667583327         -0.8646149529376732
4.949421733730971         -0.8314166464277986
4.954659831828051         -0.8255997694899148
4.974510945337735         -0.8035980997426048
4.978817907898399         -0.7988335023853231
4.9805359907561195        -0.7969423684901986
5.0204509791355365        -0.7532875851809216
5.032531321724357         -0.7401814391152144
5.0327855955758025        -0.7399061031201188
5.034990932028298         -0.7375190089283921
5.035616783239369         -0.7368418759574435
5.04033323063035          -0.7317432207583677
5.04034844231512          -0.7317267885134047
5.042070969016208         -0.7298854776914093
5.077217778121698         -0.6929622696917279
5.088008264702879         -0.6818740127134693
5.0904353777181495        -0.6793959468725032
5.090737489750508         -0.6790879044175346
5.124986611021337         -0.6463577824511941
5.1257994666631355        -0.6455848447829051
5.1262098978131485        -0.64519472347178
5.164982549559269         -0.6088074659938256
5.171011675254587         -0.6032908097162661
5.203148639361295         -0.574685610151941
5.220185979741599         -0.5600671797888802
5.233959616411727         -0.5485259334541084
5.258326273280261         -0.5287148307789986
5.261566194809062         -0.5261389899757393
5.2676843474286414        -0.5213122145032858
5.275002551445664         -0.5156028334153179
5.297318175804958         -0.49862445099629704
5.302735809089192         -0.49467908773748653
5.315080587282281         -0.4858724446839304
5.330905666752843         -0.4749558022030975
5.351235855306448         -0.46119027359994436
5.363075915925615         -0.4533474109430319
5.382960375106516         -0.44046413453290495
5.39149184686157          -0.43504729298219486
5.413223731529916         -0.4215496533898045
5.422545720669288         -0.41594904353307577
5.428756162274451         -0.4122736689972182
5.438881824331555         -0.4063769835931033
5.457244891251161         -0.3960026157337371
5.466949221668062         -0.39065806174456796
5.4710024296590225        -0.3884540514623174
5.476511151358327         -0.38548526269033667
5.482703730938645         -0.38218463538753333
5.488606005308751         -0.37907490548148715
5.495728774009022         -0.3753691345725923
5.499586406996059         -0.37338357873538464
5.511105345088603         -0.3676290666981996
5.520559632026488         -0.3629557428943354
5.5286810317229           -0.35897708904702885
5.538578934775437         -0.35417288026799176
5.573711314488469         -0.3374941300930173
5.5767484143041965        -0.3360928363348904
5.579519931138755         -0.33481971024419604
5.579737203189646         -0.33472137064621477
5.603816157446651         -0.32405299661541676
5.615509005628192         -0.31903683682300854
5.632907725271886         -0.3117718958037077
5.635481823804186         -0.31071727869483573
5.649707253890635         -0.30498302917896614
5.679886577703351         -0.2933446706041934
5.705547935791853         -0.2838102616227421
5.710700138221037         -0.2819429747470502
5.71333210960484          -0.2809951479470347
5.729239908649663         -0.27535373672263996
5.736351826896824         -0.2728800920094699
5.737607837797633         -0.2724463418493793
5.739492793293045         -0.27179714507179814
5.741644451113512         -0.271062582431605
5.744404723183427         -0.2701227454524812
5.783023783753536         -0.25726844337665844
5.8041151966484055        -0.25059458017715003
5.830569086767164         -0.24252318391312055
5.834050542213646         -0.24148574999448094
5.840326758577854         -0.23963008204695774
5.8589193736338006        -0.23424289123766023
5.86645461263943          -0.23213896613702678
5.874690554498705         -0.2298577319011351
5.880538632956382         -0.22824952698551434
5.890412741140853         -0.22555608915025063
5.902486872764486         -0.22228694044701744
5.931185032278445         -0.2147431450428112
5.945515480319189         -0.2110954625532879
5.952592899891281         -0.20932328920230028
5.959234983890169         -0.20767775626466942
5.971036396020161         -0.20479615115877803
5.97466080167722          -0.20392198198122383
5.981713376541535         -0.2022355446302562
6.0225399599181175        -0.19289802950668553
6.037323364211405         -0.18964451016731107
6.048833362280315         -0.18714669028946704
6.070635874342411         -0.18249995494707671
6.074531185809651         -0.1816814262232344
6.078492536539903         -0.1808526498489219
6.093797682781055         -0.17768496045786963
6.104915036711493         -0.17541750308053394
6.111024608613219         -0.17419744027041706
6.137363574476783         -0.16903935901522119
6.179144098669036         -0.1612461014594324
6.17976200171671          -0.16113442399845898
6.195574941491701         -0.1583119483187405
6.2031400557261325        -0.15696991247952313
6.212363035885312         -0.15535040546360324
6.238978121704095         -0.15077938635205604
6.252145288565465         -0.14857424884319326
6.263934509617956         -0.1466304245064562
6.26805510676495          -0.14595672308365726
6.274392287782618         -0.1449263899457664
6.27861823204296          -0.14425649143039995
6.283063242714051         -0.1435547670541233
6.298396457854656         -0.1411569681193964
6.342721119503115         -0.13438338319564277
6.363380669033395         -0.13133908793138346
6.367700292048672         -0.13071163779602074
6.404548114747737         -0.1254867829066447
6.416729858699789         -0.12380966902344034
6.444778199538759         -0.12004297661853605
6.45285374021675          -0.11898300916793988
6.477308974752338         -0.11581174254155778
6.481272935764435         -0.11530653647635955
6.497060234047668         -0.11331049170391871
6.503478411050917         -0.1125081853207311
6.517544845544979         -0.11076833937231657
6.525785545339464         -0.10976088924048072
6.534083637140972         -0.10875525003425704
6.54897481404445          -0.1069728106487973
6.554350668448493         -0.10633689053134403
6.566290941791598         -0.1049381790474423
6.602172638647979         -0.1008407964037499
6.602561308633495         -0.10079712543094194
6.604214537716678         -0.10061153900605117
6.619988272432536         -0.09885470792462334
6.639583204870245         -0.09670727747585664
6.64561221201272          -0.09605435241061704
6.655981728985043         -0.09493994804544305
6.673685603073474         -0.09306242121755227
6.681444130318739         -0.0922495907913393
6.699308975965532         -0.09039816550163393
6.719013782695166         -0.08839084040724687
6.731046285015071         -0.08718358571419042
6.739506770843795         -0.08634311815128203
6.750872633027376         -0.08523018448003906
6.7568037311448705        -0.08465323354528875
6.796056177818125         -0.08090090296404819
6.798831360867901         -0.08063994842970819
6.803159226967791         -0.08023413634187204
6.809919862974375         -0.07960299869464643
6.812442507820256         -0.0793683688783577
6.835248847266948         -0.07726865170370804
6.877123517493527         -0.07352019783994795
6.878876045466284         -0.07336592418677557
6.889099203480109         -0.07247043009925118
6.9057873996561066        -0.07102492916034794
6.906688298661215         -0.07094746992478833
6.906914877598586         -0.07092799795272184
6.908856893676143         -0.07076125580756919
6.930386330351363         -0.06893106739114022
6.9534816941287           -0.06700515863619495
6.954846462781937         -0.06689218477200545
6.981003674807059         -0.06474652730578498
6.982216154701318         -0.06464797214247228
7.011692265075911         -0.06227667076810789
7.012729957328156         -0.062194052518194064
7.012863359428834         -0.062183435658177945
7.03123397423154          -0.06073148061923349
7.038610518239259         -0.06015350654495015
7.0556090118068           -0.05883341170222983
7.0595616771108           -0.05852880554958299
7.079520474096954         -0.05700428821421121
7.086407222115786         -0.05648351576020232
7.092150152417955         -0.0560513016687932
7.0994547450617045        -0.0555042679287828
7.104599741175103         -0.055120786482536946
7.105435906087744         -0.05505870892508541
7.120426100998557         -0.05395051594769174
7.150352899052192         -0.05176467252350823
7.157235269018054         -0.05126699592527013
7.1617963403287215        -0.05093820871359369
7.186690675933717         -0.04915818722413303
7.191900930372163         -0.04878848036630807
7.209891740029464         -0.04752081825987393
7.2392932877344105        -0.04547891920466086
7.241085127789697         -0.0453556729139489
7.241682176152397         -0.045314642543369164
7.2513239068784126        -0.04465386831227336
7.292928992538451         -0.0418419737611985
7.296188256108639         -0.04162391766717683
7.29751812900351          -0.0415350486328117
7.304626372292529         -0.04106106186683445
7.3205620772172           -0.04001158984928078
7.329182676924625         -0.039446583710890104
7.382398595501415         -0.036000982953797965
7.430980723361974         -0.032918898482517944
7.445918917670319         -0.03198343854325628
7.45845149322834          -0.03120377368815961
7.458764808154946         -0.031184341391577684
7.458942628367301         -0.031173313983497673
7.466173955409183         -0.030725657980078515
7.479048229120938         -0.02993249228368923
7.5296851345656926        -0.026860254538500633
7.551008678840482         -0.025577495263551436
7.578812827896455         -0.023919334449751865
7.590976091139629         -0.023198122157870836
7.598019059607157         -0.022781674619037108
7.620049209143435         -0.021486217083685328
7.644117650634289         -0.020079397679712088
7.654261753822013         -0.019489124850771433
7.670711146947945         -0.018535305285623655
7.677145541856718         -0.018163334007175663
7.707376389282977         -0.01642418295953122
7.723100368417175         -0.015525131990915347
7.728163187239984         -0.015236460877309715
7.7344163575119085        -0.014879386207932166
7.743652568975396         -0.014353470267302262
7.753938179086637         -0.013768811435493458
7.776282285688472         -0.012502387970611257
7.780686855843783         -0.012253337864343279
7.79630936036455          -0.011371560367514818
7.809833114951223         -0.010610225904603868
7.811866046409485         -0.01049593898451848
7.826957354175658         -0.009648839580684604
7.835598173493785         -0.009164848531882017
7.8421265688828035        -0.00879868785669472
7.868984542446862         -0.007294140728595263
7.872629198371817         -0.007090163585142492
7.912853099563461         -0.004842029002599689
7.934471041376544         -0.0036379215964634365
7.934680615801833         -0.0036262580335409598
7.9360731924556           -0.003548760875073389
7.950025149482107         -0.002772781846111557
7.964483937959509         -0.0019694774687885174
7.977702967515585         -0.0012358210314332664
7.987384390974495         -6.989678981936923E-4
7.998866511362142         -6.277358479187632E-5
8                         1.8206069430243473E-31
