0                         0
4.871947242770002E-5      2.677089373626409E-6
0.013296918647490748      7.308659173628542E-4
0.028982706911233114      0.0015935850910138417
0.03663577643719468       0.002014719970240296
0.03771030759458484       0.0020738608421416267
0.04482529703665688       0.0024651628283499974
0.09258679303804793       0.005097159497116209
0.10021623406650003       0.005518444642344342
0.12269751274642476       0.0067611835557806295
0.12320811858523599       0.006789432834772269
0.16541527914338133       0.009131325550046736
0.16660892661772794       0.009197683827237934
0.17583123459772543       0.009710615543147345
0.183014207677576         0.01011041336500886
0.18402563203328753       0.010166728803981565
0.23305784179555253       0.012907998691908956
0.23358268474259655       0.01293745717372366
0.24269825585429708       0.013449488905832798
0.2477209959532512        0.01373238755656899
0.25219926987891256       0.013983847097964928
0.2821646900202879        0.015674021998662035
0.30086980620714576       0.01673576061791151
0.31503367702876267       0.017543151449064525
0.3249757563878066        0.018111646877614112
0.35399099975182874       0.019779068699119565
0.35967794833251254       0.02010733367098568
0.3931399137325744        0.022047808366377313
0.4327116999776305        0.02436237465784605
0.4337365868027881        0.0244226053793765
0.4411693099812465        0.024859843154879737
0.44704078923791435       0.02520747260261149
0.4474132772558944        0.02522954754403773
0.4550767360044419        0.025682999297166876
0.4591234642407144        0.025923042514084248
0.4724775696118848        0.026718621470133066
0.49137055868288715       0.02785124881277564
0.49871353418892894       0.02829369169421893
0.5000347023390154        0.028373429982352424
0.5178665875904928        0.029453623536273715
0.5456752818372965        0.03115289771275434
0.5503841362062738        0.03144241220052996
0.5543538324628872        0.03168688059644384
0.5610020197852659        0.03209711895600794
0.5879846826452642        0.033774346693427944
0.6145641314379626        0.03544335821976633
0.6580614501078347        0.038209487119214895
0.6831668254640575        0.039836781929008615
0.6956697013749363        0.040655600273056224
0.6957482290108851        0.04066076072836403
0.7076451634518313        0.041445114599723255
0.7077270884566116        0.04145053337019636
0.7238004129636425        0.04251831084667197
0.7737706863866654        0.04589360452903318
0.7958573686266681        0.04741677802682813
0.8238967075662131        0.04937707950951152
0.8384080761757856        0.05040329760042062
0.8624883609025911        0.052122899801036966
0.8768247423430211        0.053156792189860795
0.8837377197664502        0.0536580308505445
0.8879317393379164        0.05396410920313331
0.8991278107016771        0.054785885873848104
0.9324124034467269        0.057269233145744024
0.9466626598237625        0.058350391794300495
0.9514832066745316        0.0587185392552318
0.9564084126180867        0.05909594071126889
0.9659887796837685        0.059834452398459526
0.9746483025648505        0.06050546460073489
1.0040092781644638        0.06280886081724005
1.0226299882671517        0.0642922931151427
1.04499586313014          0.06609729527601363
1.0499111431481922        0.06649737003232953
1.0546828181627808        0.06688692644248516
1.0672696769186083        0.06791854686875218
1.1053883262367517        0.07111466923451866
1.1286635899469117        0.0731193892942992
1.1348081733089754        0.07365535385274911
1.2009391807395857        0.07960149982514043
1.202983401241974         0.0797902234567714
1.204752767039724         0.07995381135419802
1.2259582097179924        0.08193163188361124
1.2610043109610118        0.08528406501126146
1.262525858892216         0.08543261620515169
1.2928384070492713        0.0884369391209056
1.3090312147423988        0.09004639280023939
1.335780344091228         0.09277182593571001
1.3417326884833072        0.09339125411411596
1.3586922790960319        0.09517745565223037
1.4021187385683533        0.09989498091658011
1.4383414975814792        0.1039881654595107
1.4483333341351554        0.10514256921386916
1.4628491125963594        0.10683915383750511
1.4789074357914849        0.10874295300147192
1.4797948501261047        0.10884898532058604
1.5549339797870037        0.1181402204821093
1.5617373237660148        0.11902138341245161
1.5632177073514677        0.11921384754134484
1.5656540536978534        0.11952898954565985
1.5771004665233594        0.12102347949928603
1.5899227830050187        0.12272940138367595
1.6099289009114184        0.1254442903100838
1.6266216484122422        0.1277591781325694
1.6343375888924723        0.12884445481537266
1.6486724333091565        0.13088631562173564
1.6531407879585587        0.13153190384002422
1.6697162279747428        0.13395682200058734
1.7179058172735417        0.14127605685210515
1.720602244271575         0.14169566055343516
1.7456121300818204        0.14563983344116768
1.7746841236109865        0.15034321302900253
1.792137790462487         0.15325221487447632
1.796893014125338         0.15405737846276563
1.810352563085927         0.15636564997046593
1.8256029589203933        0.1590333284839957
1.832660480356311         0.16028666656437715
1.8741216962908576        0.1678790019519314
1.8753048246042803        0.16810196499217572
1.8775970915755766        0.1685349438680517
1.8937518314372208        0.17162362931283603
1.8945934452894824        0.17178632954795786
1.9118498097189647        0.17516137576724247
1.932367410968566         0.17927118966005845
1.9328908622225642        0.17937741789401776
1.9378467451017833        0.18038655166765175
1.9469817984101963        0.1822738321504123
1.9476769669900882        0.18241833473446306
1.991817987835707         0.19184934733492034
2.022447271938393         0.19868920675315585
2.039510711491806         0.20260474423304142
2.0440251316281373        0.20366214483692058
2.073785142314694         0.2108343787922313
2.083248328307154         0.2131884001372673
2.1079168681035165        0.2194912747570145
2.1130432121250977        0.2208312607256526
2.135248400732036         0.2267352392285279
2.1415997244213036        0.22845206932246964
2.14704228873329          0.2299543213175563
2.1643982763147007        0.2348246548777441
2.2089981568761115        0.24779253367282242
2.2144657851543443        0.24944410575543213
2.2411784905673446        0.2577071146299096
2.262121250700174         0.26441063165630607
2.2670915278849266        0.26603063251196296
2.301030883354234         0.2773908823520223
2.313281631837474         0.2816192278816155
2.340432281230849         0.291465386532067
2.3484968474730437        0.2944804806653675
2.386526585078424         0.30925715892676664
2.391112758133515         0.31111046693597777
2.40128086932806          0.3152612534589548
2.4146702991988023        0.320700286558859
2.436316807408555         0.3298287530702471
2.4449600301615977        0.33358938366499225
2.466232167364341         0.3430002203179768
2.480828004511832         0.3496653281112137
2.487326016579677         0.35268703595928846
2.4879049637827153        0.3529578850952787
2.5004165299471053        0.3588874304388859
2.511769146882578         0.36435426062907134
2.5414264761756913        0.3790241927871186
2.5502661800254334        0.3835147966505468
2.580247253685632         0.39938488694967184
2.5932231994168853        0.40655984544808066
2.5938477117229612        0.40690983265695546
2.594327339497063         0.4071789151518303
2.5950287322224908        0.40757286822141986
2.5956839322466925        0.40794136455841523
2.5975274089996163        0.4089887254206722
2.5978843409083368        0.4091919749602694
2.6455550990601164        0.43768036679813616
2.6474559662950887        0.4388716120543204
2.6580824561258076        0.44557097603877427
2.700191998971025         0.4728328734581286
2.712027784236171         0.4807008011254549
2.7386396164652638        0.4983390977495722
2.745437699808937         0.5028914069985183
2.7515290323364057        0.5069865338351979
2.794193304074235         0.5384778617353259
2.79516457518613          0.5392082121072054
2.801009225217288         0.5436157444774808
2.817251833244277         0.5558434631572268
2.8190893107412274        0.5572492701059001
2.8302277077400593        0.5658689529414118
2.8531559648157856        0.5841419862782775
2.8782065921351854        0.6050601079236979
2.889468786836873         0.6146031812195907
2.8899339545790457        0.6149991942082831
2.8901860211424664        0.6152138483175
2.902390737440334         0.6256586888546868
2.906981503007039         0.6296136438880059
2.9098589360275784        0.6320998502473656
2.921842995615681         0.6425149409487944
2.9516255100648823        0.668820345323161
2.9706975536401137        0.685981868829725
2.9713670468249953        0.6865984036917634
2.9735414299828187        0.688603320796662
3.0109812047116264        0.7232526419894834
3.028092981098685         0.7384987421095474
3.043318126799046         0.7521039622283019
3.068640194417388         0.7748153414978393
3.072058273830155         0.7779270688824721
3.073760424330851         0.7794774123663688
3.1014242313485765        0.804744062909914
3.118468609018641         0.8203772013900462
3.120216766419949         0.821983447868246
3.1459010988349267        0.8456435493784719
3.1482621867645815        0.8478242655206568
3.150977062169526         0.8503329303892634
3.1871536298992806        0.8797701658290296
3.1873112380754107        0.8798971307136356
3.1886075860996117        0.8809388626303647
3.215389590450151         0.9014348517939771
3.229752920090108         0.9116208303289968
3.2428114241008736        0.9206302584295025
3.2472158569835488        0.9235143411845771
3.2800784670674856        0.9425706208962021
3.3319468576313294        0.9638107540171827
3.336077254506889         0.9650370622907678
3.3381745816665656        0.9656334912377926
3.344099017918892         0.9672226952320642
3.3497486413617157        0.9682832980174485
3.3504540414144417        0.968406197636227
3.3549407020589266        0.9691383976990592
3.4035032081019114        0.9715897085151437
3.425439011684828         0.9694111436092092
3.4472316886172063        0.9668798237679642
3.46054824045601          0.9638990430314373
3.4888221996920334        0.9523527330672372
3.5022286472931157        0.9442793295774946
3.5064464060487666        0.9413936967817172
3.52830775997628          0.9237856696505364
3.5367637272269254        0.9157827019218714
3.562267785284            0.8876171416527628
3.575478219370424         0.8704086646219888
3.5879513146036452        0.8544331380795542
3.591927345755472         0.8491752216381876
3.612947488105137         0.822682198937624
3.649731996541477         0.7720229157830196
3.649834165771361         0.7718745925064621
3.649978778347343         0.7716344140418183
3.677345059208084         0.7253186520070206
3.6845620009526154        0.7128177515401396
3.6984207986543094        0.6897645208395039
3.7117254031978617        0.666657649600471
3.721200221925873         0.6486442727281155
3.732330086719429         0.6269731279755952
3.7427780433668842        0.6061271741606427
3.7595525640915137        0.5716403859629887
3.778207751331389         0.5318137340916702
3.7897416027900745        0.5070159701875443
3.8035456915240426        0.4767043066300948
3.8039949432877065        0.47570623195800593
3.840833146570781         0.39137959778123377
3.8414274442792764        0.3899789324743004
3.844235308097141         0.3833439579218511
3.8687323784535494        0.32424711017345487
3.8737641985818385        0.31210977542716295
3.894268822617356         0.2627071550209392
3.906269501379539         0.23383583491605853
3.9129434731337573        0.2177930924642151
3.925508137358926         0.18761671141002362
3.931111860564535         0.17416939297989636
3.9345403818804203        0.16594529733308372
3.9606258679346604        0.10135135979578888
3.9853541054531307        0.0385574593579415
3.9889069543367435        0.02941068462097668
3.9918477900110845        0.021815810242803994
4.012422048490701         -0.030512950526363165
4.014132710341296         -0.03504968997093777
4.0169254310290965        -0.04243317019187183
4.0339698205855745        -0.08687947018042169
4.05028443156489          -0.12843091518295843
4.058297683251038         -0.14860079774364138
4.089813288441088         -0.2264963300768998
4.1171398304548035        -0.2921905239351485
4.143153036451829         -0.35313320202350146
4.173095172722567         -0.4213554563583003
4.1775728009356605        -0.4313805236686372
4.20889123564293          -0.5002120542852293
4.23602164133877          -0.5580172291244456
4.246757390733075         -0.5804241956860121
4.2635676221949375        -0.6137888970700902
4.3376255588611405        -0.7541086084875354
4.342169791661672         -0.7615989734292055
4.342553790663287         -0.7622101748736366
4.344113384004075         -0.7646848312636775
4.3521821871806345        -0.7769308855341103
4.355585058044287         -0.7820120481112635
4.3629826066641915        -0.79288738779466
4.389452651571403         -0.8298867244467827
4.393772311102054         -0.8356405547055575
4.401248503495056         -0.8454105362256145
4.425344200112371         -0.8752740280037157
4.427989517319175         -0.8784014480721098
4.436348131061438         -0.8880869220602179
4.450314819809478         -0.9036046336174037
4.4853662487686545        -0.9314369915067239
4.486167838489746         -0.9319191781250142
4.492855136745007         -0.9361968689346564
4.493427900961019         -0.9365520383820998
4.511459681040092         -0.9468288854251661
4.542908679361809         -0.9605565005103227
4.5705713614457215        -0.9682220655342275
4.572983718567486         -0.9686949134271525
4.573017005692581         -0.9687024394374039
4.578833607020298         -0.9699462983439499
4.59375105016472          -0.9724887874163237
4.609428026827773         -0.9741565750221582
4.616074775043479         -0.9747175450404997
4.61719719741775          -0.9747694459383397
4.6403381918842985        -0.9730818305718446
4.6449934529807475        -0.9721068031672906
4.653468412306411         -0.9699880894841039
4.660493356579649         -0.9680176372869359
4.6617667092329675        -0.9676396796104261
4.663726472670047         -0.967045514236468
4.6810087829242715        -0.9611515240655344
4.710299194049847         -0.9482285804906729
4.712873944793344         -0.9469617974661253
4.7189146966125275        -0.9439067618588023
4.736366832669848         -0.9344269066919458
4.754872803461355         -0.9233137258771128
4.756299702081034         -0.9224115020697232
4.764581523680147         -0.9170467417887708
4.7996790941848095        -0.8908623987244152
4.809062309231681         -0.88368079171743
4.824715183303167         -0.8713292388346203
4.847029658563867         -0.8529182419254293
4.861002392626652         -0.8409092979864362
4.876549937641166         -0.8271119545541377
4.886910555915809         -0.8175125110669915
4.9171024208403455        -0.7895259539139797
4.922869936484307         -0.7841775421335355
4.960143878960883         -0.7495953454552172
4.979027301353183         -0.7320644804769317
4.983690023128547         -0.7281719594340814
4.986578552079985         -0.725776996223471
4.996142698666276         -0.7167303392311928
5.016189604954256         -0.6985646098249967
5.023037273925398         -0.6923375411913061
5.042933422753736         -0.674181073569746
5.05101996394813          -0.666774601679154
5.062571727006496         -0.6561672584342281
5.0703628466604025        -0.6495432816925465
5.103250678445309         -0.62198276500651
5.115734465147754         -0.6116907515627281
5.121084430012945         -0.6072495730792512
5.123229911922493         -0.6054734800728736
5.140972115309932         -0.5908943709895563
5.149748568669673         -0.5837540967651795
5.152963147638697         -0.5811506489804315
5.2294702126882955        -0.521062435654162
5.234531815568948         -0.5172139294255403
5.239714516887616         -0.5132896601154635
5.249752736027378         -0.5057373567220597
5.2539407347497775        -0.5026730353542496
5.289184870507737         -0.47804746058742886
5.3065843884582184        -0.46665619876809494
5.317609361522114         -0.4597003555001278
5.3405081023215           -0.4459027943678734
5.3501833833541905        -0.4399471503398791
5.375962917300207         -0.42473621703929426
5.38448952726882          -0.41981189085264176
5.39570269699977          -0.4134167556494546
5.400380100794712         -0.41077623569298094
5.413581287919849         -0.4034099090324934
5.426061805115857         -0.3965626431904852
5.426856664379825         -0.3961304037830005
5.445639252113629         -0.38605069169352074
5.450576818235234         -0.383443661650774
5.465177897547184         -0.375838375983431
5.46574550071792          -0.3755458684682905
5.477372877582106         -0.3697290896046506
5.490603419902541         -0.3632350775562305
5.516638854570045         -0.3508867279068694
5.522870837033822         -0.34800128229784333
5.538851452407814         -0.34072629573036367
5.554207769355775         -0.33390379860581665
5.5643762816675055        -0.32947690258540174
5.567166107329348         -0.3282749849629505
5.571030611155701         -0.3266190654945374
5.582104461258952         -0.32193182921047436
5.600353776494687         -0.31439456555975104
5.617693360088649         -0.3074488375993535
5.632448239909341         -0.301634052225135
5.650182559135435         -0.29488388360078704
5.675420120968734         -0.2856616056441609
5.684896757946207         -0.2822881724365275
5.696611710107136         -0.2781855043493778
5.746741161460653         -0.26147328976392625
5.761515479801765         -0.2568087112016437
5.766273470949403         -0.2553317940425553
5.769148376998688         -0.25444239911621624
5.77374927928281          -0.25302549800339297
5.81702297223989          -0.24008774632235647
5.83508770565266          -0.23489483846589096
5.843336006433239         -0.23256451337493264
5.852245896646819         -0.23010872304243063
5.885578725547301         -0.22117241663355128
5.897665938490546         -0.2180441170414889
5.899677247163479         -0.21752840994650519
5.900064503056724         -0.21742927465682202
5.900951430401525         -0.21720241927140016
5.917237802044578         -0.21308449318991088
5.921840089855118         -0.21193724050116186
5.95053286932465          -0.2049478336413427
5.9687853009828           -0.20064792378798743
5.984024574512585         -0.19714498802597022
6.007107595133552         -0.19204794147531123
6.017839226245295         -0.1897264201189033
6.033628828651144         -0.1863595647065419
6.045798706359646         -0.18380423062746637
6.050231149318316         -0.1828821228269734
6.063060171755337         -0.18023904737286967
6.087499755459802         -0.17531014076653426
6.1023786540482785        -0.17239227214958597
6.104896608489448         -0.17190020617483157
6.105441063544369         -0.17179404102427184
6.132312631511603         -0.1666575831639791
6.135191580408829         -0.16611928873273712
6.159934156997096         -0.16158886812456036
6.166129126864358         -0.16048143459063505
6.17849351970399          -0.15830442376514742
6.18894355633883          -0.15647673504282364
6.192208849965011         -0.15590996007115013
6.194290933067764         -0.15554923475132776
6.195641179370441         -0.15531575964676267
6.198406817801139         -0.154838669641415
6.214629261751331         -0.15207063297314383
6.217720428224455         -0.1515490861665566
6.219772868417348         -0.15120383813973712
6.223681892169927         -0.15054859042996457
6.230684410405813         -0.14938249159620534
6.23289600686433          -0.1490205446699006
6.263547752179075         -0.14409183807466774
6.280663235563287         -0.1414109137865378
6.289448425643143         -0.14005463907538462
6.305608721753725         -0.13759488535311817
6.31262718917495          -0.13654077267162462
6.315173029884177         -0.13616052989412852
6.320356728176012         -0.13539136693572124
6.321871812277768         -0.13516732087255678
6.325492771290368         -0.13463326399341782
6.328502178036987         -0.13419090689774185
6.343277540507422         -0.13203883087711044
6.375020547786953         -0.12752649517595566
6.387580270137628         -0.12578298001412594
6.3956005090738           -0.12468204857212759
6.417822204039303         -0.12167866797270446
6.434853317696061         -0.11942731476104114
6.435586616374713         -0.11933141079643154
6.448076479618256         -0.11771100686473941
6.475510004137645         -0.11423855214456455
6.476226478456061         -0.11414945956215283
6.497752049366785         -0.11151068609564356
6.500549876786724         -0.11117181673247548
6.526388527508301         -0.10807895617451042
6.54010070920473          -0.10646450962994632
6.543287477207706         -0.10609105809201248
6.547955118012627         -0.10554622440922108
6.557682579922003         -0.10441902439196825
6.575247530164579         -0.10241185753824028
6.598169124135153         -0.0998472227261931
6.610098099915611         -0.09853700044644258
6.622356429860751         -0.09720508923495387
6.637996588762219         -0.0955269467772499
6.644881628989564         -0.09479574344379439
6.651819820201555         -0.09406355884060241
6.6677799761187835        -0.09239706008085406
6.700358657996935         -0.08907710270415682
6.729557800541535         -0.08620124743992885
6.740809929015491         -0.08510906830560386
6.752076313406589         -0.08402445441500324
6.7720948741616755        -0.08211682784229235
6.789799838797599         -0.0804551145681189
6.793618559601982         -0.08009983676325165
6.808155063159653         -0.07875758608346432
6.840907338534725         -0.0757923573139425
6.865384141093043         -0.07362971305991133
6.868235542808675         -0.07338085891936956
6.890334119364458         -0.07147280716517199
6.899416212899665         -0.07069920777116524
6.899821113689096         -0.07066486234113203
6.919984980051897         -0.068969961926764
6.954211342427956         -0.06614745278695441
6.997594322987249         -0.06266318168171922
6.998370142145893         -0.06260182218484533
7.001330404874086         -0.06236800178955721
7.002379277011771         -0.06228527177553853
7.010003785568326         -0.06168522912031903
7.025359199819134         -0.060486464811618824
7.052298387536506         -0.05841468260801754
7.0734613432093285        -0.05681509395159554
7.077548750038155         -0.05650898535405331
7.095544105109426         -0.055172218827993176
7.097098299581787         -0.05505753144990973
7.097973035443143         -0.054993043239704914
7.099627347185509         -0.05487120133027754
7.1004490558317634        -0.05481073945095302
7.102068069274049         -0.054691723761698834
7.103879627067294         -0.05455872079243542
7.10631448572164          -0.05438016007730291
7.113970010486219         -0.0538202685339816
7.156414020218551         -0.05075861963140438
7.175076925317059         -0.049435547921459044
7.178179528233397         -0.04921696580542907
7.211259739459605         -0.04691072733615385
7.211315204742402         -0.046906897803424295
7.217223545028691         -0.04649967908973397
7.251328534503348         -0.04417677905094391
7.254055095245968         -0.04399278500859922
7.2600163336830885        -0.04359147078828034
7.278101579753509         -0.04238204453773326
7.285671176870557         -0.04188017057126259
7.344624837995853         -0.03802954607497457
7.352396808292779         -0.03753066092971982
7.354809925391897         -0.037376103808937786
7.369160042417627         -0.03646034024770398
7.3744123858049635        -0.03612658899107163
7.384924060454946         -0.03546094556429137
7.392481949048356         -0.03498424641642411
7.429082858634057         -0.032698179092200935
7.449268992949396         -0.03145329955613535
7.457488657294734         -0.030949637777332673
7.475780015671473         -0.029835570531466713
7.488425154888717         -0.029067471553440995
7.4951020297729           -0.028663520150645733
7.510306267064602         -0.027751186853623138
7.5358879857573555        -0.02622427805769672
7.54225566356112          -0.025845792016931084
7.556474353041971         -0.02500293267052944
7.556744792660157         -0.024986926796579278
7.587625441636089         -0.02316751869284448
7.608411857029663         -0.0219520499034543
7.620478717346594         -0.02124985087491269
7.6569053708547115        -0.019149461330926272
7.665032071004102         -0.018684687391755408
7.672489018991649         -0.018257343343326918
7.691623955295174         -0.01716382749872519
7.707454549692077         -0.01626248908922393
7.712504661125333         -0.01597550304859958
7.7199355962611405        -0.015553845534056423
7.726539908532857         -0.015179718344083493
7.732391873705308         -0.01484894554946888
7.747835909885207         -0.013977786799977283
7.7617611881370365        -0.013194523428815686
7.779345637102182         -0.012208456455345266
7.781119978600666         -0.01210914530573064
7.78118243218343          -0.012105650358902638
7.784251550899209         -0.011933952611659552
7.802701311447714         -0.010903983160700617
7.807078935950358         -0.0106605916703496
7.850949311062175         -0.008225187297359356
7.8608855702320755        -0.007674535042623659
7.866985636733708         -0.007336651740576694
7.871188693398132         -0.007103920605484922
7.878196750680939         -0.006716010298098016
7.891299363182445         -0.005991219989651762
7.928771493953132         -0.003921746126258519
7.939676075348549         -0.0033204517867743287
7.976548074939986         -0.0012903926231436296
7.987573195277125         -6.836253702791805E-4
7.999932559401425         -3.7081267287206993E-6
8                         -7.510320240124724E-18
