0                         0
0.01818080160135312       0.0010165281391058868
0.026210176619175917      0.0014660475882575677
0.05329550414012374       0.002985021965425365
0.08248474346022316       0.004626510164293396
0.10713854441880179       0.006016599221537637
0.10951369030358982       0.006150697145137038
0.11185688314536472       0.006283021488802787
0.12037251527075905       0.006764012635302433
0.17418161564760423       0.009812962729879898
0.18184551118646305       0.010248570406859638
0.20408174120071568       0.011514363976781397
0.22916460498926208       0.012945611160296747
0.2322742889192718        0.013123303917827647
0.23718436916862184       0.013403761217267041
0.2383995565222566        0.013473557810228074
0.2592757624763688        0.014671432314307146
0.2608186420877504        0.014760199891479763
0.2934939900183783        0.016647804416745453
0.3065248502735547        0.01740466324667306
0.31140158597829254       0.017688513100121886
0.31569333091051827       0.017938583586956856
0.3368531754877589        0.01917521571752677
0.3464037191900531        0.019735530939859386
0.3710405448882792        0.02118748761598435
0.3968287359003921        0.02271741684218982
0.4044573032291399        0.023172906035989316
0.42324325122633655       0.024299441229716775
0.4394834175828992        0.025278881656919314
0.46865866508568665       0.02704411266562279
0.4707833542676871        0.027173539782233615
0.4737613078017081        0.027355143886874787
0.49139276403936266       0.028435136315648774
0.5193807225717721        0.03016628434346351
0.523684605660596         0.03043432043428286
0.5312267134115028        0.030905200089520756
0.5478612926556478        0.03194803020050961
0.5874396072347432        0.034455063674680014
0.598923070678716         0.03518796562853422
0.6032953083487468        0.035469764918853494
0.6201572683418272        0.03656194052439573
0.643629163615212         0.03809340471327363
0.6470416051395922        0.03831752324261527
0.655259155002049         0.03885875549365092
0.672404700554776         0.03999133916362775
0.6940965356381544        0.04143961538604979
0.7094544828715835        0.04247539021476875
0.7177855155838156        0.04304085648072646
0.7199352209210047        0.04318717833800265
0.7538463186657145        0.0455176935213011
0.7743324892855862        0.046945932662893146
0.7808702657560145        0.047406206759173564
0.7874746227207485        0.04787304660131926
0.8143177735106724        0.04978992889365287
0.8196386768788066        0.05017321781853443
0.8405471076566288        0.051691565689864036
0.8783241984174301        0.054484290128234886
0.9024642531522178        0.05630217806015708
0.9057821658555718        0.05655406609302512
0.926612995000065         0.05815300478172715
0.9537282160947467        0.06026604085535914
0.9638764448182858        0.061064126891786134
0.9645187349049485        0.061114858810164076
0.9664194861682605        0.06126514522451031
1.0023168439426184        0.06414657926252373
1.036822016219454         0.0669935058950781
1.037151575864012         0.06702106197955711
1.0394397841315965        0.06721258066052968
1.0610529252396068        0.069037984973175
1.0631637435548655        0.06921805085650416
1.073541327403246         0.07010758459344262
1.1043263226071802        0.07278804530067577
1.1098157445667163        0.07327255896376364
1.119509746102914         0.07413302193580727
1.1198743310037684        0.07416550492419237
1.133511982092695         0.07538650343006753
1.1491599405158395        0.0768017445771024
1.1549023473851778        0.0773249238896349
1.15888515609509          0.07768899474418535
1.1645567377802282        0.0782128461692724
1.1987285727962558        0.0814265134279901
1.2009406539426304        0.08163794087718966
1.2012186082793792        0.0816645365265779
1.2128157321493718        0.08277468529912325
1.2250470908256441        0.08395883039303335
1.2286473954388903        0.08430998170093601
1.2698418442017605        0.08841193359063548
1.282464765518609         0.08969982692116489
1.2857872508773656        0.0900406467836135
1.2952393430637181        0.0910155722115033
1.3097576566537366        0.09252841430850928
1.3292417056566788        0.0945879515570047
1.3342638126366109        0.09512424162292309
1.3758175309938467        0.09970690644393855
1.379981913594699         0.10017148142301559
1.3841100016916745        0.10063414200258988
1.3998028803764335        0.1024123366007128
1.4282085927492016        0.10570916110010761
1.4283897990088292        0.10573051527927184
1.4290645850704962        0.10581007119045974
1.4305920143015791        0.1059903617556144
1.4666063435149463        0.11032563216265559
1.46824483783119          0.11052671499388152
1.4767976844229596        0.11158179115548934
1.4843977481212967        0.11253163793192726
1.501102195681841         0.11464544663217832
1.5388297250066167        0.11955160503430474
1.552723152055104         0.12140445061155865
1.5559130443460871        0.12183336299660263
1.559335740666409         0.1222980572808032
1.5763050328875008        0.12462567823422882
1.5869342114331282        0.1261019547331534
1.5922858401983162        0.12685241459762808
1.6040198141241304        0.12851469659434453
1.6076903393544408        0.12903942311071662
1.6131887509687708        0.1298296892634665
1.6242139958749031        0.13142959508110555
1.6270367136499941        0.1318424883783024
1.6352987204729237        0.1330609044456082
1.6583866660207274        0.13652556637704139
1.6590266104432576        0.13662285399851046
1.659038112988121         0.13662460329358714
1.6596851356769908        0.13672137670030882
1.7053361089831052        0.14379541438811938
1.7181048288696794        0.14586091865177492
1.7201320438561025        0.14619233989325342
1.7542963223863508        0.151921720180389
1.7739114370472486        0.15533180206013736
1.7754205961406726        0.1555975940232542
1.785020058877336         0.15729970098204063
1.792787406269594         0.1586870683072712
1.8244692304480221        0.16446391166502772
1.8401234279406795        0.16738823942745434
1.863443465665017         0.17181619719642274
1.8674807623487406        0.1726018058636673
1.8756709822432591        0.1742198821443393
1.8767448566480114        0.1744334102677027
1.8781449581063752        0.17471228252293533
1.8960827241497213        0.1783231393136416
1.9151524599843532        0.18226748881649357
1.9328207289840176        0.18601911416908745
1.9446420166001448        0.18858138656710227
1.949943738572533         0.189744126118224
1.9642003342700753        0.1929125252113633
2.005285234838098         0.202383584675608
2.0086414084194963        0.20317958766490596
2.012949815802265         0.20420637996451507
2.0135512176075743        0.20435082415700906
2.0140477010434585        0.20446946796696136
2.020090276277437         0.2059207972891348
2.0345263458010945        0.209443065794023
2.074199997438592         0.21952214345366738
2.0816709317834516        0.22148560731673744
2.0937309109955735        0.2246989216449286
2.1035459071468194        0.22733983150899076
2.1198893683950164        0.23180446558818021
2.1236541561683104        0.2328447984463646
2.1279397042537376        0.23403445052198302
2.1327274829324154        0.23538995770430818
2.156238876467554         0.2421870637714281
2.1596035282076262        0.24317888863840353
2.1662205629959246        0.24514340163077986
2.195466150172468         0.25407068968315083
2.199804620778192         0.25543102282199065
2.2457346251224437        0.27040296228301797
2.259422260245683         0.27506640590823944
2.260561323643499         0.2754586635933545
2.261436064054318         0.2757608250454081
2.2616873093616547        0.27584768206689275
2.2728542405065513        0.2797394334063144
2.2778454573394677        0.2814986885883308
2.282834226047977         0.28325373563511125
2.291018438915159         0.2861684958935832
2.2940704761173976        0.28726677172171583
2.298350019571154         0.28877712569373576
2.3178407036161803        0.29583253772281337
2.333272846165354         0.3016243267954609
2.3432831516052564        0.30547838872459926
2.343332145295571         0.3054974397039761
2.36713099002729          0.314967952360451
2.4036201649479705        0.3303273787063671
2.403669553176626         0.3303488559250713
2.4037164197855927        0.3303688635978905
2.4130592614680575        0.3343782982172389
2.4230723249659087        0.3387215560406357
2.4432772256291644        0.34763115929091193
2.4489793627538767        0.35018080260025314
2.4579387713971355        0.3542182096740748
2.4711582377198305        0.36051674288249447
2.4866560150357717        0.3680356469243481
2.5141187592961605        0.3817169543254823
2.53387393403582          0.39184116147047915
2.5417527905732773        0.3959449173979419
2.551788846067419         0.401226742121215
2.552172773436014         0.40143100941587895
2.5801988295390816        0.4164838744447779
2.60620925632699          0.43117029149035185
2.628178394066791         0.44411193313859404
2.6362216330655177        0.4489730661147326
2.653457333479843         0.4596118960874214
2.6679387080257544        0.46878463437427764
2.6894771040149683        0.4826021289680254
2.700785839275358         0.4899788534836081
2.7181502352350932        0.5014753396951004
2.719682700667309         0.5024998090984084
2.731362881539275         0.5103607137894315
2.7509717367622155        0.5237667508872316
2.7779247015402806        0.5426213334334248
2.784414634647075         0.5472352260772833
2.797527857527254         0.5566454007941625
2.800793732181229         0.559007248895198
2.817997891683677         0.5720082570659079
2.8595588848580373        0.6037614427146395
2.8720707581497313        0.61379953287734
2.879019338021975         0.6190778265001663
2.8830033131279853        0.6221170325161447
2.8917657416119806        0.6288345756228892
2.9226196643995492        0.6528499028786996
2.933963387407559         0.6618900882228657
2.938498957800962         0.6655222840366715
2.951763517714303         0.6762027336773233
2.9822313653497496        0.7010615932193232
2.991183324743098         0.7084520226219191
2.9946940582586037        0.7113610862097426
3.0109908302515427        0.7249440258891561
3.019031988237436         0.7315705411722397
3.0369672950925004        0.7464453360684508
3.0582222287496883        0.7630931717478194
3.070726695694724         0.7730240257216918
3.0864925811774375        0.7852582059473225
3.1142522515855866        0.8060218599581246
3.12327716041254          0.8126925145803474
3.1253008097062773        0.8141693904979546
3.1286276936017066        0.816582346065765
3.1292255374882783        0.8170139748562308
3.1455896690743796        0.82859408919397
3.162266670872105         0.8399302928512722
3.165325227301039         0.8419583758545712
3.177288951139468         0.8497395757896635
3.1793226091449465        0.8510382279505586
3.1974330076431836        0.8622950867255035
3.200113266333599         0.8639323845217624
3.2013226488490316        0.8647554068641182
3.2013460798506204        0.8647712852163235
3.2222358022395           0.8789866606879466
3.2225128074029126        0.8791717560573481
3.228542553412333         0.8831787557837317
3.2349204066338992        0.8873711229349579
3.2419380131128106        0.8903928455883743
3.256943886793151         0.8964296554453605
3.2700216777389017        0.9012189428589092
3.2809481837472276        0.9049676540461857
3.2836485228324817        0.9060017502660245
3.289594387030558         0.9081543798238176
3.2965225058283387        0.9104468951620808
3.332104981084825         0.9185625713558863
3.367815307968535         0.9205497233719109
3.403339666254695         0.916405903118855
3.4266287772426924        0.9103763965640679
3.445066068824949         0.9037422755059147
3.45198209310459          0.9008296451811372
3.4726832793197024        0.8933454673935202
3.4876777486984856        0.8870819173521248
3.492254831724774         0.8850289466432377
3.510162169696471         0.873195055554544
3.516543882275467         0.8686560100438199
3.575285944609961         0.8105693514466619
3.5808697611724547        0.8044968389288246
3.5903721990489945        0.7939383795612373
3.594887866687495         0.7888218054723203
3.596318784780305         0.7872389714693975
3.5983682298156334        0.7849539576190894
3.6063223364554244        0.7758849443005932
3.6206391183093567        0.7580739063791624
3.6248377105581895        0.752490170960469
3.6458031465762177        0.7229684427539851
3.664709436795139         0.6940033994130377
3.668977681493717         0.6871568935528057
3.6799774483071577        0.6689906883215816
3.694408402177253         0.6440172775678795
3.711688015977505         0.6143011098594343
3.7232434648035895        0.5936819906288382
3.7407374880499553        0.561327087699885
3.7435455534844206        0.5561821293497955
3.7458655357303288        0.5519195615404675
3.748119990409271         0.5477670919849975
3.749442970685333         0.5453255750222932
3.774444347312137         0.4985291934081272
3.775924871974631         0.49548625268272295
3.788846771561423         0.4686606091809528
3.8111078848769955        0.4213228391502472
3.8288759938692847        0.38510923616122134
3.8435411268074793        0.3547515647382124
3.84723144405175          0.34704570020463926
3.8545201257861788        0.33094768173248384
3.8692673975141956        0.29824653944646995
3.8811558846440533        0.27175805147979865
3.897729691643803         0.234641823774665
3.9320352325818684        0.15711886323938248
3.934808405489463         0.1508110201947235
3.938372520939748         0.14269507934954748
3.946676255977321         0.12358231483212355
3.9493917658618134        0.11731977851323919
3.957603731928286         0.09834458757765269
3.9605483355525335        0.09152713807476537
3.993625243228375         0.014459407666385126
3.9965660633865703        0.007623190331744675
4.014923017609289         -0.03489357866522362
4.037868527874791         -0.08615478566871526
4.073042829989274         -0.1692720156408392
4.074032848903627         -0.17156712856800188
4.082020090738091         -0.1899948213833432
4.102860594355996         -0.23626927678142187
4.11707011455754          -0.2674247651634138
4.146704172621998         -0.33136809515871607
4.1536612334260035        -0.3461776603099645
4.179680023179024         -0.4008828384618749
4.196088589172329         -0.4348294834469715
4.202880738920328         -0.44875620555173223
4.230828355624735         -0.5052894736562966
4.2401111295282785        -0.5242311471656051
4.2534902767477165        -0.5515135467137127
4.280320951864472         -0.5991965654372005
4.287521610776283         -0.6115231833982118
4.289825236755879         -0.6154246826485712
4.293986126601251         -0.6224200870273487
4.324256521397296         -0.674026870249151
4.344314688561707         -0.7059397636776608
4.376519580453824         -0.75337109972205
4.396132590734078         -0.7786107473527254
4.425299521644925         -0.8122332885136191
4.4277535603091405        -0.8148488532329181
4.452706273144884         -0.8395636570323923
4.467175307362801         -0.8523264370806034
4.486859363287992         -0.8678820724619631
4.488810440546308         -0.869315635864655
4.51638544717578          -0.8874874945638683
4.545911531063566         -0.9026192795016086
4.548634553781776         -0.903789484012874
4.573017169216831         -0.910998441285917
4.583665342169186         -0.9130695872841724
4.593272932727901         -0.9143763924405426
4.626098756440187         -0.9185563644632246
4.648719887756416         -0.9195044771824044
4.674423273891514         -0.9181698412516833
4.675993028751293         -0.9179532026653959
4.678110617417045         -0.917641685760017
4.712323316480805         -0.90954072921432
4.719568750502552         -0.9070837160157967
4.724542479279064         -0.9052470566878072
4.7589621198756085        -0.8891901047081943
4.7676617422857746        -0.884205782956326
4.769344481587072         -0.8831985593822786
4.773739234013223         -0.8802984196167973
4.7929434868153304        -0.86820116702803
4.816453395300543         -0.852734579757463
4.828201135038887         -0.8448080546604197
4.8317778533945015        -0.8423685451821892
4.835664619744689         -0.8397037011116313
4.837533925513375         -0.8384169250305269
4.890829725445201         -0.8003243458702428
4.898947258793502         -0.7942841450839347
4.900626742159185         -0.7930265884237842
4.9187664731999945        -0.7792721544289383
4.932865234591416         -0.7692974047590568
4.942269278370832         -0.7625158082497241
4.976596928035865         -0.7358797779333134
4.990290014109956         -0.7246517525743088
4.995385249024876         -0.7204916460306362
4.999179049977992         -0.7174004172671629
5.008019253604561         -0.7102181782077612
5.047634146960692         -0.679925192334017
5.063981250583037         -0.6670523558886352
5.070774502176426         -0.661638885756146
5.078068211483611         -0.6557010856398611
5.079423609190304         -0.6545935479154599
5.085393602306554         -0.6496999478633441
5.10631178614312          -0.6323561295737644
5.112258230102598         -0.6274316925777693
5.116446455768125         -0.6239799888277366
5.12792080992684          -0.6143450983532319
5.152208229019738         -0.594563738204414
5.1619874398093915        -0.5868338084787635
5.173826492493577         -0.5776561790782059
5.1868814645569365        -0.5677651575411258
5.195104185026517         -0.5616586471799352
5.2170604920690336        -0.5458203331116339
5.229758727198336         -0.5369519399774383
5.230811051168773         -0.5362264175198647
5.243196034899791         -0.5277959127938834
5.245282890550442         -0.5263950348425936
5.2532164694669765        -0.5208007822430856
5.266117661437535         -0.511854814896871
5.272851381763908         -0.5072878941678718
5.273452445593584         -0.5068814126698743
5.307520332077362         -0.4841557538193342
5.317817556080717         -0.4774080198762328
5.326051515539502         -0.4720317105791599
5.333797856315952         -0.46705795334287864
5.3347487037817505        -0.4664530574391935
5.339576486565167         -0.4634935249939055
5.358396535943639         -0.4520946455934884
5.366750265079664         -0.44710547363366554
5.377733198229006         -0.44061198919592504
5.393378214130622         -0.43149149189235897
5.406906679351895         -0.42372743126376256
5.425186309588965         -0.4134172114115259
5.436792796115227         -0.40697854813492823
5.447837822491398         -0.40095906899735617
5.455972903567499         -0.3965897006561287
5.469172889321355         -0.3896158485139033
5.492033430642357         -0.3778773279377974
5.494167330538149         -0.37680355205153315
5.499538708559207         -0.3741439804597563
5.522265582523944         -0.3632061239875881
5.525033568706657         -0.361908782454751
5.528367241396741         -0.36035634255040455
5.539847625343036         -0.3548960682036634
5.543451119230849         -0.35320095753268405
5.564827754256568         -0.3433296764823513
5.573821828456479         -0.3392660498047704
5.634443286794268         -0.31386401937311553
5.63594578402256          -0.31325782636835897
5.636855901131136         -0.3128911835831
5.641179167508722         -0.3111552162648828
5.641870173420101         -0.31087861768367137
5.641948433698224         -0.31084730643839575
5.64635155066593          -0.30909060368898417
5.681463424246022         -0.29548302257053705
5.682617218382635         -0.29505050993472903
5.68403597643461          -0.2945199495596942
5.700306124128575         -0.28853623817516316
5.703097426682468         -0.28752828913248996
5.704306370602309         -0.28709342725923875
5.719257118706228         -0.28180011170318486
5.736532926363376         -0.2757786545925448
5.766842210472695         -0.2655930936926099
5.780103003176641         -0.26128845453342675
5.786335243987344         -0.25929728006296787
5.803500566715965         -0.2539184869895113
5.821779548120455         -0.24824124071011192
5.833492105528009         -0.24473579879266483
5.8466440797811945        -0.24086423296619058
5.858503423867328         -0.23743184604651374
5.866099094081955         -0.23526269851060383
5.879209708397691         -0.23157230276361865
5.881423959867538         -0.23095574321343487
5.906809929552356         -0.22402558304512954
5.908757974064972         -0.22350431441180946
5.913794136070568         -0.2221636667300433
5.941068371614623         -0.21507744270178047
5.9453449404033245        -0.213993017396997
5.947375333319373         -0.2134797004905563
5.956781492600923         -0.2111230835834645
5.965259261910255         -0.20902577088770008
5.977592864453893         -0.20600933186632586
5.998292364514494         -0.20103945469566373
6.011339892476696         -0.19796642957396854
6.024757577081659         -0.19488540653753847
6.058190686219204         -0.1874520598137037
6.058812170214291         -0.18731717504015075
6.089432956073434         -0.18082018358076002
6.091055507428095         -0.18048405687457222
6.094020737615679         -0.17987189819062116
6.122235102712715         -0.17418963217072703
6.122827190583594         -0.1740720878472224
6.140467089346682         -0.1706097199467108
6.140714725701665         -0.17056165911730384
6.1457702512031025        -0.16958379236614593
6.1641447094447575        -0.1660827095158428
6.1649769427982894        -0.16592610309756786
6.1663842638394275        -0.16566166696018747
6.174351172483097         -0.1641738766600821
6.176400739773953         -0.16379365515841762
6.183845042593012         -0.16243059091015985
6.185659739628245         -0.1620999702171489
6.20237300462238          -0.15908544194272436
6.228975253728453         -0.15440064948608775
6.250349600717361         -0.1507374242859764
6.25329582856791          -0.15023953820969052
6.275285174282099         -0.14657749086393532
6.2768461472992625        -0.14632090515052967
6.2823547887502285        -0.14541898069099102
6.287766248490748         -0.1445383714863271
6.307467806302424         -0.1413775719442727
6.3234460326170865        -0.13886811353916503
6.343925450563984         -0.1357219809676787
6.37874917990416          -0.13062208785081775
6.38039016545385          -0.1303848188549932
6.382366025194594         -0.13009964399741195
6.423237549485734         -0.12432648024274376
6.451366175510728         -0.1204926961858369
6.473781439040511         -0.11751900112919561
6.497974868494064         -0.11439041250573567
6.499105884381387         -0.1142462120423578
6.542538294995092         -0.10884777534725788
6.567172712627173         -0.10590629221952769
6.570702653799878         -0.10548933324721352
6.572927914296848         -0.10522736703703044
6.575470497229995         -0.10492888025988897
6.585106349490193         -0.10380306263956877
6.614947879520543         -0.10038981407037888
6.617176628517742         -0.10013934059097576
6.61920047705732          -0.09991243013914623
6.6264867622379455        -0.0990955788633482
6.64134870389274          -0.09744621759717834
6.653635187220665         -0.09609968385882914
6.678003741827822         -0.09348518752537083
6.679876683222783         -0.09328657752941688
6.707638229110605         -0.09038182062177127
6.736637082820492         -0.08742588159229732
6.748926527622358         -0.08619731367198478
6.749351640145688         -0.08615507250379784
6.767846836332593         -0.08433394563737226
6.781019535786881         -0.08305272208123066
6.813986338272246         -0.07991555084450144
6.814021004592888         -0.07991230406476822
6.815447667677664         -0.07977878057350815
6.816036407596501         -0.07972368984004369
6.835713149464553         -0.07789682098211782
6.843667845128053         -0.07716619114608803
6.861160363920553         -0.07557555542555365
6.8755440319527015        -0.07428412842309118
6.881960812388746         -0.07371280978257586
6.8863887557614625        -0.07332043807133605
6.920241595685506         -0.07036879973750701
6.924721586109601         -0.06998366397027911
6.92737442450918          -0.06975620814408874
6.975310133800247         -0.0657236373157777
6.979064026696975         -0.06541404222132084
6.98445986030365          -0.06497060861868695
6.992653647479287         -0.06430079478578397
7.005200197529703         -0.06328762427772348
7.011748347610391         -0.06276199157413172
7.014255431675083         -0.06256131492297187
7.025837761294903         -0.06163833127058838
7.03331224181284          -0.06104629322047438
7.04392570695296          -0.06021050034464717
7.045445163839219         -0.06009131401860443
7.058149887197849         -0.059099345938026925
7.066240999788714         -0.058471877609172385
7.093785442009534         -0.05636073641730869
7.099493308083377         -0.05592807988417845
7.113748287741088         -0.05485478191213843
7.1312030332333185        -0.05355462711475258
7.137780829349608         -0.053069100403360145
7.148101560018829         -0.052312144697595785
7.151092660032228         -0.052094295796743156
7.154056522750407         -0.05187725781696885
7.15727965410832          -0.05164146282948165
7.173317227366256         -0.050474716919730156
7.203771608498595         -0.04829557234451968
7.211091277264972         -0.047777458405392215
7.225902377658734         -0.046735759238909144
7.2342906124717645        -0.04614976503264847
7.253511833551669         -0.044817814612950715
7.259280191477433         -0.04442103211613442
7.28938077709679          -0.04237255745473702
7.295263997577276         -0.041976497626694795
7.303252058604743         -0.04144099983976822
7.340229358535987         -0.03898920957510545
7.364145826145663         -0.037423979358437165
7.375452809698129         -0.036689501587290965
7.375716861672579         -0.03667239301116544
7.380210977270162         -0.036381621523485064
7.3825623878767255        -0.0362297086438522
7.387208815517383         -0.03592987501883013
7.388690747239267         -0.03583437453579804
7.415347526713349         -0.03412713500744604
7.446660203659555         -0.0321473825571118
7.455018838986615         -0.03162359592548704
7.483456033175118         -0.029856404375021975
7.500895961522978         -0.02878394031713685
7.513188669048206         -0.028033173122250427
7.521306188146102         -0.027538936104217662
7.558421687610621         -0.0252943218508487
7.569937248439983         -0.024602962183173677
7.574719344377995         -0.024316563817556543
7.585321166478714         -0.02368309759464146
7.587501697111352         -0.023553061254891206
7.60531650846181          -0.02249389079282666
7.620969596299181         -0.02156739318174095
7.6495818559072           -0.019885944068955292
7.655449040237535         -0.01954308062695268
7.656885273535978         -0.019459365964234608
7.6691590321606835        -0.018744892059162094
7.68381438844812          -0.017893973800882357
7.693076572630869         -0.0173574239465989
7.695075038620715         -0.017241729546845618
7.715888993642601         -0.016039439558144568
7.727389885421556         -0.015377190655576098
7.729060379549076         -0.015281123014153334
7.743976235246809         -0.01442472191694231
7.7584116834660835        -0.013600004374094945
7.761788152550059         -0.013407429977273622
7.767391181062311         -0.013088139859982842
7.7986302397542575        -0.01131171550963746
7.81039370356629          -0.010645762236558018
7.814716579665129         -0.01040144546110429
7.817379327629962         -0.010250686541874145
7.819233906038167         -0.010145721581616484
7.828273494365252         -0.009634538294404926
7.838011108009711         -0.009084912679112503
7.84042392541774          -0.008948785125893111
7.841985012572735         -0.008860723714638514
7.8440698786988765        -0.008743131445076975
7.862167906644238         -0.007723105440690632
7.89045688646711          -0.00613211047971389
7.903976654955423         -0.005372635877328683
7.911092827912076         -0.004973114726423632
7.937426104881585         -0.0034960773620116596
7.94664993276375          -0.0029792267747917943
7.947587613721376         -0.0029267530293290715
7.9549467127076925        -0.0025150667770745877
7.965479709353104         -0.001926249870067561
7.969261612319993         -0.0017149555571715782
8                         3.425080904435347E-17
