0                         0
0.006490092045069859      3.6512489200560093E-4
0.00991144985429853       5.576994266050505E-4
0.036798803360574686      0.00207331575422514
0.12421248460370808       0.0070261074508149585
0.13441012194789742       0.007606447160029786
0.13882351131644738       0.00785777491743139
0.1971875767467212        0.011190797330366023
0.19810088343468227       0.01124305447468603
0.20019408028932603       0.011362836018818488
0.20146317761745108       0.011435468614802432
0.2040069311578408        0.011581073542732663
0.241640155077933         0.013738572265973258
0.24494066058871197       0.013929561633360388
0.2501810487948397        0.01423307080015135
0.2529291324963525        0.01439125884620201
0.27723620823647044       0.015796150214427148
0.2872656933654281        0.016378816745607823
0.28928435520485873       0.016496302513960098
0.3109708591420089        0.017762910821508673
0.3271858214139592        0.018715280579781036
0.37445040347304037       0.021517334565221424
0.3897840026568612        0.02243470110411432
0.39484097036804783       0.022738139493033313
0.3985651605786983        0.022961889436166484
0.40306664189811725       0.023232329544891746
0.4074061764925644        0.023493338719756684
0.4095435565125565        0.023622003025942646
0.44382573936719194       0.025695408936114873
0.46374070613396884       0.026906277526315064
0.4677683967284002        0.027154305434699967
0.47185418463001294       0.02740509067700176
0.5079851292377299        0.029639686906590246
0.5182052368610872        0.030277809245250333
0.5299187801317042        0.031012485316832865
0.5353915294283008        0.03135694793905029
0.5427525177084112        0.031821474873629886
0.5927346929998989        0.035006446701419086
0.5949277416321862        0.03514797698392032
0.6136621765887276        0.03636313439580123
0.6143369464948996        0.03640710573595192
0.6321656505071254        0.037574057061193794
0.6957413663873596        0.04181602408874066
0.6965949542173124        0.041873995621473974
0.6968276615744897        0.04188980431833754
0.716602329913348         0.043237085660688124
0.736529618877692         0.04460999893741695
0.7571717948927573        0.046048290114201224
0.7721833001315982        0.04710455690094797
0.7913041999083971        0.048462542991375916
0.7970906688813331        0.04887673494164522
0.8391043152585799        0.05192985742483551
0.8607148956065167        0.05353165819564478
0.8735462988434302        0.05449405239556757
0.8845376808513237        0.0553248944450913
0.8862111134973929        0.055451912218003
0.8943410568823832        0.05607096028753961
0.9368829170961236        0.059363418166330464
0.9534355872247262        0.060668599037448416
0.983729187141209         0.0630922393579756
0.9927391744123989        0.06382335929293195
1.0155851356339811        0.06570110570338313
1.0307167798564854        0.06696387320231453
1.0468185483891526        0.06832453942211748
1.0692342323412058        0.07024783973232422
1.0755533253495067        0.07079646164836256
1.0951203898508732        0.07251197973421088
1.1229079370062507        0.07499163143627713
1.1264247167637422        0.07530908715863394
1.1298850860841185        0.07562224731520026
1.1337675350955003        0.07597454582237322
1.1359470904119011        0.07617246574271225
1.139353591799441         0.07648239354957669
1.143074661330789         0.07682284489052149
1.1500295171907444        0.07746229550111451
1.1513349730548958        0.0775827777907191
1.1595043191966448        0.07834000164773357
1.2070724591132431        0.08286131837716522
1.2135082919312856        0.08348777947317614
1.218822683399755         0.08400772825084528
1.2356850580828609        0.08567336639753827
1.2511525511817105        0.08722522960380014
1.2706947136730022        0.08921618438526721
1.3056324666416237        0.09285987591894318
1.3250416931784235        0.09493076390618199
1.331201445949513         0.0955949552997809
1.3316731917520068        0.09564596096566312
1.3665093762981315        0.0994921262836745
1.3666684246253258        0.0995100297290809
1.3684107142491242        0.09970635080304896
1.383740102511238         0.1014493366443868
1.4173336893056667        0.10536742139249711
1.422473928417549         0.1059788602709206
1.4282412162113967        0.10666622243852233
1.4512628175070041        0.1094533295264983
1.4567935810700328        0.11013323379569225
1.495122488243983         0.11495495273562704
1.5088702481672303        0.11673120167328917
1.5346836833688866        0.12013312683511376
1.5590910302758316        0.1234298737440316
1.5663520757700053        0.12443344920892593
1.5936602790404568        0.12828974785629074
1.6174455476309761        0.1317540336188605
1.6266337607866956        0.1331185767655436
1.6269574973048981        0.1331670301396667
1.6275116231025764        0.1332497236371422
1.6308856527704372        0.13375433363031533
1.6313512077965904        0.13382410844081996
1.6361433880395235        0.1345444166884625
1.6436293081127835        0.13567721638018002
1.6659906274282426        0.1391161933730169
1.6688849573231508        0.13956735878125517
1.6733054280676212        0.14025909050371785
1.6779226755411503        0.14098506408885914
1.6932975439954414        0.14342787605952417
1.7010956020860477        0.14468179600163192
1.753483574596922         0.15344478739222936
1.75718680795517          0.15408836729907174
1.7607464983483592        0.1547100185781052
1.7611809463414976        0.1547860915111294
1.76299854692499          0.15510483568163153
1.763731932451889         0.15523366445059836
1.763785323208428         0.15524304813873174
1.8117139557343078        0.1639351510098493
1.8297697210769048        0.16734871004557228
1.8574446762653904        0.17272855244571847
1.8633839838952038        0.17391146110025063
1.8671524631744236        0.17466734701180142
1.8720019193756783        0.1756465346332586
1.9019678791878523        0.18184845960072757
1.9077581164221398        0.18307356441319061
1.908385803366185         0.18320696998955183
1.9122998586039341        0.1840431160246924
1.9159315962326702        0.18482277162029184
1.920901164236989         0.18589558899675301
1.9499113187933492        0.19229563736103972
1.9653503903488028        0.1957973758986216
1.9755367487569262        0.19814413249747123
1.9919742162088534        0.2019920381319434
2.007319223645744         0.20565714919787395
2.016160798688813         0.2078111983173413
2.028117687049006         0.2107733722567375
2.036480702072189         0.21287879333782586
2.047567924458667         0.2157126643802966
2.0546430670595464        0.21754645281292656
2.0708184569736874        0.22181324020473744
2.0809871879355253        0.22454851944896292
2.104815993201561         0.2311183218417166
2.1092179735109915        0.23234880442815253
2.11591484914718          0.23425445832173192
2.1253809796525953        0.2369609628910106
2.13068326019995          0.23854279892371957
2.1360512715882116        0.24011278959384158
2.1423096338581273        0.24195122568585725
2.209657741136285         0.2629874558992011
2.2107807174657856        0.2633583347893869
2.2134856700574734        0.26425439274108886
2.214113002644306         0.264462753401427
2.2174116953382508        0.26556176104850365
2.2243216881155923        0.2678823813242804
2.2461268493670445        0.27536913774310995
2.289506009930095         0.2909866124882944
2.296963836704815         0.29376704065645
2.2987041411702194        0.29441989096493243
2.3090928381884823        0.29834878215962435
2.3554985165978395        0.316562378365472
2.364257286292201         0.3201217093572914
2.374360357514249         0.32436776538482565
2.388526807477389         0.3304829523862704
2.3908849989558703        0.33149822426607994
2.394963120100771         0.3333398929563277
2.447343281256651         0.3572552147678736
2.460618935700838         0.3636692068747285
2.469778173374571         0.3681775448230472
2.517421236951865         0.3927233637737331
2.5257091021294915        0.3971808638808649
2.542174308904075         0.40620133961407695
2.5486979736240034        0.40983057355991603
2.5492004014279104        0.410111482024937
2.6076876132672155        0.44417881697327244
2.622215164975406         0.4530610308811767
2.6243285113450585        0.45436707506384144
2.6308438724743084        0.4584158313642636
2.6365659909709205        0.4621129536356601
2.6369670000100327        0.46237254065740024
2.6383791482961394        0.4632738681838007
2.6508090401280144        0.4712793825477287
2.6627855732185433        0.4791151042111607
2.7144993013391763        0.5143260120708599
2.7448190792692917        0.5360099421145926
2.758464840172431         0.5460198409751105
2.7814615047100553        0.5636727631110765
2.8025365413176413        0.5803973087864673
2.808702803539564         0.5853895533631831
2.814207275843466         0.5898838226524366
2.8270649655800177        0.6003714098075019
2.833015142738061         0.6052377253079047
2.8429600672757807        0.6133894196311689
2.8483581267133413        0.6178237097667318
2.8715111189700355        0.6371436404816835
2.8718707525922893        0.6374485379769862
2.871943870171214         0.6375105450536493
2.882997215124105         0.6469541397110217
2.9084617068186303        0.6690138409457127
2.9086448586414466        0.6691736215515472
2.932061816465912         0.689733917961226
2.9636553103388232        0.717886756058689
2.969394169357398         0.7230516005247327
2.9840271405294225        0.7352972384148672
2.9926455742678515        0.742645618378481
3.0183576933288           0.7656090380814167
3.034985926264036         0.7803992136120257
3.0482286893041906        0.7921441782149738
3.0654233868435723        0.8073491634091041
3.0706885855929973        0.8119949373163721
3.082154554648694         0.8215833079826906
3.102536807833001         0.8385559982390551
3.127828618110672         0.8594890425680619
3.132390312717979         0.8632494979605354
3.1418100791301535        0.8710001437164588
3.1594192447010285        0.8859784826131679
3.1780670367484607        0.9012870389289029
3.178196823918556         0.9013879180680785
3.1949094198786767        0.9137234945822934
3.208732453742588         0.9229447428816571
3.2088518946923026        0.9230205485977998
3.214902011692852         0.9267735836276724
3.214984906060485         0.9268238228080602
3.2203275506495332        0.9299943943621843
3.236466709503296         0.9387659022275961
3.247160725489956         0.9439107326773333
3.258803359414045         0.9506699029468741
3.265184746298962         0.9543078325287
3.270899859186438         0.9575257752217406
3.281299837210618         0.9632842257917011
3.2837349855086413        0.9646144092730691
3.2898740999964273        0.9673007760303758
3.300196812341546         0.9704442924055435
3.3085782286161316        0.9723247727081435
3.3236268992296267        0.9752481383761117
3.3236590408810396        0.9752537594785432
3.3345841505733236        0.9770106014605388
3.3409781978899997        0.9778965384831656
3.41114001874451          0.9809693825866559
3.413273694815394         0.9806364183775068
3.4149846280356093        0.9803512406080994
3.4155877794485345        0.9802468492430771
3.4273772114517222        0.9777096144745294
3.43299156800439          0.9761876440584554
3.4620473220682606        0.9650770207675207
3.4718317115282655        0.960115537929025
3.50043323637332          0.9391208398573843
3.524976059360533         0.9174937132353154
3.543873793189798         0.901207625217612
3.5556699924241006        0.8901562363869222
3.557213093826119         0.8886602302880754
3.5595410541410004        0.8864002422382155
3.5657862478414213        0.8802672155870616
3.5680067160857405        0.8780619881340277
3.5702073913715155        0.8751743261474387
3.5739735544009505        0.8701945908738732
3.5778172916363973        0.8650629710264731
3.5855138117203254        0.85463791278466
3.6135002797476403        0.8193171167922785
3.6403891643371944        0.7807957026506956
3.6427738859723275        0.7771623535253578
3.6521858421834406        0.7624772762965875
3.6621055353486756        0.7464040124903943
3.67235979207021          0.729511308995324
3.683190206483715         0.7111575495107062
3.716678413833419         0.6510797591788655
3.7229234708859584        0.6393198917196833
3.728119569959006         0.6294020164452996
3.743594588564832         0.5991475221912447
3.753816410215803         0.578574489330819
3.7712087764787734        0.5421004741706309
3.8079054371938597        0.46114837738599324
3.8123843622558606        0.4508968156551725
3.824387664276629         0.42613684403010915
3.8366486541032425        0.39826101719145723
3.837467011564158         0.39638602510067894
3.884680144881913         0.2851567261092402
3.8870463262197132        0.27929610076215766
3.8880649561230545        0.2767717201790775
3.8905627458781327        0.2705780788834877
3.891408104161839         0.268480732306645
3.9066860046006844        0.23047536632865104
3.909136895121139         0.22436076433356772
3.9306085219569216        0.17058238331670764
3.9445265432047107        0.1355216655463625
3.965870317037286         0.08144725659121996
3.9802114621635383        0.046403389040695804
4.021029537350117         -0.052442425938866055
4.021533187885352         -0.05365378598175438
4.027035229747114         -0.06687391452914294
4.032507016555332         -0.07995335512429975
4.032636420123198         -0.08026272817064133
4.032941817728366         -0.0809928709025387
4.03706373328743          -0.09084888842382896
4.0396277143454284        -0.09698097304617904
4.089194180544794         -0.21571898750960772
4.11302952282034          -0.27294834321881367
4.12669618421455          -0.30646842576434147
4.162448264124117         -0.3919704979829023
4.173618357428623         -0.41803540113610144
4.185559920689878         -0.44555891836434297
4.190630766533803         -0.45728244177484617
4.203197092992921         -0.4859565698228433
4.2039236866662515        -0.4875980312252376
4.204562959743278         -0.4890407336988073
4.20564131658558          -0.49147119070155965
4.221460162159811         -0.5249721081520828
4.287371238379791         -0.6564591982855116
4.290483444268405         -0.662344847119095
4.293700974012929         -0.6683990617652137
4.295156025151939         -0.671061889436175
4.295697972901181         -0.6720514665814983
4.296331493995818         -0.6732455460946211
4.29973167695004          -0.6796055221611557
4.300546509586838         -0.6811174328579661
4.300628348717755         -0.6812663981452154
4.302335382643146         -0.684365132966044
4.338594817675465         -0.7463793452647494
4.355124661631335         -0.772237344651812
4.366943841730722         -0.7897998550984131
4.367107488997769         -0.7900376016641806
4.381720542060537         -0.8106703448047626
4.413092741078991         -0.8509768327113328
4.437170427695481         -0.8782196996997661
4.438458227488502         -0.8795012191242845
4.475989218936118         -0.9133333901807809
4.481777122422072         -0.917945826682704
4.509140083366082         -0.9375626215003466
4.5145909484942806        -0.9410387727342849
4.519171374009673         -0.9438489431129509
4.548940458924184         -0.9601246437279963
4.564032536235117         -0.967616439457851
4.565811580531702         -0.9683863222516176
4.5693432876911215        -0.9698439044012959
4.573865283789088         -0.9715727829138074
4.5782959927116424        -0.9731170961488319
4.60753740058344          -0.9795941282405753
4.626777109777034         -0.9803364306791813
4.678074687476763         -0.9749881276762993
4.678547102791623         -0.9748910066657777
4.681612051566998         -0.974239682843534
4.685075437298886         -0.9734594359820713
4.689521683318951         -0.9723889352834777
4.692555603812329         -0.9716140563490747
4.693901995992087         -0.9712586380960375
4.732640587931617         -0.9560017904621484
4.740535041772594         -0.9517537547383638
4.746200901572629         -0.9485870439251097
4.767390309838501         -0.9358709005574477
4.8099018478871285        -0.9062037428838425
4.8171979310686845        -0.9005544830841214
4.817401567825015         -0.9003944664820257
4.823305462098649         -0.8960684277894726
4.870721298017775         -0.860116368169533
4.879583392408146         -0.8531584843171918
4.88236369023951          -0.8509601210973179
4.904538009785269         -0.8331625420285637
4.928313686070052         -0.8140734588365746
4.932583221100186         -0.8105760049210987
4.936105021572299         -0.8076751384796517
4.938407259572886         -0.8057710271229482
4.959154584921081         -0.7878219805017918
4.984493968641921         -0.7650214696859388
4.9864175580109755        -0.7632511515729583
4.987303781768408         -0.7624256492460141
4.994665065964977         -0.7555800731615105
5.014448000373806         -0.7372833220422386
5.029881529978954         -0.7231107003977645
5.0326640684296375        -0.7205649562905652
5.042834450379367         -0.7112846695415286
5.051529772080891         -0.703541652289907
5.075284217950719         -0.6826543615835536
5.075388183965744         -0.6825637988811775
5.084876382226356         -0.6743301786882627
5.085243864376661         -0.6740125347911837
5.105938607045009         -0.6562746127263884
5.122527886974735         -0.6425301301611499
5.128225553024171         -0.6375592418751077
5.135600381532889         -0.631202473864573
5.140481358758684         -0.6270432871713225
5.1455765052756846        -0.6227423835081031
5.15668755014819          -0.6133681975776527
5.18301676195219          -0.5917961943980468
5.193427348075549         -0.5835155048388602
5.222801576485371         -0.5603683088983156
5.227502149689337         -0.5567542643486421
5.233005172517439         -0.5525548254339284
5.254169445241508         -0.5367213817818925
5.260396000414757         -0.5321590546710736
5.2755853606737535        -0.5212123886682974
5.285399535484718         -0.5142774799027685
5.307351129978073         -0.49909916236291957
5.312746542467115         -0.49540768774436283
5.316017369764183         -0.4931773503555193
5.318523905914382         -0.49147201675808366
5.33538862015351          -0.4800847251489687
5.34388001719353          -0.4744081474165993
5.3518685499849985        -0.46915724892090216
5.356319430778942         -0.4662693088393697
5.359240458231824         -0.4643886500810898
5.359893622566395         -0.46396970749656563
5.361225923135954         -0.4631169623415509
5.366271684204624         -0.4599092804065122
5.376410300808158         -0.4535410192388046
5.377771997831216         -0.45269239816033724
5.402909018690589         -0.43731123414385037
5.426893813714816         -0.42313821752096603
5.43026819891366          -0.42118365980176375
5.431941973915536         -0.4202177609918669
5.459107870630968         -0.40487547194169893
5.483632707518673         -0.3914979009415338
5.484271331387394         -0.3911558240929446
5.493774108997717         -0.3861033136773352
5.505746856358476         -0.37983792753323914
5.517221293990755         -0.3739898743934377
5.54411233135913          -0.3607693072062826
5.561753333973325         -0.3524654571084304
5.598452920314028         -0.3356056329243201
5.606606260158248         -0.33200577146103266
5.609230462645431         -0.33085605113785604
5.623610034232165         -0.32463313806290106
5.625970992262792         -0.323630023925152
5.6273430636149335        -0.32304885626708224
5.653141178998682         -0.3123668451032184
5.681172420110514         -0.30128820442803667
5.681599169990686         -0.3011237921060193
5.6850516374158655        -0.2997983596309972
5.690829260793627         -0.2975989409003392
5.69539961103783          -0.2958775553560865
5.695436439983682         -0.2958637280179959
5.69685842740854          -0.2953303840723265
5.697571554980383         -0.295063306475472
5.704622542373878         -0.2924367917713653
5.743115433805174         -0.27855254790839734
5.757079487835246         -0.2737056615019089
5.763543841620771         -0.2714961356349959
5.786841378006097         -0.2637127541108993
5.806164393345994         -0.2574020903622405
5.816451918384903         -0.2541027633547843
5.847403203751441         -0.2444296445752252
5.852232044643611         -0.24298430276403704
5.8572161520818415        -0.24150407809832355
5.866422175000774         -0.2388113495045326
5.872468560255757         -0.2370597200070258
5.87983440320567          -0.23494085045394225
5.885957350051645         -0.23319595642675775
5.92053489871987          -0.22362234683815846
5.936372310980509         -0.2193963388528924
5.988331225955756         -0.2062330562861263
5.9894930836614835        -0.20595099791005037
5.9903331183199           -0.20574740168601915
5.992910218755347         -0.205124552131736
5.993419136986997         -0.20500035542656997
5.9955916311072865        -0.204470967721885
5.996387595090246         -0.20427732933117068
5.997079599685448         -0.20410990324738632
6.010459115889595         -0.20090210641673145
6.056297975612452         -0.19033437029635283
6.071007217292246         -0.18710824072149795
6.0930488898966875        -0.18238559232010515
6.109113728694439         -0.1790279387534176
6.114376218165262         -0.17794351840030612
6.117903536240677         -0.17722093242106707
6.130211578147743         -0.17472644867220508
6.168231516778199         -0.16728471116240304
6.179509096868901         -0.16515397015660704
6.180750600047832         -0.16492154828746444
6.182415257156679         -0.1646064909670552
6.1860099636548025        -0.16392847510814865
6.197967247631874         -0.16171542811050044
6.205754231561594         -0.16028456673311733
6.210302229054253         -0.15945511257503475
6.236069134688384         -0.1548427141156198
6.250299564592558         -0.15235873209698816
6.282320972009657         -0.14696741507134886
6.286138487718463         -0.14633789877664793
6.294413100082245         -0.14498306883127005
6.31731071890728          -0.14130295315395738
6.344506892386573         -0.13706364796009365
6.346290359913097         -0.1367906387311598
6.3564173699882724        -0.135252076674909
6.373834177377487         -0.13263877407273414
6.400933400428868         -0.12867395996373884
6.402155185246537         -0.12849810913147292
6.40221819349625          -0.12848903801956174
6.42311042981792          -0.12551676522957453
6.428924462270683         -0.1247022189612961
6.461009338509784         -0.12032141861040051
6.48525019308755          -0.11710576660226227
6.490156537821293         -0.11646477939074157
6.502623423231295         -0.11485098248403398
6.511905728308509         -0.11366333861090662
6.515440758956071         -0.11321416582078868
6.517669227837203         -0.11293189469956498
6.531619718449604         -0.11118040478121725
6.542005212253418         -0.10989392805724546
6.57259528014573          -0.10619908189437703
6.58220257697807          -0.10505624479667416
6.6011746487431875        -0.10284209302602018
6.6150252751812895        -0.10124979304400582
6.633537505369662         -0.09915340900201894
6.662586352421171         -0.09593721516186537
6.673244814773144         -0.09477962628184908
6.6764671540753255        -0.09443203207431916
6.6989988379468           -0.0920323606373289
6.722203762830256         -0.0896173646805664
6.724980361700407         -0.08933141515092347
6.7405557008895345        -0.08774076458876187
6.769058259412056         -0.08488873277115165
6.797639648691342         -0.08209543733482631
6.823382651704325         -0.07963920795742338
6.840659928621594         -0.07803421963590353
6.859987660749365         -0.07626191265989846
6.874467769805389         -0.07495014664456048
6.87506776080201          -0.0748960891143518
6.8911142566258174        -0.0734590884878022
6.893865271658858         -0.07321442159756214
6.915493356949639         -0.0713081462897578
6.925097332287499         -0.07047148175665878
6.95214750515678          -0.0681490783816988
6.956973315442232         -0.06774027274424942
6.9703289198485985        -0.06661759598838107
6.989481034394961         -0.06502998860873418
6.99804070763472          -0.06432894378677062
7.023518346942631         -0.06225886684366433
7.04704648950987          -0.0603830811894922
7.057438793377182         -0.05956350920195893
7.062855965752757         -0.0591386067030306
7.067516474287423         -0.058774359652713895
7.07503468294853          -0.05818931124086658
7.081384994513986         -0.057697593863976
7.083781479428591         -0.05751320895538406
7.088747083686415         -0.05713197887319722
7.118192023058782         -0.054894155977020055
7.153185409965215         -0.052285363307785646
7.165619862253604         -0.051371625606816795
7.174324993867782         -0.05073607335242355
7.22160808341617          -0.047343524471168186
7.2249858254164465        -0.047105020914021016
7.23780280503698          -0.04620467769765626
7.259526469369691         -0.044696468224289417
7.261848750810058         -0.04453576632240496
7.285355993112682         -0.042921523988056
7.288461189135892         -0.04270952161079148
7.342346703247253         -0.03909913102308435
7.343673504435866         -0.03901128117679886
7.363189440569025         -0.037724912165585454
7.372407927529226         -0.03712107400244776
7.432821221421965         -0.03322396760180994
7.43587002630419          -0.033030063268013846
7.440644391181753         -0.0327269471272938
7.456354665922561         -0.03173413010318633
7.463658433025932         -0.03127496882713088
7.475181327300317         -0.030553883368859273
7.520474061697856         -0.02775688337596979
7.529218622006451         -0.027218815756448186
7.530617304811256         -0.027132882686206544
7.534744085550374         -0.02688008495905404
7.541601668501219         -0.026462835553602508
7.553817782342445         -0.025721417963379248
7.560276570157352         -0.025330230038589113
7.583699801399834         -0.023917835742696427
7.595967374875296         -0.02318204038051472
7.597400528869674         -0.02309625744205166
7.64100254860296          -0.020504017441163428
7.648361234178933         -0.02006988878437675
7.648370466925026         -0.020069344704637993
7.648377770538454         -0.02006891430851863
7.648458876420322         -0.020064134867817444
7.651411228381392         -0.01989023775229137
7.655335841871487         -0.01965931522359846
7.658127157189092         -0.01949524352824763
7.666817811582416         -0.018985307148017022
7.710430601966773         -0.0164473866217165
7.718645255029337         -0.015971203460560492
7.7294192021375965        -0.015348040016664332
7.738464792949074         -0.01482582234188374
7.7534753563412835        -0.013961206090480939
7.757133593772552         -0.013750862238361137
7.758371525452866         -0.013679715852411598
7.760745367751825         -0.013543333200012117
7.763777093861328         -0.013369243014657087
7.763951967548146         -0.013359204337571196
7.765126385752035         -0.013291795147626802
7.765639476235858         -0.013262350525842945
7.768662810260394         -0.01308889850632725
7.769727455289901         -0.013027837957824646
7.770616133750147         -0.012976877317538918
7.774105260876277         -0.012776863569655383
7.77695163383469          -0.012613775650274711
7.7967869834819545        -0.011479271241702324
7.813871286903124         -0.010508246269551453
7.8270828689793985        -0.009758161606971565
7.853494846163089         -0.008260785680649746
7.863827425330545         -0.007675783084568159
7.872939251991256         -0.007160261567197154
7.873771600934099         -0.0071131866753489465
7.8953360805196375        -0.00589456736509821
7.896153368134001         -0.005848419765553172
7.934564866978961         -0.0036812463457805873
7.966000658291943         -0.001912619343996929
7.9710720937696085        -0.0016270572314154251
7.988442360712217         -6.496920545000819E-4
8                         -2.3026159712269674E-17
