0                         0
0.005507287916041556      2.96415937859022E-4
0.021169980015587328      0.001139868275037501
0.021264489309432515      0.0011449597081150925
0.021485831463948012      0.0011568840134812768
0.03715678013228199       0.0020014566953493415
0.04255805002745591       0.0022927071540996104
0.05032635635540973       0.002711732350002664
0.06869004101062123       0.003700874362577662
0.07815540627345557       0.004211506642967657
0.08041374789180111       0.0043334177683675935
0.11013983254621275       0.0059409587237607715
0.11931015466488205       0.006437944843285141
0.14238399092521875       0.007690662843522286
0.16929403076739363       0.009155686779932004
0.17016861620781262       0.009203388944873395
0.17127366668614546       0.009263666325595686
0.20411687391974437       0.011057745924934997
0.23459481484992994       0.012727885685352098
0.24977913061680151       0.013561394895622844
0.2608710197180755        0.01417283630049127
0.29731806551119694       0.01619565419600183
0.2991700140524639        0.016299064416651823
0.30010502914934356       0.016351127530225273
0.319477641673462         0.017433458558560815
0.34378620850990926       0.01879841266088658
0.3490446967804124        0.019094686681074276
0.3555649083121139        0.01946254462922725
0.3705888042353974        0.02031225408581526
0.3818434324313897        0.020950693838517224
0.4033334724353409        0.022174299673257437
0.4114862993227324        0.022640067925303424
0.4211237085097971        0.02319175682770432
0.4442092231893181        0.024518153470199464
0.4449624777769467        0.02456169516994089
0.46057925995233767       0.02546669155602914
0.4716335447625475        0.026109910383360368
0.4985327620423302        0.0276841762199878
0.4995383065942786        0.02774327468711181
0.5000319875150754        0.027772296176066358
0.5019204801234859        0.02788335294074408
0.5031003542578738        0.027952676270057635
0.5038489189407325        0.027996676939366413
0.5088169170788206        0.028289067211760194
0.5549027272088899        0.0310321801268206
0.5803930345743045        0.03257325079551034
0.5912921683932019        0.03323712081706028
0.6082221193198621        0.034274250216908615
0.6338870395071975        0.035860220775719175
0.6469002367526178        0.03666979139403028
0.6472857322716369        0.03669383374179057
0.6570635780431338        0.03730480854124785
0.6696226529329286        0.03809454676568998
0.6830067589715795        0.038941751554709844
0.7209166868308058        0.04137168721686778
0.7349686292296682        0.04228467488349485
0.7444409754211807        0.04290386661908105
0.7764108170205589        0.04501598643318688
0.7856406791858453        0.04563216810125175
0.7890689812486713        0.04586177062646309
0.7938225109524851        0.04618078190578877
0.7982749721102047        0.04647961113857458
0.8461670877971883        0.04974712196609996
0.8491546328416161        0.04995417785671998
0.8498878083820693        0.05000504948744769
0.8913018848956827        0.052915625644743024
0.8973346045025365        0.05334445650661868
0.9060287533981891        0.053964771557094664
0.9155779412144498        0.05464922003685011
0.924400675804797         0.0552845092498334
0.9307271817956901        0.05574539480205742
0.9387194922835916        0.05633019584041276
0.9677756890834563        0.05848034821942247
0.9708737819895152        0.05871167148094545
0.9795447789980463        0.05936164443607909
0.9916264060706064        0.060273520054669995
1.0155286272609911        0.06209898834787746
1.0159848850543927        0.06213411058262257
1.0167771903962588        0.062195145864470114
1.0172753689367113        0.06223353979870509
1.0383308225772467        0.06386806114425761
1.0390471917920658        0.06392407818582023
1.040098110540561         0.06400630390389263
1.0407546993191585        0.06405770337282198
1.0510970750952993        0.06487006636317327
1.0545639809936493        0.06514353263582436
1.0605875857608358        0.06562004338875725
1.0705720830109158        0.06641373231419194
1.0778572141451637        0.06699878376611672
1.1009761921070662        0.06887796957151615
1.1191654679957648        0.07038231469758159
1.1235328452911917        0.07074261413389948
1.1528652776784223        0.07319987520517787
1.15452320007332          0.07334070787572959
1.1575342460627118        0.07359701386401953
1.1670364299990381        0.07441092046024667
1.169752821553784         0.07464483464675492
1.182769303075676         0.07577337762037095
1.1958543671293203        0.07692455383540618
1.199202778350977         0.07722020723549569
1.2212564649828153        0.07918473718298125
1.2246482980368198        0.0794895394654151
1.2380780446546193        0.08070334648454738
1.2382997537838198        0.08072347826539905
1.2691095190023514        0.08355055036068561
1.3071719825744883        0.08716568755102345
1.3098797424187778        0.08742688107191346
1.311927453041186         0.0876251847571281
1.3303734469311455        0.0894272950686254
1.3475981912211838        0.09113572456130417
1.3605688467354118        0.09243192848186564
1.3794497934224008        0.09435056546798187
1.3912471619728486        0.09556852164515384
1.4101587622286091        0.09755165427569973
1.4200238191442451        0.09860114606504643
1.4443721866832349        0.10123548597779652
1.452831297916398         0.10216538162907994
1.45702648406208          0.10262600277249419
1.4601792381263723        0.10297351684529937
1.5019785066434743        0.10769031237268861
1.5096247497059039        0.10857516720482571
1.5103279164437604        0.10865688254655946
1.5117980632302295        0.10882791511647441
1.5165735626387202        0.10938522006949408
1.5255342917122243        0.11043811466883853
1.5751375838717747        0.11645756093833308
1.5763906799306895        0.11661357701134539
1.577402847970199         0.1167397386054777
1.6095434659370633        0.12075353147306848
1.6407658802756586        0.12485376254905145
1.6503413435962897        0.12613789153584345
1.658618652882101         0.12725278571051302
1.661442320821176         0.12763551704674939
1.6642624544145888        0.12801898975933906
1.667279616036901         0.12843060417711258
1.6740594485986335        0.1293567679101354
1.6843543601322382        0.13077699428076786
1.6846851381492909        0.13082290408467534
1.6990978542403923        0.13284007602857592
1.7275696435855716        0.1369205952275328
1.740261583312749         0.1387789056713976
1.7408436740162636        0.13886471503113218
1.7524149699348663        0.14058109271975325
1.7887296271946782        0.14609856964150192
1.7903329598555064        0.1463467527765855
1.7991607134759442        0.14772180816398905
1.8123210345102518        0.14979871814730547
1.8153666542771087        0.1502839698204446
1.822623407687134         0.15144714552325536
1.8234789241482492        0.15158492253113764
1.8271394715510003        0.15217597894009616
1.8383430655219195        0.1540071295909338
1.8559471356755428        0.15692637046588123
1.8649245545768933        0.1584272303451082
1.9335038696518154        0.1704832001960117
1.9366865340610018        0.17106806798141475
1.9406269970366017        0.17179531152057959
1.9417563353270786        0.17200437575639693
1.944742507966901         0.1725585440539361
1.9623302179837765        0.17587877847272773
1.9873532761257926        0.18072125426428484
2.01209960422204          0.18564715282310942
2.0159306664612644        0.18642351446690947
2.0266093010863617        0.18860108297549874
2.0513314345566935        0.19371892359550827
2.0635860363655683        0.19633309157310525
2.075097718935733         0.1988264304451334
2.08103442821617          0.20012652994854085
2.0853805473231612        0.20108445116278506
2.099629316447738         0.20426146272823603
2.1202101289659323        0.20894896263677723
2.1217665929823872        0.20930425265441877
2.125289099320106         0.2101115971936604
2.142291972370033         0.21407239768324468
2.1437451502790474        0.21441581760642137
2.1647451507132645        0.21946482057232242
2.1664047268756064        0.21986916739333037
2.166958492562233         0.22000427054487598
2.1931280409363176        0.2264922392828982
2.1935286192275654        0.22659380833015252
2.2016540682502908        0.22866461334628616
2.2112256876139296        0.23112977239179833
2.212564713169556         0.23147631870041796
2.2414498782699477        0.2390463562192427
2.2490445354555857        0.24106667756758313
2.2557701302248074        0.24286622799301424
2.2901609689863838        0.252381327442097
2.2922558434100204        0.25297567022523626
2.317148772121627         0.26016769297982323
2.3387951937702924        0.26661605166604707
2.34845742516916          0.26955273014325914
2.386479131158385         0.28145851049471304
2.4022900285150772        0.28657356474970663
2.421820257315777         0.29302500759648065
2.4775342042312296        0.31223764941010174
2.479400891424263         0.3129086614826228
2.4807035777174153        0.3133777992408629
2.483795578396489         0.31449285082761
2.502341760179824         0.3212127850116391
2.5077293826761027        0.32321296347864037
2.513130030632464         0.3251978583375018
2.536410526173801         0.3339084518788256
2.543188212851523         0.33649146974452543
2.568090051079836         0.3461640552283687
2.571281295118583         0.34742434786876025
2.5765558659753958        0.3495177134962397
2.578311437362069         0.3502173153825902
2.579181605165784         0.35056460868768136
2.5825241390610687        0.3519019045485149
2.5904849093165097        0.35510768380890295
2.6202123485503384        0.3673378029429403
2.6237843876537377        0.3688366420771152
2.634336251168266         0.37331958489473727
2.6583424919174665        0.38365870191042006
2.682385949580717         0.3942089492441652
2.6874710610891657        0.3964653061009267
2.6905588847492377        0.3978396917630605
2.7070657154869178        0.40524148013722217
2.715915398990137         0.409247641234082
2.7255020374306156        0.41342410242796357
2.7358001228421642        0.4179308333889039
2.746263089488311         0.42253128124665085
2.753332189386114         0.42565178553624383
2.7605672706230737        0.4288746176964358
2.770951750360559         0.4335623675318496
2.799204160657117         0.44668612368789407
2.802355325234959         0.448183446876233
2.805163630162727         0.4495057310485695
2.819493337361732         0.4562768532848257
2.8467687752913875        0.4692760886421505
2.884951960123326         0.4877182354529678
2.8867572432500936        0.48859722978352116
2.891512151186885         0.4909154494930132
2.8973997944896515        0.4936032561567469
2.9012308238597146        0.49555553970071303
2.9136774086862514        0.5018545451539443
2.931597657775067         0.5107077299601294
2.962628709477171         0.5256934245467152
2.9702798951620593        0.5293212270082114
2.975030782371708         0.5315604869789906
2.986182324405961         0.5367763639505303
3.0278418172485324        0.5557624500606014
3.041037819756485         0.5616122145151743
3.063545766011608         0.5709908044202685
3.0786327893554493        0.5770882123939894
3.0819232776059398        0.5783979063379717
3.103769517046134         0.5867021842971718
3.113089557570757         0.5901463175960974
3.117775675461986         0.5918557404811907
3.126195934197139         0.594520717543797
3.128264183607115         0.5951618608658878
3.1376395820529472        0.5980016544160937
3.1402244680989235        0.598957932415791
3.1518880656622232        0.6031016964790002
3.1601513112099933        0.6058677993850184
3.170544695314309         0.6091472306081265
3.1725453460341133        0.6097529561717762
3.184060462753432         0.6130790109193841
3.204789686623715         0.6183780110435245
3.224307345899736         0.6225581760547436
3.2449477569393643        0.6261250246372084
3.2611272647992986        0.628343800638693
3.2814534252211773        0.6303826234566637
3.2996655460846167        0.6313392037543569
3.314925464548554         0.6315074395000468
3.3232843828052085        0.6313548165166392
3.348332057710718         0.6298600400838227
3.38319503609814          0.6251899217288825
3.3882015310465587        0.6242717915565915
3.388714595485799         0.624188038888545
3.3899108553009114        0.6239910528211928
3.4009917650841297        0.6220527069837917
3.4033618591837858        0.6214448376241636
3.4057334096099865        0.6208245951116961
3.408539758014994         0.6200751317980882
3.415898688856072         0.6176643190885566
3.432742313854992         0.6115289270212961
3.4443079339354172        0.606818492602483
3.4451226588569734        0.606471397115676
3.4465542777859217        0.6059826203095947
3.4529465266129957        0.6037183861827803
3.4700532585242905        0.5970012432790716
3.4917458390104277        0.5871064347490128
3.5218915125394243        0.5707992157589915
3.5237949080872824        0.5696277675317588
3.5239355636581235        0.5695398887179888
3.528278722296539         0.5668012115366278
3.5430360457595063        0.55726628189595
3.548720796762808         0.553433711507664
3.592760837382344         0.5207356479134345
3.5993316258590626        0.5154004531350221
3.6059065191936757        0.5099432452174969
3.6213103229957664        0.4962778255348284
3.625775160413126         0.4921641714605688
3.6280604378125205        0.49003987447997577
3.654632526493172         0.4644066114607528
3.6838686845315003        0.43421819266163614
3.684632686047439         0.4333885379806378
3.691214483896858         0.42616181875345754
3.696822393148997         0.41989225847337813
3.7018656696975345        0.4141658156278682
3.703788298775797         0.4119607719234261
3.7073785510493833        0.40781067425262285
3.7325287001207927        0.3775527962819343
3.741715947565314         0.36598212870310165
3.7483741120607204        0.3574235596988426
3.7548949315302904        0.3491509813666524
3.7985054617493357        0.2929135940288109
3.800965001322794         0.28969469615096327
3.8035826417398306        0.28620904685200255
3.8039203349901154        0.28575881561745364
3.806478173154153         0.2823444165813026
3.8075575296759254        0.2809014096050036
3.81151469515272          0.27559985595695213
3.865654097230375         0.20130566686901338
3.8867223629253127        0.17150670091878092
3.886887594866906         0.1712710316465882
3.886923112870971         0.17122036854852318
3.934278120512808         0.10001562540022307
3.9428926315918957        0.08651945736144077
3.943712274654721         0.08523666959434784
3.9482600683569404        0.07812331133984807
3.975592948797609         0.03552082294020806
4.016692616857682         -0.02805582485505549
4.024707350105265         -0.04038606371937353
4.037394058403983         -0.05933420307200838
4.0463351235321285        -0.07260846439544001
4.0640802490476196        -0.09875865389416053
4.08850642397622          -0.1343303838228034
4.117446480821998         -0.17583991930629847
4.14160438758943          -0.20996226175528204
4.195772028470063         -0.2848242791125824
4.19682630462653          -0.2862428368419047
4.197432579600495         -0.2870579308747622
4.197799333704307         -0.28754782940419676
4.198073544769831         -0.2879139535845668
4.198673628177282         -0.28871470713263864
4.2000927971219335        -0.29060587072787714
4.214282309414754         -0.3093151447909193
4.223644910376961         -0.32146141288008584
4.243243085495848         -0.34637532146360756
4.245073543005346         -0.34866694057862674
4.24861999832596          -0.3533112498365898
4.262992515711232         -0.3717264781331405
4.26832846656096          -0.37831215577738553
4.313379662436982         -0.43073007661462015
4.348638178547542         -0.46778147794925373
4.360325645955216         -0.4792934880882366
4.361799071916083         -0.4807175892015373
4.3660519856620095        -0.48479396459261487
4.373121356013818         -0.49141270199032394
4.379262733171046         -0.4970319524287078
4.379660179880041         -0.4973914241360382
4.406009549389122         -0.5200882932095118
4.4176558342245125        -0.5294076153214211
4.429200326006937         -0.5382143608826084
4.478329941299828         -0.5711922972884256
4.479034645902176         -0.5716062827859941
4.483909706263409         -0.574424451069592
4.485418055055584         -0.5752802075417999
4.48584386798561          -0.5755204063735937
4.487594841121351         -0.5765017130289392
4.494184054163382         -0.5803624211329078
4.497924782622261         -0.5825013582065017
4.532892288142346         -0.600645995321808
4.552413995070683         -0.6078178086880819
4.559036518235664         -0.6100370380692837
4.562033098148629         -0.61100562037151
4.579618320877039         -0.6162428971863819
4.611443077359448         -0.6237799472214187
4.681055834703186         -0.631549632992079
4.68191526344065          -0.6315707925199817
4.685184990599849         -0.6318037684140928
4.689453876013109         -0.6316756005695103
4.6900421052194545        -0.6316603775592872
4.690228821387212         -0.6316553622618366
4.690326738360818         -0.6316526968721876
4.695306363147067         -0.6314851345882074
4.695892988628177         -0.6314612606921631
4.747725697538224         -0.6259117913515875
4.8087299452836385        -0.6140860715800375
4.8191850383261325        -0.6115078403670926
4.824999311526354         -0.6100042100165008
4.827759675024376         -0.6092728798327784
4.834035981442868         -0.607568169196572
4.8432239158706505        -0.6050964977310199
4.8793642962116           -0.5930008626447756
4.89738442616431          -0.58634606125101
4.900980046313805         -0.5849685339002314
4.94450204374613          -0.5669841579435697
4.9452101138602735        -0.5666715506949154
4.952927081903094         -0.5632230206138129
4.966524314221198         -0.5569615226443247
4.969951655306015         -0.5555784987606586
4.9854319270615495        -0.5489945409457412
5.005517897992094         -0.5402376835414603
5.025515758713567         -0.5312790741197522
5.04283402938524          -0.5233272393623081
5.059765512074315         -0.5153792576124963
5.064971486089759         -0.5129009384494095
5.0687286598157435        -0.5110657575584795
5.084830872652634         -0.5031598446382713
5.103166502306303         -0.4940767338140087
5.108818064501328         -0.49125975065766964
5.1106368966128155        -0.4903514310601888
5.11515025798489          -0.48809382189380424
5.144419785181481         -0.47332677647915855
5.147614674350026         -0.4717640338201049
5.171631009203866         -0.4601037944483356
5.173895029209646         -0.45901251090990064
5.175040358406411         -0.4584609693901432
5.2040086977103295        -0.44462728224537157
5.227357412390332         -0.43363996838562463
5.233335024565417         -0.4308504114653661
5.2334801709695435        -0.430782794769768
5.240196645676478         -0.4276600539521025
5.240381540411532         -0.4275742594694653
5.265178419466556         -0.4161831982527925
5.281253045325473         -0.4089078509705574
5.281554981535515         -0.4087720150102519
5.312629950792787         -0.39495357797425545
5.327699216602921         -0.3885460679492272
5.353172995723493         -0.3775482732841648
5.357228690775428         -0.37584345070250613
5.360745731754098         -0.374368626635877
5.36934330372545          -0.370866273449005
5.388936660254471         -0.3628231823461379
5.442070767310062         -0.34174157918347403
5.444186955561256         -0.3409240428391495
5.495751628808134         -0.3215262254656516
5.49966030939225          -0.320096801817254
5.52088635255396          -0.31243511801781393
5.527253061649783         -0.3101701976669758
5.562510515581376         -0.29790479366380535
5.57331645360196          -0.2942396416949082
5.600456829941269         -0.2852333348497916
5.604299633471154         -0.2839966424667523
5.616813876905444         -0.2800180322296338
5.653892549201356         -0.26853787049393124
5.662373602500524         -0.2659767458168164
5.66391150009018          -0.2655149104891251
5.66882143316162          -0.26404574761283606
5.675974694562368         -0.26191978996316145
5.693420289405086         -0.2568068496548433
5.7251434704284385        -0.24772130483486385
5.742010487395828         -0.24305691657704337
5.746348067225608         -0.24187607396987468
5.765311272149456         -0.23675512696660728
5.781983996198762         -0.2323478939716249
5.795489490515725         -0.22884316953851666
5.8144104995001396        -0.22411313817842524
5.843498699871677         -0.2170313077491623
5.843578787521071         -0.2170121271876433
5.851151185642465         -0.2151923296955928
5.869725714373779         -0.21079622123124706
5.8699402668625975        -0.21074600432948018
5.898761345640876         -0.20411699613919265
5.898870049317798         -0.20409243218336312
5.9395232928603745        -0.1951370087761397
5.948008735297362         -0.19332590685853954
5.9589352668150575        -0.1910452750971122
5.978570194794839         -0.18705577060272238
5.99977254600242          -0.1827746734968075
6.011667119114675         -0.18040794755036285
6.019460552249359         -0.1788744499517692
6.031818195796654         -0.176520056161611
6.033526728486356         -0.1761969180190867
6.045001580420849         -0.17404142595221941
6.103655208394764         -0.16342522334216414
6.114064356403069         -0.16161137073063261
6.119554007744128         -0.1606632891307566
6.165670967524251         -0.1529310856842015
6.192520016321456         -0.14862070175593906
6.196310517009483         -0.14802350813613732
6.205581287001898         -0.1465747195710897
6.21015715199518          -0.14586350953402727
6.2206034242263915        -0.14424617779626753
6.223857805228626         -0.14374595764012366
6.2516260271961075        -0.13954803596053617
6.254295582980434         -0.1391510853983363
6.278433943859802         -0.13561458605929802
6.2803901310257455        -0.13533500535042495
6.304120522454744         -0.13198295695927573
6.310546343482842         -0.13108784066867535
6.324906028865581         -0.1291068934196065
6.359912629594744         -0.12438973115625926
6.3721101922781385        -0.1227834399899792
6.381042183525456         -0.12161942920128001
6.391385874865511         -0.12028437631477405
6.430080342190054         -0.11540395972370102
6.440408207010765         -0.11413551954662508
6.447248843991816         -0.11330330031052725
6.483028079113107         -0.10905341799982693
6.514137351220118         -0.10549872476386801
6.521287156152577         -0.10470465280009385
6.52718432452913          -0.10404331999459775
6.552295814068963         -0.10126630668914338
6.566284803339223         -0.09974499346167111
6.56772077552538          -0.09958987079808175
6.592413542135999         -0.09695270969359032
6.60214840458115          -0.09592877910832966
6.604047839748103         -0.09573003105186227
6.626324707643404         -0.09343477432193212
6.659675505143255         -0.09008228566047582
6.659680385544497         -0.09008180242158552
6.659704881294624         -0.09007937697744957
6.671246952309264         -0.08894256669836381
6.673521785043549         -0.08871993106697865
6.695098007705319         -0.08663151872913125
6.697916702165114         -0.0863622760317787
6.715372916520095         -0.08471197709820692
6.718396928309319         -0.08442908568186168
6.719542299823833         -0.08432155316052443
6.727019133461718         -0.08362183343871898
6.755454641301412         -0.08099615196732687
6.7736055331589515        -0.07935151013507061
6.786498369658584         -0.07819702037764308
6.811041673989108         -0.07603079109902551
6.823396042456473         -0.07495600500970506
6.8270462174242565        -0.07464045574887301
6.8340051840374           -0.07404140032757774
6.846646823443127         -0.07296375745954348
6.862294976493598         -0.07164575176522713
6.876488514677845         -0.07046550553165153
6.894092238601103         -0.06901171231181277
6.894500553186794         -0.06897835973347502
6.895911079347237         -0.06886321113058869
6.92881377222306          -0.06620718707232522
6.949209650349267         -0.06458963862444156
6.949244100793216         -0.06458692514077698
6.9492617371401835        -0.06458553604115595
6.969869496172758         -0.06297368993561026
6.996475118420969         -0.060926090106696924
7.001050905938107         -0.06057861690412049
7.0036171067798065        -0.06038425217351898
7.012579090336426         -0.059708320266842044
7.0241711660845905        -0.05883730137328516
7.045050014984065         -0.05729465705142427
7.048338842091012         -0.05705324290865994
7.049456312197738         -0.05697131380171917
7.051765147343035         -0.05680219536636166
7.082691759135145         -0.05455461798645647
7.100323616802772         -0.05329140043278707
7.123146724959313         -0.05167585502224182
7.134954770052428         -0.05084869467109606
7.144053701928131         -0.050215510089078146
7.158902890866244         -0.04918908781819665
7.180051898452243         -0.047742009593061116
7.22855234770223          -0.04448916399362167
7.241517099893289         -0.04363513800592518
7.250439295386226         -0.04304935224684538
7.257562764278287         -0.04258487399339526
7.2583685733519285        -0.04253264371469152
7.2623380680619025        -0.04227560572087388
7.329770835691671         -0.03797349885197091
7.334432935628657         -0.03768055890876207
7.36800630069173          -0.03558816578042239
7.3814428719031975        -0.03475920535325451
7.409764986315936         -0.03302770735606693
7.467693026375962         -0.02955304021402699
7.476891723564561         -0.02901060502977497
7.4884416582834294        -0.02833296860489647
7.488863758792728         -0.028308276615497376
7.50726598098761          -0.027228651478072147
7.509108750359058         -0.027120777874061017
7.509632831060479         -0.027090110329307946
7.548036111807782         -0.0248567772806077
7.563144609910682         -0.023985666661677185
7.564061918822109         -0.023932914125760974
7.5679173972475775        -0.02371220243023149
7.606958574165466         -0.021487892861604047
7.614217754105828         -0.02107645017467327
7.632954873197273         -0.020018137161070638
7.6447981269051155        -0.019351975411121936
7.648024683120276         -0.019170859419981777
7.696171735612115         -0.016487148963674
7.7124956968307785        -0.015585305173890776
7.720566434507712         -0.015140930423068306
7.742744152865417         -0.013919229480061685
7.753805516141336         -0.013311712200231774
7.756347600596562         -0.013172265710413507
7.772634641700363         -0.012280354029258042
7.775156864767153         -0.012142466584154079
7.7890783533455945        -0.011383395365714748
7.808952849230877         -0.010302395786364986
7.813787844418361         -0.01004002858525188
7.83315727505407          -0.00898976469242429
7.870528529916895         -0.006967024151884853
7.8766445468910495        -0.006636446776610259
7.888165059199417         -0.006014098547057319
7.889680311578329         -0.005932272903294504
7.895338140080333         -0.0056268357029579585
7.9000225863613105        -0.005374057522560678
7.903465887028111         -0.0051883171815168645
7.912839766524724         -0.004682941938305682
7.930757203159347         -0.0037180780435522556
7.936549452468077         -0.0034064771259381607
7.9411301749470935        -0.0031602607759498177
7.947217279683036         -0.002833145518226053
7.956091231104357         -0.0023564108002100104
7.960926090541637         -0.0020967393738121117
7.969140864712678         -0.0016556544342226356
7.981403164106352         -9.975118001215979E-4
7.985638996931913         -7.702413042007374E-4
7.9868851866718265        -7.033852707753283E-4
7.989939646368388         -5.395326768794783E-4
8                         1.6841837537313765E-16
