0                         0
0.0038134366181859073     2.1461120188863436E-4
0.026866757779323187      0.001513813857325177
0.07362967555273438       0.004158778128528643
0.07985338686553455       0.004511765396610915
0.11727305090690207       0.006638867555501928
0.1406437451608027        0.007971529078436268
0.14660319888636988       0.008311866139843744
0.17405332398855006       0.00988331931979312
0.17642992640442146       0.010019555607418858
0.1766004793129759        0.010029333490035318
0.23068912679045356       0.013134160822395078
0.24925753338052423       0.014205761493940825
0.2650087475421559        0.015118517970717824
0.28108561586699105       0.016053684524023316
0.2887807839418157        0.016502565712754155
0.29992544639923757       0.017153322058342052
0.32893754619132          0.01885721431759191
0.3413013712423496        0.019587660863000456
0.3748586374880238        0.021583197276427536
0.37605752582422947       0.021654842487374936
0.38523467593052413       0.022204069284934316
0.422796789632846         0.024466862446143343
0.4418441928604427        0.025623397342823227
0.4524904438460461        0.026272362264717044
0.45966793093234976       0.026712130743303666
0.46100960260081636       0.02679447085687495
0.49221025338349766       0.028721315934130888
0.5036097717156907        0.02943078920879753
0.5217208630208594        0.03056400070360248
0.5266104185334579        0.03086956013683931
0.5478759936229939        0.032207325122316784
0.5998888390235849        0.035539839327441536
0.604850433577429         0.03586222176621716
0.6237796278658513        0.03709933710807175
0.6355235534607876        0.03787234930503665
0.6371271157356622        0.03797823285073482
0.6393188429689252        0.038123082616722447
0.6785325001360865        0.040739977204704896
0.6919560575003949        0.04164679433167703
0.723467779712879         0.043797598098616164
0.7494888926706561        0.04560316663241723
0.7523295915150248        0.04580214606923013
0.7815897733670265        0.04787662764466771
0.8278423492769188        0.051209963738574234
0.8411021671275001        0.05218645867667171
0.8491361465001639        0.052782624615548404
0.8541523993829915        0.053156587438170456
0.8617134600754656        0.05372277793125792
0.8630632407115942        0.053824268277746216
0.8749133515078636        0.05471905595973704
0.9350302853425148        0.05936282288972806
0.9934665568684092        0.06404395372669144
1.0004715376480542        0.06461616174354966
1.003522651464007         0.06486613511010353
1.017472736355137         0.06601476904107918
1.0255587350024478        0.06669068310230641
1.029028672431983         0.06698208815233053
1.0350760214336172        0.06749188263119317
1.0423502427707074        0.06810918685696284
1.0646918809858792        0.07002697031749275
1.0760034610070006        0.07101050388419192
1.139670205609356         0.07669385521171777
1.146625159072091         0.07733516678301748
1.1509787023724987        0.07773894314113876
1.1536738388483276        0.07798963327630658
1.1595484045843312        0.07853798268711953
1.1616657852286203        0.07873627142587784
1.216221252317271         0.08396334533352551
1.2252001188562984        0.08485152548069168
1.2826108199674955        0.09068811094824861
1.2971424359471773        0.09220679198113164
1.2998138608503207        0.09248785458934815
1.3105482751543662        0.0936231025413789
1.3313677270687507        0.09587981137935395
1.348499514380327         0.09777142782679325
1.3497693192196223        0.09791287861442718
1.3689386871209728        0.10005875196669593
1.3700601929626663        0.10018568421554144
1.398262804328452         0.10342809367836962
1.3993451859268369        0.10355446632519706
1.4184886418918112        0.10581315752457034
1.420570806615671         0.1060611682605062
1.4717029833348805        0.11232329198646461
1.4932168820433787        0.11505669048857237
1.503097312681828         0.11633159598571474
1.5185164071596722        0.11834578577463192
1.5207694312540077        0.11864363350581567
1.5582796038032776        0.12372293130330532
1.569399137789264         0.12527232245899994
1.5986824966627025        0.12944822818149102
1.6088370104099707        0.13092864674190474
1.6197627311909548        0.1325411595770246
1.6366375948601821        0.13506779194685462
1.6544877150747033        0.1377981487405057
1.6624294958596728        0.13903101963726333
1.6752684301033764        0.14104768711535548
1.6755256914701615        0.14108836510350997
1.70267633747184          0.14544487948372356
1.716752934400043         0.1477606577307008
1.7260390562359884        0.14931286532048496
1.7349018270722172        0.15081249012525882
1.7409047156866848        0.15183829566353024
1.751114055974734         0.1536016313520864
1.7571000371369352        0.15464647565241593
1.7691326381855947        0.15677125607194617
1.7791330939015295        0.15856209596386137
1.7803585966788622        0.15878310897760065
1.8038989451396712        0.16311099419656852
1.8331526384120782        0.1686941709166763
1.841854946620182         0.17037428301253885
1.8501197808909524        0.17199361423745224
1.8517140505848282        0.1723086341682815
1.8560886880942682        0.173178077343461
1.8777457804170163        0.17756409910021906
1.8949711354544703        0.1811497240633099
1.9147244838176536        0.18536750035357713
1.924552471899516         0.18750623467589506
1.934121808383136         0.1896155974936329
1.935219739389095         0.1898593119991699
1.9496990908464764        0.19310608808535473
1.9504734993617152        0.19328145037927108
1.9650526822464072        0.1966153169048569
1.9863916015653569        0.20159794445910706
1.9967541930701045        0.20411660595623854
1.9979954285007682        0.20441835182294305
2.012791178612409         0.20805579089562268
2.0149288820872417        0.20858752126634406
2.0274660655841372        0.21173746886216466
2.0344311854657864        0.2135106717291722
2.039248487867736         0.21474678191823063
2.0602600591134945        0.22023110994116682
2.070410340876            0.22293456873012843
2.0794013318528624        0.2253586866164515
2.0895269527267226        0.22812181863300304
2.1077289396145806        0.23317704040652892
2.1283945855076114        0.23913029788868878
2.1387234578871475        0.24218990748634378
2.164821878705845         0.25017056164002227
2.17719805190674          0.2540205456250029
2.203679629271228         0.26252678614578123
2.206958452515208         0.2636054348173652
2.2271716962440355        0.2703789030345828
2.248894025443993         0.2778956178767605
2.2521574014752206        0.27905145661178277
2.266869388527107         0.2843352448242659
2.2782610745493734        0.28850866329335695
2.292903000691051         0.29397808435937534
2.2980577609877217        0.2959317985762573
2.2999191564436483        0.29663961668122235
2.3094633743045585        0.300297400268506
2.33916836277865          0.31198674249200964
2.3467842530189107        0.3150580663855848
2.3685607302340688        0.3242661537852363
2.3694320087707816        0.3246425110759725
2.371890905278939         0.3257079508283106
2.3725285393124538        0.3259813709975187
2.3737204650575126        0.32649324023416326
2.4072447275187825        0.34129918908757906
2.414290803898693         0.34451155017952706
2.4336155313866867        0.353500953214274
2.436177802649981         0.35471936817043836
2.437202982500728         0.35520800739326736
2.463232476295267         0.36783373436769523
2.489424461616215         0.38103390800316705
2.5155883555252903        0.39481124514341837
2.522785153543523         0.398704562928862
2.549601020415224         0.4136051086179427
2.550056776435995         0.41386372006649574
2.550160816092474         0.41392278084296263
2.5906574556531905        0.4376214895795234
2.6016761138666267        0.44431465946179693
2.609666756558223         0.44935907882447557
2.631040314620042         0.4629631561779742
2.6417527882539362        0.4698424196379
2.659184776426218         0.4810905266661784
2.659431433261814         0.48125226329955506
2.6908787956536067        0.5024624094716499
2.6984598209791626        0.5077505825119126
2.714452301232548         0.519129226360436
2.727989961499067         0.5289977657256276
2.7344548445061756        0.5337869680996746
2.7495840433924323        0.5451879914035366
2.777032756856636         0.5668565907052843
2.7926052938722385        0.5795442324228209
2.800076661188169         0.5857583361782082
2.8216252226549807        0.6037531495384162
2.829465876747186         0.6103274132986113
2.8447327033771965        0.6231692435676994
2.8555450120125725        0.6322967580517563
2.8583070442204654        0.6346644052820567
2.8671831495987288        0.6422319780927884
2.898445671160618         0.669421093638221
2.9165870006907775        0.6855810519698248
2.921997422544125         0.6904549207827998
2.935252185421891         0.702500759449741
2.954297166200046         0.7200711617757558
2.9682286514457528        0.730931319535417
2.970935342409482         0.7331163066129989
2.986471262672827         0.7461298125964201
3.014740634563867         0.7719987599911995
3.030378766000621         0.7863551550990209
3.0407121164261666        0.7958595938874189
3.0592490752485473        0.8129455311236317
3.0599641006565754        0.8136055112969346
3.0599697974197295        0.8136107697785979
3.1057565727361167        0.8560158157343921
3.117833095478748         0.8681697144511025
3.1180514757801427        0.8683869660722315
3.1366711051005938        0.8867231754574026
3.1672553305976026        0.9136308489442236
3.2186455539069896        0.9498545616877323
3.227113403639483         0.954741805485748
3.2274581462023297        0.9549342921253813
3.2278829282334485        0.9551707712325799
3.232702846314864         0.9578001137637155
3.284462190619752         0.9852606106617399
3.288899966926173         0.9873919151014956
3.289089915654533         0.9874823542073288
3.298036406325198         0.9902561966161044
3.333672136242375         0.9969772483140217
3.3343158771991726        0.997035041782872
3.3349789416697933        0.9971179643943485
3.344925079337377         0.9981359947780807
3.355242744750618         0.998744599994084
3.3698328615297157        1.0009763861522911
3.3829585456828197        1.00173913848852
3.3853246640447727        1.0017511879493544
3.3889370898204882        1.0016956707938818
3.3999414015443747        1.0009760712379099
3.418819034692666         0.9978110459588294
3.428164056497849         0.9953416342457275
3.444120254760511         0.9896614328653394
3.467241397189876         0.9794607680863153
3.497868217343521         0.9613905377696806
3.5056924353770276        0.9559410838423502
3.5311656352107583        0.935850700623026
3.5355376990442995        0.9320411921427626
3.5797336046384887        0.8875882500836528
3.5828503056245067        0.883356437091933
3.587502418795489         0.8768806472413125
3.6116797633689344        0.8401549137415172
3.61573427999462          0.8334917790908177
3.628057142174561         0.8174542167985475
3.631678668237485         0.8129837012606299
3.648686221460253         0.7909655961862059
3.6665080802177585        0.7600794524088229
3.682028953867194         0.7319069752534294
3.690163758299583         0.7166674556650184
3.7219852149296195        0.6565176673868152
3.7311341913737364        0.6385009511816537
3.74274052034348          0.615180380026205
3.764952037760983         0.5691018492297647
3.7753374461599725        0.546903937438633
3.7983553970776986        0.4962218772885586
3.7988943252222422        0.49501074885176555
3.8253513396476446        0.432667089478797
3.8387484142647366        0.40066423824014336
3.8404822787891333        0.39650107763080605
3.842015631059796         0.3928152941395483
3.862688960884988         0.3427489405675217
3.9060730321583694        0.23542411594798973
3.9092977648214156        0.22732455816968514
3.912015283436692         0.2205364118978367
3.9129239393437714        0.21823368494168438
3.9289534028911857        0.1782531726616139
3.933155897384633         0.16776254779028968
3.9362820378458716        0.159956435899769
3.9469051699591384        0.1334148692272655
3.988240134728101         0.029918223836517443
4.019904335650073         -0.049603741442097705
4.021147266196856         -0.05272949416064676
4.026867767103724         -0.06711967954381871
4.053483224973427         -0.1350600111177037
4.0664654720570566        -0.16791629884657355
4.07635032126996          -0.19280904658600634
4.083915601483397         -0.21165659631095413
4.100809648730765         -0.2535872228209074
4.10754478919483          -0.2702428742244277
4.123456085065988         -0.3094529992593613
4.126523715949826         -0.3169903008732557
4.1327126136252526        -0.33310450685473336
4.139749692689974         -0.3512681821771392
4.178552040792455         -0.4422795885448896
4.185110699294977         -0.45721574835181383
4.2119740621689195        -0.5170424533334518
4.23170562192116          -0.5596039360716125
4.237921082273518         -0.5727683947123645
4.259268536808838         -0.6170981246806586
4.270815427258669         -0.6405051702297587
4.304396543792047         -0.7032702180535398
4.33271120677069          -0.7525993725385534
4.336038337019155         -0.7581800151938456
4.3449775894556515        -0.7744183936830321
4.371480879451976         -0.8192206983123944
4.386771255782448         -0.8394904129103856
4.411282823722818         -0.8701588423921598
4.411745568899608         -0.8707161979667875
4.411993900837497         -0.8710149721320934
4.432266005826543         -0.8946265055445741
4.436445025596218         -0.8993027529539191
4.462076430709151         -0.9265542224545269
4.479486100065684         -0.9407313008487062
4.482902732848348         -0.9433057537411105
4.489408566751209         -0.9480194298237422
4.515208610345182         -0.9642784160392367
4.523211222068765         -0.9685316674042105
4.524707048274194         -0.969285183745442
4.528883030179976         -0.971319652419801
4.534348036516654         -0.9748073247511135
4.54558018693116          -0.9813986528016301
4.551410455498615         -0.9845140433676319
4.587309405729117         -0.9990890291942063
4.616311208193506         -1.0050745326876915
4.623471384173346         -1.0043258397699681
4.637325081296091         -1.001778847763931
4.644303672594944         -0.9999473170131818
4.665449532809772         -0.9944917159321912
4.673313541888819         -0.9920163121485197
4.67753008248662          -0.9914280805408604
4.685745409981832         -0.990139353221392
4.7065432304107855        -0.9860340771565392
4.714776373497308         -0.9818628201174014
4.733504855957653         -0.9718558588449108
4.762317896233689         -0.9550544453867691
4.771531630974601         -0.9493220996103556
4.783918082602155         -0.941341205526465
4.792899972067447         -0.9357064234191405
4.827570031273113         -0.9116339849991297
4.846453747669652         -0.8969707265142999
4.857083602178779         -0.8882352319323339
4.864100638319835         -0.8822787064291581
4.890309546370544         -0.8600799355891482
4.916287030555987         -0.8368577606284998
4.919036677136625         -0.8345106187356892
4.921558893707106         -0.832347609105434
4.939864908047264         -0.8163617774311267
4.964742313419194         -0.7938290551959948
4.969469626799622         -0.7894419782105717
4.972032492571902         -0.7870495090043579
4.972760171183237         -0.7863684095758716
4.97329353784426          -0.7858686779434101
4.978932212358267         -0.780559400040047
4.995119718997101         -0.7653975011200941
5.016085971866874         -0.7452035864898752
5.018472171954476         -0.7429365050219193
5.03050410462462          -0.7315638848486282
5.0495510603170155        -0.7137608796125989
5.057846457256524         -0.7060839752849146
5.073285844446548         -0.69191968213073
5.077451089863873         -0.6880394084693713
5.091769096678874         -0.674988796257212
5.09297389834878          -0.6739109794184039
5.112493278454043         -0.6568888499684952
5.116197256270753         -0.6537522953824834
5.124435092577791         -0.6468834222060308
5.133929745463405         -0.6391496897820799
5.138091397388634         -0.6358216832867939
5.158818009891663         -0.6185332684894717
5.167979243538179         -0.6108645662150312
5.175643926697825         -0.6044441300777621
5.200835225498688         -0.583749402383811
5.203410393900315         -0.5816690663911392
5.229897572439901         -0.5606501968369852
5.249373251177984         -0.5456356241840418
5.261561792270766         -0.5364288395253932
5.277404602204448         -0.5246802030377132
5.290528056086432         -0.515317709590237
5.30392579147853          -0.5059732896601625
5.317675844166853         -0.4966076960521486
5.342127843253502         -0.4796386978541914
5.34470712115844          -0.4778612352581083
5.38288929712327          -0.4541200699138859
5.397191806724912         -0.44504034401811604
5.3994433603563925        -0.4436300630245931
5.4147562049059           -0.4342161018410976
5.42462473915666          -0.4282659187349281
5.426074017415532         -0.42739978985101845
5.452800442128261         -0.4117811219156394
5.464182934649257         -0.4053330938989472
5.481577303168486         -0.39571458602209764
5.519591508054319         -0.37568356333172037
5.534509442926764         -0.3681937592909214
5.537962324318634         -0.36648998239244485
5.54839840143107          -0.36140854086266394
5.549930062329763         -0.3606683408905047
5.553132282239724         -0.3591262994864729
5.5583342742493524        -0.35663707404209366
5.567274808513084         -0.35240464085570844
5.613259388515301         -0.33154922395892394
5.622622980352613         -0.32749001279322637
5.63290070968584          -0.32310753384595503
5.636943512011543         -0.3214046031167791
5.668902362667374         -0.30835891195373155
5.678578633849144         -0.30446859918018837
5.697099598232584         -0.2971869641450619
5.705355623410991         -0.2940107570524564
5.714102309536564         -0.2906451815999641
5.7259763974702675        -0.286280651823996
5.749421556374623         -0.2778055115975775
5.74979527567322          -0.27767489632514786
5.772583622453245         -0.26982658507890306
5.795328215655197         -0.262238771251862
5.79694908623254          -0.26170739264844484
5.798490301636178         -0.26120328276078947
5.819508183833948         -0.25441977817384853
5.820154944848797         -0.25421486445468416
5.845413134277424         -0.24639104633201725
5.8557251249691005        -0.2432970743126409
5.863806020023832         -0.2409131163867183
5.864350422213937         -0.24075379420909335
5.864957876989079         -0.2405754943207443
5.865369514130537         -0.2404547476434976
5.872928504540388         -0.23824849189469838
5.878969981356727         -0.2365002170995097
5.884985822491876         -0.23477265673858014
5.90559166393495          -0.2289548283538444
5.909800198247764         -0.2277869001372196
5.916886274180819         -0.2258359738789986
5.923445935111725         -0.22404738259936835
5.930826496866583         -0.22205496402767858
5.935048875022124         -0.22092463778786794
5.943929177484809         -0.2185700125899978
5.950906678917772         -0.21674143063913634
5.955967760460684         -0.21542692760251808
5.975835783410633         -0.21036294924507834
5.989841033969083         -0.2068741468304183
5.9942743762883905        -0.20577386098835201
6.007303497628431         -0.20258185226644507
6.020067949697816         -0.19957087592505712
6.052435233879984         -0.19214460582947487
6.069483204592822         -0.18835355881744043
6.072364776033847         -0.18772097609303726
6.074799788528816         -0.18718827530791438
6.087702009454348         -0.18439397401204444
6.103899245773478         -0.18095341518364014
6.114064994173827         -0.17883234503692613
6.129531627359816         -0.175661911123182
6.143099919422529         -0.17292644569387822
6.146116818370876         -0.1723240408708864
6.146428107851323         -0.1722620041586827
6.146976394930327         -0.17215279117786575
6.173624020253069         -0.16692921592634563
6.201079011436708         -0.16173508196027372
6.221311524931549         -0.15803679213393623
6.234117292902107         -0.15575279383144325
6.257511968926662         -0.151693810239977
6.267765834348494         -0.14995004445259172
6.277358008856543         -0.14833744330043427
6.324408726413967         -0.14068837569890266
6.330386072264133         -0.13974766721069914
6.3334052896512185        -0.13927516527076114
6.336442822724974         -0.13880159817984677
6.340814385814493         -0.1381192119246428
6.381280180191919         -0.13196798132985998
6.393327012352872         -0.13019995668764783
6.4098014947252615        -0.12782045694499133
6.417756243988273         -0.1266873647767023
6.427842862860379         -0.12526545237120673
6.448970090147965         -0.12234095100416023
6.452188627087921         -0.12190182381763216
6.472587058241423         -0.11915132321205123
6.486049644299881         -0.11736943075977406
6.488755203766418         -0.11701452980874258
6.520373640361885         -0.11294647602353634
6.5218134404051336        -0.11276471619603337
6.529036063476829         -0.1118560386532913
6.530114566887983         -0.1117210050738546
6.5328272339307984        -0.11138277046202233
6.548065925952239         -0.1094977486722429
6.563048888750589         -0.10766926692796594
6.574760655718416         -0.10625707746407423
6.583028386229648         -0.1052694071313138
6.5870051092638535        -0.10479680563145045
6.5981108418064265        -0.10349574593622386
6.613552997729702         -0.10170563106697625
6.663816058370053         -0.09605688718536844
6.688501743104306         -0.09338231032859493
6.700793116650429         -0.0920750873561227
6.743298992842163         -0.08767996595097917
6.7619233347231456        -0.08581554751725319
6.781928816117837         -0.08383964930229793
6.782303445641194         -0.08380296364459783
6.782455073592031         -0.08378811875194812
6.816784641395882         -0.08047608182989985
6.8199235313020985        -0.0801781119391507
6.833418337669512         -0.07890635248310279
6.8357403748860674        -0.07868904076436105
6.843249683932718         -0.07798932215891596
6.854258261262507         -0.0769719702032082
6.864885935134406         -0.07600159128906864
6.876370742654918         -0.07496139265775979
6.878156927530522         -0.07480040285956747
6.879156558973013         -0.07471039811888457
6.8930958227752415        -0.07346225824608926
6.9224685948840365        -0.07087447397689646
6.936774116814312         -0.06963490836555877
6.941273843158752         -0.06924782255750032
6.970578631042839         -0.06675983075062901
6.98954120114783          -0.06517780192115646
7.046197851158374         -0.06058521272307184
7.0477609582614384        -0.060461358206990085
7.05319648815541          -0.060031859761428434
7.0534073437175975        -0.060015180884841195
7.054403101164679         -0.05993644663104389
7.055639761306953         -0.05983929003951145
7.056671437257349         -0.0597582927487657
7.059831839595286         -0.05951047958978656
7.073595875826437         -0.05843668868606332
7.1259076532137575        -0.054436839758324244
7.132122398294051         -0.05397019574405678
7.134880298790736         -0.05376369582487804
7.143094081951746         -0.053150799934591604
7.183401671223984         -0.05018908211664055
7.196175545120564         -0.04926641603162441
7.208180762177634         -0.04840516525586556
7.211063074260279         -0.04819934640922871
7.214917252294752         -0.04792470827377779
7.2497462323271264        -0.04547134293148404
7.261490786623109         -0.04465672642048398
7.269920830203075         -0.04407594906112858
7.273304667968459         -0.043842270253708314
7.274220299436495         -0.043779107243141144
7.283348482132927         -0.04315100269965092
7.285920051777523         -0.04297457471972027
7.2868156940288475        -0.04291318097060291
7.312356995870902         -0.04118531269281336
7.318277489911247         -0.040787364449608184
7.337496560891722         -0.039502221356460185
7.358153494210797         -0.038131628883713194
7.358543641541714         -0.03810586750124361
7.377325429557839         -0.036871189056671326
7.415366321694217         -0.034406737410042444
7.415800557682902         -0.034378848535637094
7.439211728737886         -0.032883374858598984
7.442443515890371         -0.03267818396848599
7.468775984535909         -0.03101761017486495
7.497644336848586         -0.029220276409772802
7.513140806394179         -0.02826224585486568
7.515954802214745         -0.028088971799867146
7.561412355199458         -0.0253211626841065
7.581412959876041         -0.024112819116774358
7.584408579023904         -0.023932413210659618
7.603263685442315         -0.02280033927771732
7.613248020011275         -0.022203278190047807
7.649480455963694         -0.020050575097005228
7.680024133032002         -0.018252900604946165
7.716579170361143         -0.016121912570343934
7.733422217622525         -0.01514804249960833
7.738846257050098         -0.014835501372741138
7.744085920154788         -0.01453293936020853
7.753111976085171         -0.014012234830716211
7.80137437318181          -0.011243613491981387
7.8149519331793345        -0.010467216856152609
7.8292169118718595        -0.00965245748386666
7.841777286309538         -0.00893686559152772
7.841805366292477         -0.008935266960176234
7.841855101130982         -0.00893243550111457
7.84194387038578          -0.008927381809391248
7.85186091030618          -0.008363117785246801
7.884712627603651         -0.006498431175424264
7.8968166645378695        -0.005813149825571784
7.924106792719415         -0.004271555792058581
7.930481512056275         -0.0039121448962998245
7.9312370256882545        -0.0038695658853300226
7.931945765611224         -0.003829626274983746
7.937933156826649         -0.0034923480160080943
7.951778227944756         -0.002713319711960201
7.960472303320158         -0.002223656013080674
7.971654694825556         -0.0015941502477856613
7.981201467876537         -0.001056991029216134
7.9826062451499755        -9.779707824318193E-4
7.984163821829139         -8.903617083125642E-4
7.992547447036631         -4.189215137195998E-4
8                         -4.222193465855372E-17
