0                         0
0.018746961224988243      8.762425861754157E-4
0.06554659348526931       0.003068549792564163
0.06879079757020283       0.0032207807002171815
0.06882357587944599       0.003222318958810796
0.10263956200622039       0.004811091449830611
0.11109167100990555       0.005208903439801021
0.11114094603022934       0.005211223179825223
0.137647151758892         0.006459961464192445
0.14538873452421736       0.006825013558051104
0.15676881862369024       0.0073619147986791695
0.17000342037342295       0.007986765626828077
0.17208707889232286       0.008085179458578957
0.19763512970437763       0.00929266867707435
0.2086893344896292        0.00981505630702164
0.2356535949874718        0.011094023387192996
0.24395173495645753       0.011488967286452358
0.26819948797096116       0.012646654304102558
0.2726691933036069        0.012860647243837927
0.27829872601803185       0.01313043015373946
0.2947184541039582        0.013918934605065774
0.29805290722860917       0.014079297051785209
0.3324802636130814        0.015739657116825793
0.3387553650628646        0.016043207734074427
0.3775127695929449        0.017924307230900285
0.3846108272982824        0.018269979724278518
0.39135887964206956       0.01859907754218864
0.39357859386342153       0.01870740152559094
0.4000149697609314        0.019022341717941933
0.41005419005200217       0.019514723747070115
0.4131429222009501        0.019666469331388103
0.4388652997060612        0.020934858680697492
0.4579877239411851        0.021883215804747627
0.4632259386159905        0.022143805693188152
0.470588723905509         0.02251067438869095
0.4916151918577153        0.02356213957286598
0.5229817712508387        0.02513857339312963
0.5480563586291283        0.026410590941560896
0.5750396203521274        0.027791155407245017
0.5811124454786356        0.028103538884904952
0.5867653237416861        0.028394873569788703
0.5919251055956427        0.028661260879049365
0.6141516515433806        0.029814459989812754
0.6401972058136887        0.0311767270516002
0.6551752537340657        0.031965465889890715
0.7183807274218834        0.03533677658156623
0.7222655785743777        0.03554625465702829
0.7226544230156108        0.03556732448400434
0.7254551797309865        0.035719173717160685
0.7262916527255818        0.03576455497105585
0.7263910338677685        0.03576993787607766
0.7292764817544957        0.03592634364332307
0.7296901706567988        0.03594867890487165
0.7340968358672878        0.036186881771481064
0.7358009462805855        0.03627913735469681
0.7731747905717523        0.03832565654729767
0.7817006126036108        0.03879738381387182
0.7982431004475312        0.03971776946315466
0.8010645432604657        0.039875376381345196
0.8327125766376716        0.04165579519450843
0.8466142316441595        0.04244514162498551
0.8529821276933668        0.04280820012548539
0.8620761356983286        0.043328141610753386
0.866827830411183         0.04360053852958973
0.8866219098313007        0.04474059982593165
0.8895585608650434        0.0449109840459601
0.8961029525405463        0.045291668712400986
0.9090032323200106        0.046045224739424274
0.9293665221302159        0.04724456868840391
0.9333038697338126        0.04747785859847874
0.9429728627052216        0.048052663491524844
0.9572918940608091        0.04890889707571581
0.9713691463712507        0.049756482572000625
0.9816343335007679        0.050378176777658525
0.9924065170972183        0.051032518426813805
1.0059126387697195        0.05185896563202527
1.0259349802011828        0.053096501864298006
1.0279880592112716        0.05322423240926748
1.0311640929381412        0.05342213233912289
1.0489146794369606        0.05453641701386835
1.078660550103889         0.05642316791267309
1.0855340969607488        0.056863728611692956
1.0993445252116014        0.05775344493808471
1.1095348942197514        0.05841382760828339
1.1240206195937839        0.05935824452854733
1.1318907296469478        0.059874140791148875
1.1348578972180607        0.060069153161258874
1.1440436430580307        0.06067464416678354
1.161190482040565         0.061812070560662104
1.1662539115312782        0.062149736039409396
1.1956675150598364        0.0641391249826209
1.19936395825985          0.064391695027273
1.2011045044049726        0.06451082084646648
1.2240684633807688        0.06609438330013821
1.245052982033907         0.0675607451007796
1.253854154859846         0.06818146759434529
1.2610894804801862        0.0686900490135266
1.2722319057923488        0.0694798938501111
1.28211812428995          0.07018618201770854
1.294579792207848         0.07108382049947909
1.3070555614350958        0.07199069222279833
1.3102007163027103        0.07222061324614745
1.3230998172073472        0.07316904574012453
1.3421194840396806        0.07458354024421116
1.342901713780951         0.0746421755009738
1.3620195064721436        0.07608386419838786
1.384050890142522         0.07776584748256075
1.3866319455609728        0.07796433981686693
1.3944864374133608        0.07857023869401761
1.4103021534800209        0.07980160857534647
1.4140789976181498        0.08009738344324682
1.4493590776351046        0.08289228576493513
1.4538924896775955        0.0832533303317681
1.4570510982145977        0.08350530346380693
1.4719963722672462        0.08470220597753803
1.4953373800906054        0.08661228405038669
1.5046876671680425        0.08737971087635452
1.5374414507344392        0.09011542623875506
1.54749581352183          0.09097000981288926
1.5666992467769134        0.09262155876347922
1.576256549245114         0.0934529695165203
1.6157711896143625        0.09695714086599569
1.626885310482436         0.09795050991565905
1.6460424301006016        0.09968349814454938
1.6572187262525848        0.10070665334442544
1.6664486114099533        0.10155835801723
1.675531545914379         0.10240245248957859
1.6825495700728146        0.1030586929098993
1.6959948944831484        0.10433018813495958
1.7250062846716445        0.1071092504700185
1.7483996853537045        0.10939256654232186
1.7525251996757436        0.10979851551405144
1.7701759644612691        0.11154644040003915
1.7812864194995432        0.11265591501820156
1.8080188434602391        0.11535458340676999
1.8198924863914683        0.1165816178591322
1.8201949574098053        0.11661296423451911
1.8347806748540796        0.11812977556851718
1.8572122094172656        0.12050013227260002
1.868177648964798         0.12166913471468126
1.9000638100088174        0.12510679349198442
1.9035010953862097        0.1254788296086843
1.9326318531804123        0.12867707366786435
1.9391405226689493        0.1294027225506885
1.9590447060575777        0.13164691388703317
1.9656651226733444        0.13240174205309738
2.005583482707325         0.13704167445180096
2.0170249057424035        0.1383996099804923
2.0179681246723806        0.13851139624526493
2.0273765459670887        0.1396287900298574
2.028957713956158         0.13981699681190346
2.040854460964934         0.1412466870678781
2.0741843106359594        0.14530257806204555
2.090972476612512         0.14737369734354253
2.101022484309103         0.14862257736160236
2.1040195918687017        0.14899632715801656
2.13397809098546          0.1527701521697032
2.1491123388355184        0.15470798661808202
2.1581239624174113        0.15587187267195063
2.1886148758107007        0.15986530576336552
2.1955546346183645        0.16078616536035967
2.220382941639198         0.1640771626498571
2.221814355815193         0.1642675024708804
2.222086026789214         0.16430363490216746
2.222362733571942         0.16434015232696994
2.266206794048505         0.17023159641704394
2.271381961731759         0.17094080343769044
2.2829372460501474        0.1725348652431072
2.2894239887642494        0.17344160960127733
2.3294664192384587        0.17908447037246766
2.331077260942415         0.17931311421492482
2.3368329672274992        0.1801311194551766
2.3583199864510647        0.18316661650553578
2.3606963421615235        0.18350411769650316
2.399207953831987         0.189023437763387
2.4109913749034395        0.19073090041279187
2.418216458309314         0.19178217902507028
2.427295162393758         0.1931010056736533
2.4360626027081236        0.19437777932105482
2.4631314203440837        0.1983393326801531
2.4883546186444696        0.20203129475460724
2.5035526753312785        0.20425597421899552
2.5092012902681056        0.20509085286384493
2.528889129113956         0.20799491012741445
2.529514120176738         0.20808695058200607
2.5301849856977943        0.2081857366241242
2.5464946132346307        0.21059862134487994
2.554354852406126         0.21178525056985317
2.5838556370190107        0.21619588638107848
2.6046310632225134        0.2192612696224427
2.6325420197512215        0.22332649824900735
2.668934708549113         0.22853583192618535
2.669660070704885         0.22863861200445448
2.6720094484422416        0.22897122501996106
2.675323175188286         0.22943963388502867
2.67639852795433          0.22959145535316836
2.706145730443014         0.23382330859849978
2.719133970715628         0.23565338514122283
2.7202996347986548        0.2358171059512881
2.7505710636730774        0.24003857394935538
2.762770317470387         0.24162330458872883
2.772672841634188         0.24291461635213288
2.79737168159999          0.24606123409588965
2.7993862713984887        0.24631322119795546
2.8049976897093685        0.24701138980235154
2.8252757999312856        0.2494888164321522
2.8329275310666118        0.25040510035375624
2.833046688230691         0.2504192888957876
2.853355628964917         0.25280155479860267
2.8535284730860306        0.2528215224137029
2.8686321436165443        0.25454633234013496
2.8877812823921842        0.2566762037923421
2.893420534827193         0.25729130068487066
2.9317255061408485        0.26121462587438465
2.944502013780453         0.2623058724951117
2.948667740014342         0.2626500596340833
2.9624287748761007        0.2638621542463107
2.9680407665823356        0.26433289710850616
3.002086701706529         0.26689600528046875
3.0078186420787336        0.26727809664948854
3.030147884752753         0.2686307221454791
3.0390402479970664        0.26910919903189434
3.056471470828149         0.2699476531170669
3.0702880323172397        0.27050698905456183
3.080460976033047         0.27088189472061824
3.1058084673938704        0.27167980092138266
3.1065625122213163        0.27169345092195724
3.1473696009650656        0.27132962787691095
3.154713821209524         0.27132350496985896
3.159058093094842         0.2713009082600989
3.182101899471696         0.27094520509530196
3.1972612197337904        0.27049479417174693
3.198670926787421         0.27044418092431277
3.221676575002926         0.2694083059831295
3.2351858828087554        0.26861568783855333
3.2365029614136525        0.2685311150976268
3.2578423008952146        0.26698019984612253
3.266051900452925         0.2662928870190181
3.276117072124345         0.26538148975621356
3.295983549040786         0.26336038269769535
3.298897134207941         0.26303916846686864
3.3156579444079863        0.2610681129654612
3.338368515702891         0.25788961760016527
3.3548813742310197        0.25530807414050966
3.3583023357416733        0.25474772567302806
3.383960891280575         0.2502655392092905
3.399416681482969         0.24732771841879453
3.4262247799731163        0.2418078640436698
3.4435388875054667        0.23788595353856073
3.447631093725886         0.23692197045903074
3.4496491292142624        0.23644137743799182
3.453571238107806         0.23549748130930365
3.4550283417531227        0.2351435003941804
3.459659470756362         0.23400651821361873
3.4673867370762554        0.23206903288758182
3.476767018192161         0.22964923512052224
3.4948932992990684        0.22477533435828118
3.507362987558151         0.22139881034147024
3.5291964282851747        0.21504415203845517
3.5475147437408707        0.20927892561090486
3.5504188165936696        0.20833728753938507
3.554574504541485         0.2069802286359992
3.5598139641033693        0.20525152956097292
3.575560705889445         0.19993705061033396
3.6040140092228983        0.189881180124673
3.6121801245901217        0.18688743422453613
3.640388060506597         0.17617669037127942
3.6537144506857535        0.1709172143941722
3.6697857446387583        0.16440425167538558
3.6765868401127095        0.16152688926280148
3.6789888753382383        0.16050375982008747
3.682223719832967         0.1591202161851814
3.687431843220409         0.15687899116019371
3.6908116057539986        0.15541551989473512
3.713054896485483         0.14560625420817663
3.7250597768516585        0.14018392872003396
3.735948600490262         0.13518797778021566
3.739084262036342         0.13375343337374562
3.7672108699120233        0.1206420911265261
3.7723120358671585        0.11821720105519218
3.777212627629469         0.11587407674072468
3.7834135454921163        0.11289015475922072
3.8092993515379336        0.1002036264146802
3.8219951216871975        0.09397634549360247
3.8278278531324874        0.0910982899222279
3.8369171207171062        0.0865918974107563
3.845430970677454         0.08234708155357051
3.8557060115381487        0.07719363138736263
3.8875216569023427        0.06079142321006936
3.890404650172268         0.059286504040662776
3.8982650574158875        0.05516765907069977
3.9012313441370052        0.05355340608350118
3.9171192578334812        0.04491024811940572
3.945683557549134         0.02938393023644737
3.9500099337609877        0.027049894955648628
3.9547607401613702        0.024489369797427638
4.003587256512659         -0.0016756876288701456
4.010905817028647         -0.005573857542191975
4.025131334113004         -0.013116866759058748
4.0259104747636805        -0.013530359364355303
4.027557784743768         -0.014404714518970267
4.07204446485848          -0.03807994899232755
4.120500108351443         -0.06400500787068654
4.132783565604578         -0.07050355597586079
4.141535547206437         -0.07509325660025669
4.1437181095134665        -0.07623257929339826
4.173544944144111         -0.09150796232420125
4.175835803881364         -0.09265855730927881
4.177937515115541         -0.09371131140628669
4.214208819101843         -0.11145153227073613
4.215507938107918         -0.11207191295986857
4.22043323999605          -0.11441450776658199
4.223989866200837         -0.11610867034265066
4.22647273895001          -0.1172882048222742
4.236121953336637         -0.12184759912641857
4.246781405723966         -0.12683877541558097
4.274502789768052         -0.13959504943412362
4.281522674127095         -0.1427983780141997
4.298752920755682         -0.15048878876923708
4.30137905389955          -0.1516394341583904
4.306299216868315         -0.15373925274549116
4.341707545272017         -0.16835953211285387
4.357160755580504         -0.17446986328926767
4.372883791820184         -0.18051826028536075
4.379995484742334         -0.18319814916209903
4.386837291654728         -0.18571683132986544
4.406159895708873         -0.19270714647272094
4.419190828652202         -0.1972873205736713
4.456153704866126         -0.20969182042421228
4.456217207096771         -0.20971238397601202
4.464111870392717         -0.21224889559782636
4.4710776379186665        -0.21447493434112821
4.538829925105147         -0.23292791917123015
4.541156082735436         -0.23345847445127996
4.544331359170252         -0.23422740548607468
4.54609825452252          -0.23465227750353101
4.551728063675181         -0.2359917159778098
4.5593740086391445        -0.23777592695988514
4.580792697486833         -0.242559994875868
4.588766243758438         -0.24426037345292165
4.614268892909549         -0.2494053065021483
4.614614204945275         -0.24947190091433646
4.6162536567239965        -0.24977777057604642
4.661818394187788         -0.2568931247106442
4.6772857000880075        -0.25898128181298485
4.67778160409487          -0.25904548724009907
4.678427372103962         -0.2591288402377524
4.690595695325326         -0.260645429466585
4.69705636928981          -0.2614089331923647
4.720839679083891         -0.26397025463139806
4.732653173208917         -0.2650967382638509
4.740371150623698         -0.2657804411530235
4.777859081855624         -0.26851393714819
4.787384522208104         -0.26905327837697324
4.787939576955738         -0.2690827668139572
4.802274754215093         -0.2697560347541383
4.817426491593529         -0.2703082849286855
4.8204287855324655        -0.27040410248941965
4.846788406244154         -0.2710329910773898
4.864201244241253         -0.2711528046844857
4.866863719565582         -0.2711536388968672
4.906458306015867         -0.27049411206167656
4.908156444379247         -0.2704523381612917
4.909703512534486         -0.2704133148364193
4.9263346160695685        -0.2698705858843503
4.930672552651221         -0.26970725106390747
4.968920028924429         -0.26800090417225914
4.976308175766318         -0.2675770171183738
4.988313085091614         -0.2668231494700388
5.0257669277963455        -0.26395320196081684
5.0382137017561615        -0.2628257801401167
5.052067683306453         -0.26162657873124956
5.05321680155153          -0.2615252776252925
5.0630231600273           -0.2606493684375172
5.094762444980106         -0.2576741732258098
5.119012548491627         -0.2552566178575724
5.132312512364121         -0.25387760154753963
5.138194016925987         -0.25325577648379605
5.145791760380723         -0.25242066398119956
5.160883779789257         -0.25071565160931164
5.1694644404896195        -0.24970681897647326
5.200660269960303         -0.24592041576276874
5.207533280719318         -0.24506117428260488
5.232984229057913         -0.24170910708500526
5.244999523123076         -0.24006759441887177
5.250693354509757         -0.2392860852339261
5.259959449102502         -0.23800927886006723
5.264200247682931         -0.23742106769097504
5.314009818362083         -0.2304412180365853
5.368001010100168         -0.22272735382686332
5.376439856704528         -0.22150775684019405
5.385973808620178         -0.22012536696009877
5.391154809189669         -0.219372126021239
5.395046130292222         -0.21880545286840786
5.405018891196055         -0.21734951850797476
5.429936124234228         -0.21368885954751907
5.455784157964915         -0.2098489360297961
5.473222923030415         -0.20723317748134587
5.4837644185558005        -0.20566994958621246
5.505168275334447         -0.20249491812459974
5.505212009685941         -0.20248845620132594
5.5101159470909975        -0.2017645421689478
5.529255764869849         -0.19895170051428368
5.53065535391088          -0.19874679740913417
5.5374094930733095        -0.19775947846702785
5.554488858142929         -0.19527239634316257
5.577336381586928         -0.1919926597672254
5.5895760807805885        -0.19023030852234463
5.589763784679114         -0.19020325800620652
5.638193275135932         -0.18320003961791073
5.639446490494953         -0.18301818417209476
5.6512892793843506        -0.18129808896675176
5.653365438876261         -0.1809962455482241
5.656854666842053         -0.1804903825024724
5.661252508467233         -0.17985467514147532
5.666201777087923         -0.17914177331937972
5.683880382429895         -0.1766210436901049
5.726680159379042         -0.17065567713491409
5.743378799063237         -0.16838094790342775
5.746063744901971         -0.16801795866907118
5.761659010901242         -0.165924690385469
5.7926624049278175        -0.16183990559976266
5.809166648265894         -0.15969022867137214
5.819242132011596         -0.15838344646111996
5.827005302421896         -0.15737950486956656
5.842615465217399         -0.1553685156187812
5.852936127804357         -0.15404462237619138
5.899763929643949         -0.14809446501222515
5.90179683388912          -0.14783826023975752
5.90634986058644          -0.14726508270357105
5.907873144197538         -0.1470726501526002
5.91925071431131          -0.14564987212333852
5.927806571076767         -0.1445884967805461
5.983429823328741         -0.13786713921883434
5.990490730896366         -0.13703609308752443
6.0456897825882905        -0.1307115163400858
6.055237715199388         -0.1296485079137147
6.06075638291582          -0.12902893552034103
6.063279554716491         -0.12874624122856415
6.067441764453551         -0.12828070346718354
6.077355417567686         -0.12717585161472625
6.083059966899061         -0.1265426333186812
6.084764422879554         -0.126354663124236
6.134924967866429         -0.12089809267785258
6.16600828430943          -0.11762984065448862
6.166090181326367         -0.11762130116713886
6.168097438329318         -0.11741211996853883
6.171171076607434         -0.11709460491660942
6.200598858545991         -0.11408417878315663
6.201106949947631         -0.11403267146116032
6.237676578554899         -0.11036733856976916
6.238933105898763         -0.11024286632443046
6.246242965504581         -0.1095193588262312
6.256661014440351         -0.10849524370825188
6.278077576820998         -0.10641590933369881
6.322411236182101         -0.10222253008883522
6.3228194073501855        -0.10218461775573727
6.323049373997153         -0.102163263254618
6.347373143671691         -0.09992731713767003
6.358256214738825         -0.09893069766849569
6.370235075955748         -0.09784282758766565
6.386004037694571         -0.09642529033774319
6.390335816489223         -0.09603878101262672
6.400746461704713         -0.09511497386980966
6.405051806906885         -0.09473510180426126
6.408394556835434         -0.09444103958590581
6.421146341904365         -0.09332630747830559
6.433234021486401         -0.09227993565959036
6.438457413414206         -0.09183087556495297
6.461344235705877         -0.08987473359643147
6.476652212148891         -0.08858384129465224
6.492460530202376         -0.08726546542797768
6.499496565994386         -0.08668348334865239
6.5040713478313235        -0.08630667099168146
6.509583754093415         -0.08585429181601995
6.522143303655996         -0.08483152728019269
6.54177817261443          -0.08324827492863765
6.569970960843929         -0.08100840005394712
6.585500876788897         -0.07978708293411702
6.588950176874103         -0.07951725601141903
6.592571045710351         -0.079234569373773
6.596283606083697         -0.07894757091828578
6.599247645051129         -0.07871889114191952
6.627138496384681         -0.07658683429549043
6.629903924643835         -0.07637738379344669
6.640163182280881         -0.07560342732587201
6.650671044983405         -0.07481572716193202
6.667003328229757         -0.07360147762052144
6.671460299999997         -0.07327224469478157
6.687755318851413         -0.07207630989618516
6.727698648321425         -0.06919634635443683
6.730146463558007         -0.06902226926075394
6.7338092268915615        -0.06876231780193491
6.73496683321467          -0.06868075318610263
6.736519320829415         -0.06857015720386639
6.736958780075405         -0.06853893037194982
6.737508604592101         -0.06850032703061924
6.738750375759262         -0.06841296497479915
6.739167988254589         -0.06838353319195616
6.7470508529503785        -0.06782918691876572
6.750958169797057         -0.06755506438685317
6.828450023886095         -0.062237167417349276
6.845451511182544         -0.06110065212924671
6.857666484986458         -0.06029081788354608
6.890794897231393         -0.05812270714205352
6.920688586939736         -0.05620172883728048
6.956955537753471         -0.05391633183735775
6.980703101347943         -0.05244666150733526
7.008449623668909         -0.05075637956498308
7.012927149993378         -0.05048632822045584
7.031329022817863         -0.04937726691133787
7.069200782293339         -0.04712186578682407
7.07710318083162          -0.046655847102503416
7.081606973963115         -0.046391187932840534
7.1061086217400184        -0.04496100164963599
7.117420394944043         -0.044306205105200454
7.126947247526809         -0.04375741806231794
7.141374119256145         -0.04293136145323184
7.147568943975479         -0.042578545890989895
7.166432066449438         -0.04151121829470879
7.1703243562038965        -0.04129184871014045
7.181360454472902         -0.04067226360590547
7.196228648468757         -0.039841982795087334
7.208127410425363         -0.03918111723166723
7.222054501515959         -0.03841165560264806
7.237915911309647         -0.03754065600394471
7.251389777034279         -0.036805224172081666
7.280593542947329         -0.035226460962844035
7.305421545619433         -0.03389728880682279
7.3102919744543495        -0.033637955003271124
7.319373528314651         -0.033155624359462926
7.339513266261089         -0.03209170110065682
7.354071073193091         -0.03132867827901735
7.359793620731067         -0.031029682530433072
7.359839047143381         -0.031027311185345314
7.386337378020945         -0.029649756414100073
7.398415034879794         -0.029025662911696403
7.398654986410048         -0.029013287789857015
7.427362266944491         -0.027539551522975554
7.455440471471849         -0.026110557899149074
7.461161177823127         -0.025820824212479623
7.463699950935576         -0.02569242280419686
7.466942488110841         -0.025528587316938096
7.497048210506573         -0.024015985281992412
7.510146684386752         -0.023362806012040063
7.534456022575756         -0.02215591388125446
7.545164885668551         -0.02162644915241013
7.5685558327051           -0.020474641765684223
7.576333104360848         -0.020093099300181765
7.576357222431705         -0.02009191720446935
7.61166202401545          -0.018368848472871537
7.613323448504257         -0.018288122282298175
7.639944471227215         -0.016999064703873676
7.642519524334946         -0.016874815351623905
7.655273092860834         -0.01625929697567216
7.680689711083181         -0.01503685093496042
7.693466172999368         -0.014424473634560786
7.704679417582882         -0.013887658031797638
7.712678211278801         -0.01350538996373232
7.719887045951692         -0.013161346152060525
7.7277379618275           -0.012787167377728163
7.729457057115614         -0.012705305157546014
7.729803529756792         -0.012688858390877952
7.757976108973612         -0.011353147549316817
7.770361619519955         -0.010766940577862929
7.781594048819737         -0.010235843229402703
7.785546824390055         -0.01004906698671786
7.795446376035493         -0.009581570292158286
7.81581929789991          -0.008620557509435451
7.833209959515985         -0.0078016047048063385
7.848517243579568         -0.007081815762432171
7.853932871698347         -0.006827580520541771
7.854650178424328         -0.006793919309010837
7.860093166512511         -0.0065384305281806
7.889273905721534         -0.005169871551190234
7.902507967104952         -0.004549931522112959
7.922662470273394         -0.0036068689074430236
7.925828316732385         -0.0034588500534496825
7.9424043677398695        -0.002684354061912204
7.944552667403047         -0.0025840407444289943
7.951253983552477         -0.0022712210360376892
7.964226130703896         -0.0016660790046549722
7.9822457464192915        -8.263560269057235E-4
8                         3.1768752927777427E-17
