0                         0
0.005417474067519523      3.1224293088055017E-4
0.025871333723782128      0.0014924166105329767
0.029651235454425603      0.0017107376109469971
0.03082639471120732       0.0017786270983331826
0.048094860088748845      0.0027770105069836303
0.05087809801053722       0.002938060572822422
0.061113892188727585      0.0035306722586649127
0.08612300436296355       0.0049807485386633476
0.09618972017749768       0.005565296640339915
0.1276714665455249        0.0073965481385777805
0.13738378251599204       0.007962475846112706
0.14405834079013777       0.00835225982559798
0.1540820703007036        0.00893752926954261
0.15606426247029695       0.009053315604311937
0.18125590669904065       0.010527399078105692
0.2005497617856496        0.011659508414798504
0.20802278834476076       0.01209873498529096
0.21519518171206897       0.01252067537910201
0.22217548993186803       0.012931676400119474
0.23431744663583817       0.013647443341204216
0.24913445672509738       0.014522362786897478
0.28739595397811224       0.01679641503520263
0.29236911392946646       0.017093583590244828
0.3151566195259037        0.018460139844636146
0.3163150590334264        0.018529825837229747
0.3207545041364869        0.018797073432390555
0.3696166417343794        0.021758674115507838
0.3721000301569735        0.021910191589612788
0.37279232519111544       0.021952447507351272
0.377891009788061         0.02226389105030335
0.3813120420977699        0.022473088245043585
0.39231383176918794       0.023147102632059383
0.4012630528252423        0.02369677653859293
0.4100851335949227        0.02423987785648197
0.41583215139838114       0.024594333792844265
0.4170219792979577        0.02466778330973586
0.46810827983602704       0.02784755906414777
0.4815823097287381        0.02869873009186629
0.5280534876303408        0.03167393804985655
0.5300470260514857        0.03180288100890781
0.5323767633760076        0.03195370616962806
0.5723473860694855        0.03456023163627165
0.6021055728834265        0.03652644139752111
0.6030350635422002        0.03658820810813314
0.6076028283401586        0.03689205655473855
0.6394885859234198        0.039027469286648436
0.6410775739607479        0.03913521899536351
0.6537521950123509        0.03999744487733987
0.658460952806697         0.04031901905986848
0.6707006620489032        0.04115806574339652
0.6799756861539036        0.04179692220779705
0.6960654386161053        0.042908243269967
0.6972806974063405        0.04299264197692485
0.7129009040656205        0.044083212431383516
0.7552696456502132        0.04709512641874327
0.7556006710655868        0.04711896799779931
0.755700681869668         0.04712617206114125
0.7558311974665245        0.04713557413070487
0.8055495846960192        0.050771469298995474
0.8255286103869128        0.05226303220647564
0.8307843344730494        0.0526585536476521
0.8367621099331639        0.05310984057640739
0.8781400838418317        0.05627528177326747
0.8926512399835919        0.057402631885667146
0.8979507153381425        0.05781708625349984
0.9192532920008722        0.05950845506905147
0.9261366816602224        0.06006009015590389
0.9315174872172264        0.06048821650037964
0.9548657373117948        0.06237077639880363
0.9787959662339899        0.06433975402631775
0.9798366336456594        0.06442650248413596
0.9813970165840621        0.06455669874711625
0.9916059299243581        0.0654122204628435
1.0069864489997185        0.06671326222388435
1.021461642644034         0.06795104377339113
1.0613429914319366        0.07142814168165408
1.0657331190483779        0.07181689067283821
1.109833997480259         0.07578797428745566
1.1136963624926617        0.07614131171730776
1.1144834877715053        0.07621343091105215
1.1383722308971453        0.07842012673096048
1.1408657438249152        0.07865486041208947
1.1493017453243883        0.07945296488149693
1.1524867276240471        0.07975566758862933
1.177259860452976         0.08213596790531569
1.1855250794215373        0.08294031293493424
1.2016690550790354        0.0845260989910492
1.209774748959313         0.08532963798002441
1.2114989132951286        0.08550119143900785
1.2151546502668757        0.08586566931250245
1.219253603571692         0.0862755221333054
1.2485750368921287        0.08924878161195784
1.249737949389158         0.08936838436111
1.2503444350793245        0.08943081083239736
1.264883131943113         0.09093774024716948
1.2681838237758467        0.09128264722799234
1.2727101781264658        0.09175867491586599
1.2979377196018806        0.09445067741892735
1.3153140110366954        0.09633709706938859
1.3279012977248916        0.09772183884141376
1.334027671348315         0.0984013496726926
1.3432849937183042        0.09943501528251972
1.344711188875275         0.0995949996270457
1.356865396764236         0.1009663837503121
1.3838631163247985        0.10406368254948833
1.384556951578721         0.10414396529209585
1.4017949926303186        0.1061588880126879
1.4298314154684975        0.10952276222694421
1.4377660488583333        0.1104929058895659
1.4570665218827001        0.11288610295966565
1.5083257322596417        0.11947180351823591
1.511048914586989         0.11983101049086994
1.5159636508117218        0.12048168312992727
1.5239604602506582        0.12154322702826069
1.5347561595049204        0.12298787739255732
1.5444130720846396        0.12429219362144345
1.5857567935515744        0.13004531451495274
1.5957537427902597        0.1314779652507342
1.6000520831166172        0.1320989284717164
1.6074639306127307        0.13317671188359362
1.6280922359268506        0.13622316360275422
1.6538314044619784        0.14012099839983405
1.663523786494741         0.1416150548652466
1.666368853530382         0.14205640046678097
1.6686753240634151        0.1424151233303293
1.669192392399983         0.14249565642394835
1.6693312894604722        0.1425172966759239
1.6731556628076876        0.14311432020353895
1.7224428994611525        0.15101298892092607
1.7272176799214232        0.15179870370846177
1.7292710098350963        0.15213769007271657
1.748959230845915         0.1554441747245435
1.782075543194538         0.1611766872046199
1.7935356919574714        0.16321187061690423
1.8230380650982672        0.16857273826743968
1.8286732618385184        0.16961646758078994
1.8299095677541743        0.1698463003395717
1.8568909164271685        0.17493829385195073
1.859687499702832         0.17547439478964513
1.8911093262470426        0.1816053624702846
1.9148541863363167        0.18636932072806783
1.9191890905698739        0.18725120174236695
1.9280460032404445        0.18905554049909962
1.9362047162061495        0.19074033687894645
1.9475086819315668        0.19311060350431145
1.9740271939277183        0.19883530134461122
1.9934224424127773        0.20315537653234825
1.9943933464947503        0.20337409978682414
2.019464150563385         0.2090948650406667
2.0549909838704203        0.21744180446967584
2.055618044945416         0.21759166108465566
2.069836840564945         0.2210132633271118
2.07568400604567          0.22243341635330416
2.084892761032584         0.22471844285543546
2.088379325105369         0.22558925785331324
2.089878789467985         0.22595756482960616
2.122766158451344         0.2342421794217504
2.126582423031213         0.23522912281669492
2.13077604085986          0.23632281224312796
2.132301852045374         0.23672225626172103
2.1588075757022125        0.24379018266766417
2.1617313749638294        0.24458476784428163
2.178824725290924         0.24928952341822913
2.194785871158241         0.25377422422231544
2.231244341632917         0.2643498950405953
2.248713913104243         0.2695474248858913
2.278895247553341         0.2786913108769677
2.2966349968875686        0.2841629897082526
2.2996576932440274        0.2851024879068818
2.3045803427099814        0.2866369893323041
2.3437457611272556        0.2993593826538705
2.373858196226992         0.3095485168081358
2.3749729680757867        0.3099316058596332
2.3756774421997404        0.31017391357146046
2.3767164483096836        0.3105315915749226
2.4168527264329995        0.324627851603816
2.4277520494025584        0.3285498249709899
2.456050924682061         0.33892028845735006
2.461809982461608         0.341063918043577
2.467123414616239         0.3430285978638576
2.4785439839008365        0.34727076560889575
2.48231358246904          0.3486767737377021
2.524651457374713         0.3649815158217096
2.5257679014828605        0.36542543715412856
2.53486875546763          0.3690708965202871
2.5530599653680914        0.37643005977759586
2.553894224532386         0.3767697833099144
2.580259620416512         0.38760686089566226
2.581299493071904         0.38803769751507095
2.5818619686292794        0.38827085281086837
2.591390650579318         0.39223262499366685
2.600308610927668         0.39596096790324065
2.602075384586554         0.39670195675491904
2.611772564769793         0.4007828241232395
2.6288181720830837        0.4080129170751322
2.633907665338332         0.4101857185116968
2.6621468883129746        0.42192395343621536
2.6753414760486525        0.4277533076435011
2.693096759679731         0.435647981891946
2.694040536383972         0.4360692397881073
2.70526931176736          0.44109377970494124
2.7276268696508503        0.45116699907509544
2.7313080019720686        0.4528418274608292
2.733681542236241         0.45392110413465747
2.7585045379135615        0.4651789031949032
2.760971685100344         0.46629486816382826
2.7742944817556943        0.4723119750582167
2.7999078448259547        0.4838364004606827
2.8260638154765534        0.49554577807029937
2.830155658712864         0.49731499525594686
2.8472574776576174        0.5052413620795376
2.8711135380629673        0.5159933960321477
2.8747283284917313        0.5175836796921566
2.8840301140873263        0.521655867742932
2.9013437666141364        0.5291587483115494
2.9197593794928913        0.5370295213446596
2.933391352771775         0.542782983733035
2.942149190056338         0.5464466104672738
2.94409324625118          0.5472563918843983
2.950243386425365         0.549809889495442
2.9837114742107342        0.5634846680682805
3.000268266025348         0.5701116170034092
3.030983335639313         0.5821248841564544
3.0365168084697607        0.5841603510191934
3.0730770594860233        0.5966208087767984
3.0899634139935186        0.6017965488639008
3.0920075872757886        0.6023982510634447
3.1022188241287454        0.6053235793096803
3.137695237430597         0.6144462474738159
3.149469685593933         0.6171168088026447
3.1548511117864244        0.6182797139588114
3.1619322434427373        0.619767634513958
3.1750018255737302        0.6223876873417727
3.1826790983022097        0.6238504282229586
3.1928067167496708        0.6256936298685403
3.2135799739191615        0.6290754025957727
3.2310700910420618        0.6316134695532999
3.254984201776736         0.6335244349540088
3.274172965562902         0.6339590641752388
3.277729471165655         0.6339321577779706
3.28807081812654          0.633715334408552
3.2909926741903313        0.6336199087159562
3.2927040134321968        0.6335570275709267
3.29619276688459          0.6333873694973273
3.3176781397548023        0.631769345744628
3.3367150486065973        0.629511657028295
3.3533546190454433        0.6269041349941704
3.3726084130315757        0.6231487109162703
3.3727762649729853        0.6231124892491412
3.38168516985634          0.6211036076169056
3.3829710914176236        0.6208340576645889
3.4099874043883336        0.6137458479264591
3.441979371700849         0.6018335957369128
3.4458807028477967        0.6001199294750246
3.4494654630073542        0.5984952991136794
3.460747272668236         0.5931308252132759
3.460777351693116         0.593116053113753
3.498858473885662         0.5724110224648677
3.533249505856542         0.5502724703679727
3.5441096050065095        0.5431210260441096
3.551868871165217         0.5378605392652658
3.561895177928664         0.5300200620855879
3.562091350392772         0.5298646615680151
3.562417982756338         0.5296057456535208
3.562618811126958         0.5294464470147637
3.580234188731603         0.5151614960427228
3.6113718181455368        0.4888474542484967
3.624795512151553         0.47679446183043894
3.6489550961265844        0.45402593218681814
3.6560998086864815        0.44702757846057284
3.6695240831261327        0.43355111690855924
3.6878219329814503        0.41449435576529775
3.6994078583543235        0.4013644968375913
3.7105269089850386        0.3884212845283583
3.7198831132975063        0.37727027245887457
3.7355318038264125        0.3594745245913754
3.7458304257527004        0.34744029179212854
3.76494249054824          0.32442870790369516
3.767936850367706         0.3208540470197668
3.7763744362966807        0.31068896202943813
3.783500611844549         0.3019976414279782
3.784868545261114         0.3003181444807175
3.7878427970357134        0.2966541109979078
3.792219816675676         0.29098919535327655
3.8093239602078577        0.2687029308993831
3.8139586305315634        0.26262310758319024
3.82597718018937          0.2467756317712836
3.8355543752430883        0.23406319354426797
3.8361436662812145        0.2332785530200848
3.848045610502312         0.21737067535783022
3.859420915055493         0.20150829390648456
3.860241761776736         0.20036173327116247
3.8845068307492117        0.16635120744895665
3.91621957044381          0.12156056967553272
3.9180170271085863        0.1190102872085454
3.9613285808058696        0.056613299262711976
3.9777279340545646        0.03260801381881391
3.9948603406741094        0.007307057738889278
4.001059853597522         -0.0016339859105815163
4.0120692339129           -0.017577088333844214
4.0509355197701264        -0.07452779294346416
4.055049984568097         -0.08051772010963855
4.066234520868016         -0.0965379504684975
4.078489982995308         -0.11393476937305971
4.096598397765582         -0.13877986950242546
4.102800023678816         -0.14721557866675627
4.104113927968706         -0.14899802163002776
4.106468923090948         -0.15241962630807057
4.144156202548466         -0.20594879014677203
4.145236385295712         -0.20744897486758254
4.164076004298665         -0.2333087250518201
4.177516445636488         -0.25140460640525636
4.215405676571626         -0.3006737999855561
4.238132861635207         -0.32877368550456426
4.254151742917928         -0.34768289206791636
4.264351966898736         -0.35951511620196025
4.270941359443766         -0.3670725577576696
4.298036643958051         -0.39743703537101716
4.313912225888055         -0.41508975858047514
4.32807473335544          -0.43029678145946115
4.337943219911472         -0.4405915843373823
4.351509947462047         -0.45434017171418484
4.37235985022778          -0.4745572471094774
4.377713776421702         -0.47958115966406445
4.383806157280964         -0.4851701663780926
4.404065468162502         -0.5025359056454519
4.4062985233980125        -0.5043843951764231
4.414584136554725         -0.5111292271018026
4.4167882992660585        -0.5128932968640714
4.43624567588743          -0.5279150298957168
4.456504722791272         -0.5425444097774184
4.496654953465324         -0.5695836154287787
4.499734971094702         -0.5714681088746976
4.505571273704394         -0.5749648636759654
4.519892869699671         -0.5831340802739537
4.521578471711094         -0.5840571179430509
4.524471621770469         -0.5855132668118497
4.527418187879936         -0.5869722867106019
4.542447504068365         -0.5940371589081509
4.565215468406748         -0.6035387756452073
4.57685909726951          -0.6078387689411269
4.57779864984534          -0.6081692465692274
4.626787591491488         -0.6219870954072031
4.627265802833433         -0.622088966669724
4.628546376089796         -0.6223586183879988
4.632459983521451         -0.6232001637475371
4.633616470098729         -0.6234728692648862
4.6454564082368295        -0.6260817796322421
4.652149933747874         -0.6274091469512499
4.681233259956706         -0.6319390540728996
4.726999695401048         -0.6349933275321253
4.729004001193318         -0.635007421986776
4.729058520273692         -0.6350076559384582
4.731870112783888         -0.6350089930056789
4.733710990140468         -0.6349984664181497
4.7437346375417775        -0.6347828236598926
4.788068003958611         -0.63062087337965
4.791287365918916         -0.6301148375951668
4.793828021585134         -0.6296960019037439
4.801665851599832         -0.6282420518683952
4.805825047339919         -0.6274420017224307
4.826083542646819         -0.6232625833564044
4.83292094732024          -0.6217461711818405
4.853473910929715         -0.6168663345389331
4.897773505871026         -0.6047073536024243
4.898120798865152         -0.6045982566779781
4.898446379022424         -0.6045062709083229
4.915885995239305         -0.5991360718006986
4.919849315571384         -0.597872984750659
4.936650904746949         -0.5923429695962003
4.937472430627581         -0.592065294867649
4.942393761850424         -0.5903876783514909
4.962906958051417         -0.5831326272118543
5.006082462714488         -0.5664796154642104
5.0202108074595735        -0.5607592406625997
5.036003244977482         -0.55429546925911
5.03742860401568          -0.55370846012203
5.054240204175637         -0.5467397196124866
5.054455769452526         -0.546649822687017
5.054935246596782         -0.5464498178094318
5.061929468797414         -0.543457054083771
5.073711206609955         -0.5384193581407
5.076035848356321         -0.5374259098322954
5.090456144796571         -0.53126724934494
5.131535173389289         -0.5137602251491353
5.139609173704601         -0.5103212325251749
5.147868150097839         -0.5067622502734129
5.1501538246243515        -0.5057699391064672
5.160027929923082         -0.5013672700110895
5.1750453977290904        -0.4946768962596175
5.177720984119341         -0.49348561780248384
5.1861893049569545        -0.4897269802145477
5.206806631276772         -0.4805339262552272
5.207243404814071         -0.48033852753886463
5.213298772766071         -0.4776267855921479
5.228612671323532         -0.47074586248136907
5.2355008111667125        -0.4676401052213707
5.272156442554353         -0.4510005339165093
5.299384599710096         -0.43862579979015115
5.327954381043904         -0.42581569516811396
5.346514089142428         -0.41795017155414815
5.348825332000061         -0.41698649960069095
5.350355635323219         -0.41631739395332557
5.353682482580407         -0.4148651141232947
5.389653561452898         -0.3993673970871258
5.391411500465915         -0.3986353126124295
5.393241698958595         -0.39787355345487346
5.3938543987120555        -0.39761863272602416
5.433558419378375         -0.38120106417411337
5.4465944918446985        -0.37585436159542923
5.465074800012932         -0.3683604207445296
5.4697874835162965        -0.36647522821839124
5.471029894930188         -0.3659799817472528
5.477968961636444         -0.3632273752243474
5.482671079126743         -0.3613750708296998
5.502345216914165         -0.3537382432994905
5.507131213363426         -0.35190816471700503
5.517585031497985         -0.3479484851336374
5.522616014642831         -0.346061279043601
5.523642177571511         -0.3456778178839635
5.530609886239682         -0.34308726393757977
5.563247104198206         -0.33113037973198833
5.570224279220882         -0.328595251496848
5.570241588583672         -0.3285889714135709
5.601008955465935         -0.3175570704355454
5.631310013732161         -0.30701464071371737
5.632845189528569         -0.306489029952675
5.660037400039996         -0.2973577126966141
5.679299220200043         -0.291067460723347
5.683576510550981         -0.2896906717113918
5.731935968693582         -0.27463090501479676
5.743615282368662         -0.27113329792342555
5.761470079376509         -0.2658912118320649
5.7655679225346015        -0.2646699101759656
5.766613611391693         -0.26435884092330897
5.768824662837724         -0.2637018824911428
5.777823076324324         -0.26103916084823287
5.78152269703281          -0.25994949664040856
5.809197099456869         -0.2520434292432713
5.811418880122558         -0.2514212379088471
5.815853543362003         -0.2501832236483605
5.826809144511449         -0.24715851386526236
5.829897521326808         -0.2463117548033255
5.831280119092173         -0.24593371851249143
5.851664562569224         -0.24043468478785596
5.852891006667054         -0.2401082863189949
5.8685249722547175        -0.23599185968024616
5.882958819323253         -0.23226436703745193
5.884627246128648         -0.23183801675300925
5.887200222609964         -0.23118235175519306
5.894541883042415         -0.22932372924135405
5.895989320794115         -0.22895943253463008
5.907152423182624         -0.22617351997953553
5.913872636154829         -0.22451077053482982
5.92415926967745          -0.221987206746403
5.933787058836427         -0.2196489549259735
5.939270424458069         -0.21832747225222407
5.959734042962732         -0.21346135298726185
5.96260633243494          -0.21278661941468266
5.970783704698401         -0.21087682159521282
5.981161603477294         -0.208476882337598
6.0084360469264935        -0.20229637612748147
6.018060241687251         -0.20015935388888587
6.028703415511197         -0.19782271330558931
6.03634734824376          -0.19616596258554247
6.0644606043239735        -0.19016103384456873
6.064609286078795         -0.19012973930168592
6.074857851973331         -0.18798437549815328
6.0831803804678435        -0.18628954336730033
6.083487341239812         -0.1862272569966773
6.094958334563053         -0.1839110828835288
6.10752771598424          -0.18139871569474453
6.138828303941659         -0.17524043454056476
6.1617768758383145        -0.17086431650855985
6.175606569894006         -0.16828386154112632
6.1852119171124755        -0.16651875077693934
6.19500882414379          -0.1647389894389932
6.2157579997320465        -0.16103810246597983
6.230537281456265         -0.15845879478902475
6.24665558827835          -0.155699642035882
6.2791163012672175        -0.1503134656031383
6.294662535511039         -0.14781458380757728
6.327139824201314         -0.14266541633450813
6.329027048721384         -0.14237061401934623
6.3461648262285975        -0.13971570676029177
6.353803962872189         -0.1385600594239607
6.363303902585452         -0.13713400119900232
6.378563027266887         -0.1348691535586941
6.390546552972378         -0.13311272750874587
6.401116159436629         -0.13157977765577133
6.424947906939638         -0.12817921621897738
6.429533156043783         -0.12753382101292213
6.434928279716155         -0.12677810005555004
6.435626316175657         -0.12668061245227624
6.442566693019107         -0.12571493230581382
6.460588055752979         -0.12323427174317633
6.473334191240018         -0.12151135724452836
6.511987479656522         -0.11644201126166992
6.523275742954904         -0.11500196572681638
6.538919816771147         -0.11303080664340591
6.539317796226485         -0.11298103320896857
6.539393584330958         -0.11297155683702005
6.571269845218245         -0.10904518715930185
6.576992752115676         -0.10835280794620003
6.584890308717657         -0.10740360104823433
6.58680932297238          -0.10717405283649943
6.593236426006593         -0.10640838364465685
6.593753447275639         -0.10634699948782801
6.619263947481587         -0.10335692625709063
6.655263897299538         -0.09926094313664334
6.668447043920436         -0.09779348565474802
6.676895873530869         -0.09686218588040153
6.683510873002929         -0.0961380235040217
6.6968107798781356        -0.09469532928348068
6.6977564321904275        -0.09459342619918942
6.704352194035887         -0.09388516437787314
6.736925600566675         -0.09045137540176366
6.75687758370207          -0.08840065676225439
6.769483950649375         -0.08711794625002536
6.810825450219317         -0.08300236266711032
6.814572541780591         -0.08263622648839211
6.8154794598047           -0.08254778175831234
6.81564189619507          -0.08253193134261147
6.8158895056488635        -0.08250777412671689
6.8173795252104155        -0.082362515362742
6.81823084118173          -0.08228017431875795
6.824196475658323         -0.08170449733149521
6.827901013960915         -0.08134785932508713
6.828198121011682         -0.08131929667039096
6.883808044578832         -0.0760778110401774
6.884122872863013         -0.07604895220169797
6.891842177873049         -0.07534338624512672
6.921033208135599         -0.0727104548458472
6.937649147584935         -0.07123347960300921
6.947327638794315         -0.0703821334032419
6.947940021006276         -0.0703284886315225
6.952297487279378         -0.06994753689271199
6.984445984712972         -0.06717829942777308
6.990229920710709         -0.06668780681381244
6.9919360928983           -0.06654356925767449
7.027068872528954         -0.06361908726441022
7.0346668854818235        -0.0629942541658404
7.036329246372566         -0.06285795885852746
7.0506917416041315        -0.06168654066211372
7.077654606683565         -0.059520339555956654
7.079750315511579         -0.05935358183010018
7.088914482343107         -0.05862711075881146
7.092518533201052         -0.05834262480468499
7.109209292362098         -0.05703376427763402
7.132900361487371         -0.055200665201998345
7.145755414464178         -0.054218140242996836
7.165769633737276         -0.05270542681373769
7.196252786808178         -0.05044121559406647
7.202473444075633         -0.04998505909269993
7.206786832673141         -0.049669080962936894
7.222723580919878         -0.048507736897032125
7.247165585148132         -0.04674526895690513
7.258365894211202         -0.045947361599260245
7.279854938121218         -0.044429196438485384
7.291549201627986         -0.04361003702447504
7.30452853573167          -0.04270665505124023
7.331326403224343         -0.040860766983860014
7.3380864312031715        -0.04039922770029555
7.360055034838894         -0.038910745177271285
7.363405077784448         -0.03868452573192579
7.393469631829018         -0.03667086251893335
7.395570869022834         -0.0365311445787769
7.402854020177013         -0.0360478070904969
7.4363518223765865        -0.033843601533724434
7.449289280744107         -0.03300585851536822
7.470226127664445         -0.03165765284696367
7.476379036653095         -0.031263211219491716
7.486793093462489         -0.030597432558387875
7.489673520855002         -0.03041369087689012
7.52910284494296          -0.02791819998383343
7.539547037738394         -0.027263720241583522
7.546320538522926         -0.026840725729858798
7.560120586276051         -0.025982496665721146
7.592406720305919         -0.023993281671625316
7.6014336550921895        -0.02343875437507496
7.618652048407131         -0.022385061806513548
7.628721309996724         -0.02177256000352949
7.646619524624798         -0.02068773389456989
7.648621007900591         -0.02056673275696452
7.678401474116385         -0.01877371092940695
7.684897669504635         -0.018384425137180853
7.703795018196608         -0.017255447738981564
7.7062540254876275        -0.017108860336357903
7.735616363401487         -0.015363907345031673
7.7548989819883305        -0.014224224519468483
7.78187882962229          -0.012637919894910098
7.798440264723325         -0.011668979988835692
7.80294934193547          -0.011405805885532484
7.81398056760742          -0.010763423208577691
7.825004150944013         -0.010121965610923177
7.826244414102826         -0.010049825261057936
7.831016720934457         -0.009772298984193514
7.844646454687369         -0.008980177687720296
7.867257744621112         -0.00766769193575108
7.918870186809541         -0.004679381062606842
7.9191303811740505        -0.0046643245386158655
7.932220243271956         -0.003907107304074304
7.9408765747711865        -0.0034068327870909604
7.986566926991535         -7.725016397665404E-4
7.999437661649656         -3.2320430700569396E-5
8                         7.850463196670154E-18
