0                         0
0.015249295262196993      8.73058601097403E-4
0.04813817759406855       0.0027585007638640125
0.06491157433181796       0.003721764840680135
0.09009551556976453       0.005167628094343184
0.09742488803063082       0.005588963496506389
0.127037435936172         0.00729374867133934
0.14473408835178836       0.008314438884899938
0.15966753861822544       0.009176861347166363
0.1783638748250773        0.01025802092092398
0.19574325099287357       0.011264446636525843
0.20256450609850463       0.011660568274532063
0.2160875597981684        0.01244758650103794
0.22501483599679944       0.01296838563096186
0.2490671928538452        0.0143755045484761
0.2606206952025918        0.01505407265398202
0.2892612649353994        0.0167436573019259
0.3073125497085599        0.017814004049922505
0.322966725804121         0.018745628208470082
0.3288984663558252        0.01909954623187177
0.3337617200729104        0.019390115113469476
0.338472972676082         0.019671947882774873
0.4070753169885576        0.02381435906669522
0.40753304192864886       0.02384224004953377
0.4084249077555447        0.0238965746838485
0.40871532577908554       0.023914270286714834
0.4093675361037906        0.023953833979811864
0.41108178897301906       0.02405787635956973
0.41485627722862517       0.024287236396200083
0.5018289671150304        0.02967762592800926
0.5383363070537924        0.03200048775539602
0.5538174982127358        0.032996263605578176
0.5554869987136576        0.03310403108896335
0.5949426084509755        0.03567259264889843
0.6642530239011182        0.04028539497996527
0.6668873831940062        0.04046348087836392
0.6710403900609226        0.04074461179114663
0.6864865139408481        0.04179766802574816
0.6923542370647714        0.04219989519076775
0.6963722845207986        0.042475517651600084
0.6963869476574057        0.042476524753634615
0.7500962065341332        0.046225173060695256
0.7589446688061215        0.046854623035409056
0.779827853961612         0.04835283587935463
0.781763900055676         0.0484926330666772
0.7880447154828115        0.04894720721542159
0.8264275406883377        0.051760100607178665
0.8399328082689864        0.05276411762940783
0.8652069958758256        0.05466304063349668
0.8888531911604689        0.05646322158803369
0.8912768798690889        0.05664902424673004
0.8939104125705543        0.056851185189467635
0.895548783132742         0.056977713319967205
0.8971703587902301        0.057103087230546794
0.9228266115543718        0.05910563632639699
0.9376150758005838        0.06027608040066697
0.9528919484459109        0.061497588850790826
0.9529691400499073        0.06150376229381256
0.9531056373233536        0.06151473033198748
1.002825721998593         0.06558144602973198
1.0071811314598684        0.06594479969358827
1.0320174151894121        0.06803869002012483
1.0580165400868422        0.07027054468490404
1.0795580715427042        0.07215068216803229
1.102518267858414         0.07418531568233601
1.1068151283460304        0.07457056137926621
1.1127569604098948        0.07510561633785989
1.1485373215161299        0.07838465360630986
1.1567978664065421        0.07915558375369357
1.1599814719891597        0.07945452289105683
1.1614746512688958        0.07959535712446385
1.170169771123466         0.0804191160210598
1.2001941507025626        0.08330250494212245
1.2218709517039825        0.08542177142903351
1.2291026362651045        0.08613579046028445
1.2375150160905797        0.08697079308039034
1.2491886971983432        0.0881373619893976
1.2529207204015502        0.08851275689744806
1.2600901196453007        0.08923796831397751
1.2819640191536048        0.09148359136739469
1.2987328117280008        0.09323876921399893
1.3029243509825341        0.09368205791698489
1.3051347311705892        0.09391655822948733
1.316590861969187         0.09514007667322114
1.320758394040808         0.09558855233132696
1.3366383159152608        0.09731395449390032
1.3376604022611807        0.09742590553117259
1.3424351823179133        0.09795024821653445
1.3640769384462805        0.10035476514986037
1.382053563210615         0.10238685594164326
1.39701889816933          0.10410262987556258
1.4060224743247185        0.10514543057407058
1.4229670160893872        0.10712943716749239
1.4506623267719307        0.11043896846767544
1.4539261116267137        0.11083493994822743
1.4578420738415738        0.1113118492463821
1.4701335377949334        0.11282162919625993
1.4822603851581606        0.11433029263091747
1.4878994065282           0.11503828888918663
1.4960416323888603        0.11606780915311478
1.5049810565968609        0.11720798010640095
1.5116994748327943        0.11807166139253569
1.521411936675682         0.11933053510698353
1.5280101511026405        0.12019270094263887
1.5389368385030677        0.12162962295598652
1.54561748690212          0.12251773638061388
1.5573511972888419        0.12409213844852035
1.5670299303141315        0.12540475814823876
1.584164340095361         0.12775943313595026
1.5854412367607515        0.12793649149359784
1.6007197771157131        0.13007208580518026
1.608751630452169         0.13120735940949582
1.6341125165382369        0.13486775017837638
1.6352450202278868        0.13503354999351752
1.6576711401156299        0.1383580188506143
1.6749705668461097        0.1409746030383154
1.6826474884648033        0.1421470396802611
1.6952626903851404        0.14408872369255193
1.7019151128734904        0.14513000089850675
1.713881710972076         0.14702122827774478
1.732956456010869         0.15008405874454261
1.7380871104593174        0.15091800049101112
1.7454091926192679        0.15211556401518236
1.7529910506780304        0.15335366750628596
1.7690488527238242        0.15601510510294148
1.8107071837526763        0.1631680689597332
1.8124306506391417        0.16347265316828288
1.8217118458938302        0.16512317419759448
1.8638891449912807        0.17284216642990724
1.8661924000008818        0.17327400094080112
1.8829616459814016        0.17645022962222615
1.8863250686573434        0.17709410241666418
1.888413508681664         0.17749527375812438
1.8939903651015482        0.17857070224895805
1.8941123825459996        0.17859429952694061
1.9303702260631073        0.1857347369058932
1.9439437627552467        0.18847370098087185
1.9446193999134576        0.18861097322619375
1.9711000087508606        0.19406117806184225
1.9730412513931108        0.1944658296566822
1.9740079885759           0.19466776603983324
2.0263466175791134        0.20601753893455105
2.0267743630441633        0.2061137603813785
2.0295295022533737        0.20673487321670314
2.029856326379865         0.2068087060944779
2.0315318372819986        0.2071877349944248
2.0425000908398463        0.20969018745377485
2.0574754619993065        0.21312743549772123
2.05820038623294          0.21329566752986148
2.0657990365749046        0.2150607840744101
2.0938236128095316        0.2216986340156299
2.094257349905746         0.22180294987318583
2.0972191546617367        0.2225165668516309
2.121666796459011         0.228492845370827
2.1464437515027828        0.23470590878708364
2.146785638890587         0.23479325115401783
2.1477214777490605        0.2350324573368924
2.1566954128490305        0.2373356470391567
2.1567601265937286        0.23735231783750244
2.156768011693692         0.23735433982111195
2.168058916398313         0.24026990420085928
2.202739338301475         0.24947794594705547
2.2048794063946966        0.2500586517185459
2.221308452423506         0.2545650301962459
2.236155415345582         0.25871107801125715
2.253588419923864         0.2636685068725588
2.284641661732983         0.2727378515261212
2.285905249302806         0.273113366757734
2.3140138103078653        0.2815770461894122
2.317391555693525         0.2826059792599386
2.3219529936953283        0.28400571554841625
2.3421633255697696        0.29028353736476986
2.367220877876252         0.298239260714743
2.376060694414335         0.30109138444234373
2.3788814697554814        0.3020064882898092
2.3961640238709747        0.3076659765374383
2.413784600899799         0.31352954247448145
2.427713920466946         0.3182315062247692
2.440371383817438         0.32255524241077654
2.4464922028435883        0.32466354110261536
2.451111858664111         0.3262609010841277
2.4767117905529092        0.33522530754148766
2.498823756320439         0.343279890304903
2.51345899419427          0.34851735638023873
2.516575254535522         0.34966896246269225
2.51842892877744          0.3503452093815817
2.5269091860991995        0.3534973853998439
2.5451192707544874        0.3603211643134585
2.5606017353094095        0.3661818134592878
2.5625372371778914        0.3669182795872332
2.5715963190447644        0.3703765572561685
2.587217719168555         0.3763835710688739
2.589093403750543         0.377108552692493
2.6158138231995878        0.3875228066752442
2.6234700354944906        0.3905365644634646
2.626795807105311         0.3918498360477297
2.629316167582622         0.3928467349953363
2.6333754388556128        0.3944682349430574
2.642711889384726         0.39820616783951945
2.6538953337515014        0.4026990338709211
2.6916679443340206        0.4179985784716125
2.7222792675678478        0.4305386285720998
2.739327774478405         0.43757739994388406
2.7414692017759217        0.4384653039537153
2.754072613075156         0.44369589711900453
2.7876622729068252        0.4576762990895334
2.7897129611879676        0.45853171362593936
2.7953623865640584        0.4608894161737619
2.799617051069292         0.4626143230365846
2.800424396845801         0.4629415214869545
2.811327504834894         0.46735679738889624
2.814199398761735         0.4685187028228784
2.817225628648888         0.4697425599303309
2.821733447696766         0.4715865938632637
2.824610920041449         0.47275863904345555
2.8400271594263993        0.47897085439229325
2.8787660908602124        0.4942742820117383
2.8999668248968478        0.5025427438607658
2.904012824976633         0.5041121424126646
2.931125799210712         0.5145580453665805
2.9338317452569576        0.5155938004156727
2.9375262813278433        0.5170059730321162
2.940933074091669         0.5183061298421473
2.945089698069953         0.519889810556044
2.9574577231894286        0.5245256111877881
2.9622700772816026        0.5263156777588103
2.9997170127552026        0.5399825812092266
3.008485909397333         0.5430130818250138
3.0364863198941174        0.552247922970698
3.0484559575017283        0.5559902438036024
3.0581108501678362        0.5591354675576993
3.088712956061896         0.5682842195443527
3.096662203496919         0.570475472509655
3.1213192959261384        0.5766788210093475
3.129326519565278         0.578500234645026
3.1339920187760306        0.5795178549197448
3.1577438498979387        0.584200239074489
3.1894079503370696        0.589147079703464
3.2206824705040926        0.5925799632258759
3.2285438901614656        0.5932157572700658
3.253597012752069         0.5946331891285875
3.257987378871938         0.5948455853599235
3.261889997373847         0.5948406297011719
3.279143390890355         0.5944555270017937
3.2845918962493137        0.5942049319540696
3.302615255246589         0.5929348400963296
3.3180194132466614        0.5913123731317141
3.3438314108617537        0.5874843067398271
3.3454364864421056        0.5872003760675794
3.346172096922543         0.5870684543892863
3.3478331549306413        0.5867664150653343
3.350996858265115         0.5861752244447775
3.3722311029935894        0.581544368375998
3.3857011509064976        0.5781332737377207
3.3881811028038964        0.5774651972210096
3.423488281960939         0.5655219350544433
3.429568302876776         0.563226205613759
3.4302680055210226        0.5629575011641506
3.443135839458543         0.5578500517349185
3.4451033841436836        0.5570413714316623
3.457631653146341         0.5517195989655048
3.475166394639305         0.5443525425812014
3.4804721612313445        0.5419561203122579
3.5071187783498323        0.5289390880679176
3.5184477215836174        0.5226089228377602
3.5248298041567496        0.5188337571807142
3.536915753498556         0.5112716831370459
3.5729089786326584        0.4855495787771302
3.578927018141981         0.48078113799194777
3.584736879300712         0.47605052043542967
3.589189256091046         0.472411546882136
3.6016510556258106        0.4619766323986011
3.6107936936018223        0.4540869793410521
3.6211812942719175        0.4450688457819039
3.635242193878779         0.4325667782615582
3.646031555422514         0.42274354388506774
3.648970840307701         0.4200328381631096
3.65746948887935          0.41211171174745337
3.665990397039872         0.4040454272374692
3.670834677044323         0.39940406542750334
3.6739655752081553        0.39638289422670664
3.685535467515882         0.385072572533226
3.694269849647963         0.3763820058292448
3.7031025278440213        0.3673373468191336
3.716309197589331         0.35357975275806036
3.738573600345333         0.32975175416581515
3.7510562955071682        0.3160437644902625
3.77868543992668          0.28481170333500005
3.783922262571632         0.27908775859581586
3.7866603878910925        0.27606958220110805
3.8077321012085568        0.25105577273129437
3.8179888516648885        0.23861402727802153
3.818922021876816         0.23747341448139733
3.820282019066801         0.23580850831925929
3.8301205582052797        0.22367292421220852
3.8342339538709735        0.21855161976594203
3.839095727874911         0.2124624173309093
3.853227037736027         0.19454112609831423
3.8559567038272795        0.19104124728244595
3.8578061002270356        0.18866300370800926
3.8653091244144657        0.1789563156602364
3.8828596269773588        0.1556315838784652
3.8964851604858453        0.13730661950673456
3.9317813192653737        0.09086447118307996
3.9387163083770513        0.08176117463373406
3.9548480582268053        0.06061315544736444
3.9639004384898575        0.04874108107672186
3.9734975526704           0.03611085132708401
3.9762646870864664        0.0324608171653176
3.989874433538401         0.014454182671006593
3.9975617727832256        0.004243288202327916
4.028103453720468         -0.03660980278086895
4.029808856568009         -0.03890442066153753
4.038471029076499         -0.05058131449491159
4.041211238394936         -0.05420646336481363
4.051495907816205         -0.0677645250671305
4.0908457650741745        -0.1189387554229628
4.112138936591654         -0.14760913697047448
4.151295018122887         -0.1990407966131214
4.1731041572367396        -0.22696232286553547
4.185947737668785         -0.24316290129314205
4.1960655056872795        -0.25579855361236725
4.202694759435425         -0.26388552424684053
4.231485974876752         -0.29793182841571486
4.250497771940052         -0.3194549566127501
4.267949089624599         -0.3385401683701662
4.283359042297687         -0.3548586639084932
4.286577929765167         -0.35805089376246074
4.290235992982483         -0.3616613688186273
4.2976306260071935        -0.36890361931816423
4.317474983525042         -0.3890773380308688
4.340727342683641         -0.41160833162022803
4.361826543908073         -0.4310189544545072
4.393767006688593         -0.4585312667646464
4.396328800341374         -0.4606402337300769
4.398926821106312         -0.4627642117954686
4.412838525283108         -0.47391257956800004
4.451704946415747         -0.5027292118743552
4.452522926310419         -0.5032988195631488
4.453365439058973         -0.5038470257708835
4.4764741490082915        -0.518258970778413
4.489458936383906         -0.5258283016455989
4.509484423164862         -0.5367561423474947
4.510768549647418         -0.5374260138818442
4.555501647235635         -0.5584389126555424
4.555750130339482         -0.5585414782863319
4.566531416764098         -0.562948044718018
4.568051636043504         -0.5635430693644338
4.570208368394057         -0.5643760666241376
4.579038380067577         -0.5676499296256774
4.58540306676578          -0.5698735999788715
4.622224268609536         -0.5804996323600713
4.641277215778045         -0.5851575657107844
4.66214691031379          -0.5886933396674371
4.679470272884556         -0.5908413988541078
4.700787595119511         -0.5925050413914104
4.708313940408861         -0.5929170258732182
4.729538391782171         -0.5934892677562751
4.736041329395776         -0.5934903906304354
4.739336896832025         -0.5934597611703962
4.7655762260831045        -0.5924671474815977
4.766428946442617         -0.5924125698194884
4.796179338717302         -0.5896287862516263
4.8101903623808955        -0.5879402378743019
4.811855008535952         -0.5877209174439773
4.82358936959285          -0.5860621909410026
4.848748169979852         -0.5818405121773413
4.849681303542567         -0.581666479126019
4.862925320381987         -0.5790618306957369
4.8680769719445625        -0.5779807462481663
4.897133333016885         -0.5711707422672213
4.937370927342427         -0.5601952697972026
4.94249344467361          -0.558674549602533
4.942660915871316         -0.5586243617246316
4.942778218587062         -0.558589190619823
4.954129322709228         -0.5552673677417439
4.9621376449046934        -0.5528550271974179
4.970103003106177         -0.5503991984703244
4.97074964094896          -0.5501973613664662
4.983169284975764         -0.5462488070043486
4.991707693236744         -0.543454841713276
5.021514126311379         -0.532552052066198
5.025136331820874         -0.5312003479593569
5.027373725936417         -0.5303625197574412
5.049245442639354         -0.522055810132966
5.063472094455442         -0.5165391810591964
5.075526625060217         -0.511794839799099
5.094305417320251         -0.5047292223857355
5.101404911738802         -0.5020249990291328
5.109520502901013         -0.49889602509202785
5.113327677211004         -0.4974143008230203
5.133961968138142         -0.4892295428674324
5.14020524508704          -0.4867018425249302
5.14719919310047          -0.48384194198864516
5.158674827956432         -0.47893669317709925
5.169957294722088         -0.47411787381532133
5.17158321348604          -0.4734472396719846
5.198805694964679         -0.46224630854105814
5.21338926690429          -0.45626702677160247
5.218062956814507         -0.45435394653477706
5.2193756064453884        -0.4538080962040787
5.241868112894171         -0.44448455644464996
5.264633500229216         -0.435105075373751
5.273964620788417         -0.43127721491607635
5.2965124390386675        -0.4220674190919529
5.315085810982551         -0.41452339182745357
5.3376056577112605        -0.4054277593714425
5.341145161851052         -0.4040032929415379
5.36010290217155          -0.39639745443214225
5.3778897433742054        -0.3894071752036785
5.390210838870407         -0.3845620512833702
5.4018439896297785        -0.37998527624604517
5.411480053523153         -0.37621998999723333
5.425261282091419         -0.3708661166567081
5.427173490704707         -0.37011306603226374
5.4276319774100426        -0.3699327860090138
5.458166424529944         -0.3581680694355141
5.461535628279167         -0.35689910375852485
5.490572970137322         -0.3462028406924354
5.4941567689674           -0.34491255409601185
5.496321169552975         -0.3441364746584175
5.5126639855616135        -0.33835373105737054
5.518364849951061         -0.33636862335163
5.52704206995664          -0.33329001484589305
5.549863037225128         -0.3253145859974576
5.560829853803073         -0.3215444362495961
5.584142522975069         -0.3136648746572078
5.629222522403525         -0.29894820980981535
5.64801293772951          -0.29301642581587295
5.649920195999077         -0.2924209996898475
5.653795586127978         -0.29121492402346094
5.655191523302701         -0.2907787723954192
5.661544386181934         -0.2888015693874909
5.6697217526386465        -0.2862502952967789
5.726901458979876         -0.2687626143443405
5.731987833538375         -0.2672711984132114
5.736757738591832         -0.26587767186775224
5.744577246037636         -0.263603873061596
5.757489428146006         -0.25987820848248483
5.767377681049738         -0.25709828199968254
5.786318096464501         -0.251865143125177
5.790100457256474         -0.250834523928776
5.816599042676675         -0.2437488763288259
5.833279278593498         -0.2394095319755726
5.8379046033741915        -0.23822280158330744
5.843661588979722         -0.23675575193412154
5.847927968907976         -0.23565470857809756
5.851407220740533         -0.23476034187451197
5.8612617049464735        -0.23224443146460297
5.8660321152317625        -0.23103567845085382
5.869743390329249         -0.23009947251359902
5.8712289361490315        -0.2297259726402219
5.880392871722685         -0.22743767454061406
5.882951624192755         -0.2268035689167798
5.902850958237626         -0.22194415047159816
5.903761999869867         -0.22172552462255762
5.905334903142882         -0.22134737991600262
5.927964478162166         -0.21598642965541728
5.928424590948457         -0.21587858631521556
5.978414232907042         -0.20443655086913828
5.9884532124102465        -0.20222898898678918
6.013098237310162         -0.19689738116679137
6.014540993258675         -0.19658912746311047
6.024220853494178         -0.19453202571963898
6.028432415482084         -0.1936428285099696
6.081556949600222         -0.18280119310497872
6.08450649324507          -0.18221959589987247
6.129026483202264         -0.17373826501697756
6.142708392549267         -0.1711764940887283
6.142891073830318         -0.17114252487099102
6.151910525018785         -0.16947309737795835
6.15841659310845          -0.1682782737935247
6.158676219773368         -0.16823062755206256
6.178989267956279         -0.1645484047745213
6.194321896173617         -0.16182863035311063
6.19453651060734          -0.16179092506233633
6.210484351756383         -0.1590171943103081
6.2157579997320465        -0.15811113416578187
6.219514328691488         -0.1574694303529492
6.249213262908173         -0.1525033047480437
6.2791163012672175        -0.147695744465536
6.294662535511039         -0.1452727426843134
6.332722579769898         -0.1394140236855712
6.333512227899627         -0.13929455681796216
6.346164826228598         -0.1373918968998572
6.353803962872192         -0.13626108782206162
6.358274558891594         -0.13560300049235147
6.389283960626804         -0.13111325345519198
6.390441516278948         -0.13094893819328238
6.39122624853723          -0.13083764317485172
6.39425530644168          -0.1304087875355443
6.426526152162117         -0.1259130234609143
6.435334403447938         -0.12470859482766318
6.436601711079826         -0.12453623416927244
6.453604463263826         -0.12224637673588754
6.469465153235008         -0.12014826276726308
6.471259850595866         -0.11991315929831993
6.489994523725326         -0.11748692866233641
6.496571879815456         -0.11664724610009897
6.501466174910781         -0.11602651378849174
6.523644544043848         -0.1132573806063066
6.525630448856538         -0.11301291827055145
6.530159754608796         -0.11245670832690884
6.552828133154057         -0.10970285125279491
6.5661135288331725        -0.10811202792618867
6.577099983713153         -0.106809406929928
6.5849205151711265        -0.10588928436737954
6.612495397648658         -0.10269226530786993
6.62600321874169          -0.10115217164176504
6.628668171886281         -0.10085013053503314
6.6388698255990555        -0.09970319219034653
6.650889655486155         -0.09836584683228687
6.660577798988141         -0.09729895560913644
6.675898381117097         -0.09563189042949258
6.720663873098232         -0.0909018929956188
6.736900801693361         -0.08923820534909109
6.752868908192978         -0.08762910862818873
6.790709659114803         -0.08389020771657191
6.795684045671861         -0.08340647798653265
6.7981064443969625        -0.08317156774429894
6.82926243181069          -0.08018857769249498
6.860186896744719         -0.07729871174400259
6.863380812429728         -0.07700427058647732
6.884768109518041         -0.07505204655004406
6.92386705808145          -0.07157915724193183
6.924489075534899         -0.07152470906655836
6.928731328227328         -0.07115403358908434
6.93229121024665          -0.07084388246601145
6.936324893116577         -0.07049344535707132
6.953413789844223         -0.06902050842589333
6.95647133709573          -0.06875886551437292
6.969082568353798         -0.06768631671708175
6.985715308421405         -0.06628806951756731
6.996782025047394         -0.0653680201013909
6.9990170365049345        -0.06518320624889916
7.006411430932855         -0.06457415020703663
7.031390627034993         -0.06253063312173195
7.03431179656693          -0.0622938388441759
7.038091187620446         -0.061988196338935424
7.054956208788294         -0.06064031830614136
7.091696222370687         -0.05775175005436378
7.099673183145268         -0.05713323487074806
7.100152684027242         -0.057096153786198686
7.109223851861575         -0.05639675661865603
7.109263496714286         -0.056393708713461374
7.109908852079112         -0.05634410436578303
7.132573339297779         -0.054613591921930965
7.156224827449989         -0.052835753218069034
7.171575723475992         -0.05169717726508296
7.204294521322397         -0.04930468479463727
7.211283534615626         -0.04880055680750006
7.244742311117078         -0.04641300575045809
7.2473790432259895        -0.04622660100353266
7.248734766291092         -0.046130857025300315
7.279061675134465         -0.04400674627437879
7.2832259521343           -0.04371771508338855
7.3178569067296255        -0.04134259839399906
7.3490257885233845        -0.039237372535637464
7.361135452442236         -0.03842774700619511
7.375369642540849         -0.037482013282372384
7.428316350311757         -0.03402046014532599
7.4436117236157           -0.03303457095916399
7.450734861278593         -0.03257803570904089
7.457645593686525         -0.032136319288099915
7.463562931194138         -0.03175904156946399
7.50126210829161          -0.029375853120254244
7.502813233762388         -0.029278553963864227
7.514730316078658         -0.028533012821405395
7.514830268885855         -0.0285267756231114
7.536487232049094         -0.0271838739778332
7.536935348880355         -0.027156175741054816
7.563293755137365         -0.025533269078690538
7.564552042833771         -0.02545610591451268
7.583887297324353         -0.024273950237658562
7.591328673210789         -0.02382076586314837
7.591732057083131         -0.023796227816290982
7.611767721753485         -0.02258110773196883
7.630984497903288         -0.02142239240185526
7.642594581068955         -0.02072556201504878
7.66848021396914          -0.01918112794453947
7.676830678215009         -0.01868561961751988
7.683754264970641         -0.018275624484395226
7.700459688661978         -0.017288267587344825
7.7158232277060215        -0.0163825814680786
7.743461133483693         -0.014759632090364242
7.757886095617241         -0.013916270620611093
7.760255515113446         -0.013777984120660853
7.806587556133518         -0.01108766269734552
7.810634630604098         -0.010853907869732194
7.816104262798749         -0.010538304933570376
7.81944490900824          -0.010345725935219856
7.8236328471771195        -0.010104606774949152
7.830743981625278         -0.009695124119322497
7.832506121563454         -0.009593681170399646
7.833512356043171         -0.009535759012395822
7.836067954068805         -0.009388666065742457
7.845300071426934         -0.008857448055360512
7.887795901668277         -0.006416569232412132
7.925796306568232         -0.004239938727341781
7.941722144433045         -0.003326793250886784
7.946372065906034         -0.0030603623063316264
7.949837684587908         -0.002862216862300055
7.955568867468376         -0.0025346521752358537
7.958564963395707         -0.0023634671960283977
7.972364480197506         -0.001575517059062923
8                         -9.723851251912397E-18
