0                         0
0.025043878456503223      0.0014538610616558426
0.03005405609338473       0.0017450816634656155
0.03649337218536658       0.0021195517829730934
0.04809486008874884       0.002794731476511352
0.054891267685868356      0.0031905714006911744
0.088993414862721         0.005181948666565888
0.113032934983808         0.006582411760771845
0.12142348334442671       0.00707254629427559
0.1340141775451396        0.0078093227888960115
0.1399046505064835        0.008154550448176276
0.15745849996080902       0.00918535276397516
0.1671912597871867        0.009758559833702544
0.17317124615552537       0.010111092542160204
0.20233655300905595       0.01183419843575889
0.2347610542032627        0.013757165779136191
0.23731419601263287       0.013908909110671544
0.25134339267824723       0.014742823918258421
0.2736115094784912        0.016068638528352355
0.2781576999950256        0.016339639606200017
0.30125477362036424       0.017729777567639406
0.30840452767423243       0.0181619526916344
0.31650194669608456       0.018652583954062926
0.3218961109263697        0.01897945517822453
0.3231643961171287        0.019056353287664713
0.3238316938289009        0.019096823120997326
0.3418423580352683        0.02019186518444551
0.37306954671338566       0.02210300503671861
0.3780500002693065        0.022409284991562185
0.38023780230302656       0.022543954818298805
0.4006943184734425        0.023806929880481636
0.4075949024243353        0.02423450784767008
0.4090924710608846        0.02432740361543879
0.4311943934895533        0.02570266249981098
0.4329356044214844        0.025811345265194366
0.44398768551380224       0.026501713361343673
0.45531156299154485       0.027212548578029773
0.4649322304728205        0.027819242862739714
0.4856119208493572        0.02913196537929572
0.5261203961817273        0.03173752957853923
0.5292748685636512        0.03194232658747246
0.5414131185626019        0.0327329313985473
0.6017341149790267        0.03672203061427432
0.6033575518544878        0.036830820382953246
0.6045705346544319        0.036912309784441794
0.6141970985574176        0.03756054968301453
0.6362325239363269        0.03905475375770004
0.6490510939646309        0.03993060988860446
0.6600462568714082        0.040685768903447765
0.6783440990948992        0.0419504487057697
0.6881984237471342        0.04263548533708274
0.7220458332452245        0.04501970473510377
0.7276357960535846        0.04541812356804153
0.7373824725284962        0.04611596802665071
0.7375690496615623        0.04612936579345137
0.7385218496620317        0.04619780759025161
0.7584767056439216        0.04764003051976935
0.7796111416952463        0.04918692001300987
0.8018523632769206        0.050835322786669704
0.8078130178834115        0.051280668128728
0.8333402895646315        0.053208550642064714
0.8447835329755754        0.05408153960255208
0.8658066127646709        0.05569950492987226
0.8723405107158935        0.056206596798010815
0.8834479860435721        0.057074089053488694
0.8956660948825899        0.058036245018713885
0.8990573847501133        0.058304775236397745
0.9177409707386893        0.05979565157659128
0.9241626888457815        0.060312561508002335
0.928698406636935         0.06067904143461165
0.9304755991539069        0.060822948127924374
0.9343352509821897        0.06113608510585764
0.9521870503238947        0.06259519312416408
0.9648555353403028        0.06363741914431152
0.9749399495571787        0.06447506510018518
0.9867519610780096        0.06546523952172754
1.0166359090079977        0.06801383907512053
1.0448607507740026        0.07047819572374805
1.059585118911884         0.07178587920760694
1.0629316966384452        0.07208520259928021
1.0794202700875357        0.07356772936373589
1.120356524596013         0.07731716810145386
1.1253552361655432        0.07778172732092756
1.126540767452513         0.07789321213021316
1.1552386918993536        0.08062584069828307
1.1683006186718998        0.08189122925388369
1.1714734065278454        0.08220050045721158
1.1823226965103135        0.08326367067402446
1.199223517302693         0.08493719245178141
1.2000728026761847        0.08502190598530812
1.2008993309051808        0.08510441159510694
1.2043644444152841        0.08545097174644346
1.2069529493961952        0.08571056044429867
1.228971532270585         0.08794296221311082
1.2321632933745144        0.08827016933266202
1.2460306182696448        0.08970238844166764
1.252153114147302         0.0903402015179855
1.2568484273451321        0.09083161203046576
1.2746383074001837        0.0927114108984106
1.2977391096151865        0.09520577805143468
1.299244175043896         0.09536995865854835
1.3010331276262308        0.09556537251675183
1.302855074136494         0.09576468662836718
1.352853849345701         0.10133863707561545
1.3903944820184975        0.10571420734480173
1.391021227468664         0.10578864451542849
1.392179362878297         0.10592644239652317
1.4082573247839674        0.10785616281802304
1.4177849151775788        0.1090144125114438
1.4260031700480242        0.11002229016922578
1.4643168060978702        0.11482862152281696
1.5015298860967023        0.11966650560481336
1.503917150520802         0.1199825668925878
1.511269782197799         0.12096159086060339
1.5138436147966479        0.12130569381916743
1.520656202331476         0.12221996633106441
1.521546424004401         0.12233981012679541
1.5258741272838126        0.12292756208364265
1.5382164187799359        0.12461551615217231
1.54925522355794          0.1261399161827332
1.5649749588417843        0.12834031217673528
1.5725564789037114        0.12941584252603366
1.5884604167879564        0.13170223153471614
1.6123432383446255        0.1352125722841995
1.620795973302378         0.13647708695997288
1.6228336847174096        0.13678365479726104
1.6452036548687399        0.1401980972328312
1.675431253131311         0.14494881188771588
1.6873881100424044        0.14687144749589418
1.7025559126238625        0.14934582764445392
1.7254323508956957        0.15315269815306548
1.7445597450639996        0.1563919832383212
1.7624270519278542        0.1594930117500141
1.7796669879895624        0.16254567449061366
1.7803106413452214        0.16266079670850814
1.7828167206707648        0.16310981703076038
1.8018444889457794        0.16655577245521566
1.8100045234947246        0.16805712922826316
1.8512346969283529        0.17585931159537813
1.8619150887646394        0.17793929873722175
1.862738941457572         0.1781013856954275
1.8956695155335415        0.18470426884693997
1.8997754103204754        0.18554450734084618
1.9003817276951378        0.18566890415199191
1.9229755125066554        0.1903629131171779
1.923671373421846         0.19050872253796325
1.9330283762253826        0.19248328664211384
1.9346942629055044        0.19283754724131202
1.9480017624232828        0.19569694134290733
1.9630773086819724        0.19899953449647603
1.9649224294115983        0.19940836270743256
1.9668449868582742        0.19983542030837723
1.9767845830318302        0.202064571875827
1.9889905937550436        0.20483212798806408
1.99045644058984          0.20516672274656314
2.019359872363407         0.21186202727754902
2.0439628291545597        0.21768129603201147
2.0512065360154947        0.21943322820661948
2.0652710963163154        0.22288496699243446
2.0845469906105616        0.22772320690460096
2.0946152775395652        0.23029977550463207
2.1084626399777227        0.23389885550218925
2.1392807595245253        0.24213913490444128
2.149734108857717         0.24500638121977023
2.1574850901168574        0.24715600464219825
2.1744583387554655        0.2518918470108955
2.1976283338154357        0.2584915460063372
2.2048533462013298        0.2605984811345586
2.212267423985332         0.2627733989527139
2.2223479576754204        0.2657911451440392
2.2450210564969435        0.2725014525970541
2.258136542720182         0.2765338865349907
2.272864307670134         0.28114396387680374
2.284171499206338         0.2847421577003405
2.3135781043864347        0.2943392097752543
2.3226167263431043        0.2973584623224273
2.3306130065342225        0.3000567502853031
2.3429438251867563        0.3042677815717448
2.3820398365342763        0.3180209982622189
2.3872879653635235        0.31991369013060905
2.395826458319214         0.32301654497094484
2.401526692185435         0.3251106305120685
2.403171695194276         0.32572173132412935
2.409543555596577         0.32807788084144474
2.414637951913417         0.32996756535055943
2.4206325486058105        0.33219788823888363
2.4456532912972175        0.34158548517998344
2.467347764868802         0.3498275970738583
2.4760555130143422        0.35313567547460034
2.4818072453101205        0.3553447059171459
2.4961678046275555        0.3609432260869676
2.522596070629663         0.37155674289966184
2.535822850186829         0.3770195881750094
2.53829758343159          0.3780528747754628
2.553714472644108         0.38456937191904
2.5627656043374545        0.3884467059646479
2.5857803192545745        0.39840937467522197
2.5894770791121218        0.4000234995700835
2.6007089933558856        0.4049512552367055
2.6079924156019945        0.408165627814864
2.6109447731469726        0.4094571508747382
2.6402680673988366        0.4223379965922777
2.6510295255251877        0.4273313178514535
2.695759943449848         0.448160449604331
2.701179339268022         0.4506550856065116
2.721971121320858         0.46028395224414465
2.72443885560909          0.46143289903799334
2.7253755189832622        0.4618693377951916
2.803088895330684         0.49873121927253744
2.8198932379736266        0.506686935226105
2.8232193698486636        0.5082587062528885
2.842584464688021         0.5173905177305292
2.8534992090617153        0.5223965608938312
2.855850182219643         0.5234819839709871
2.8636248628862697        0.5270895324400883
2.896006708547002         0.5425971394856094
2.899037996743168         0.544023330226433
2.9017280727620145        0.5452853297676634
2.9145837697388535        0.5512688917397237
2.9288717173538936        0.5578269987811718
2.9515630021871386        0.5680429714314864
2.966364295711692         0.5746633536387284
2.9735698422597028        0.5778664452208362
3.0141628036255463        0.5956685973421694
3.018868839069254         0.5977114327769915
3.0207933697510714        0.5985447228386377
3.0236924279171005        0.5997282953307831
3.0304438381464185        0.6024428006160615
3.069347776662758         0.6165355423252391
3.087870658237512         0.622505209595907
3.1010626451884673        0.6265634836745104
3.125218396097657         0.6335777014408279
3.1352011276451908        0.6363189638848337
3.139616847975326         0.6375021447056342
3.1413449496773787        0.6379602792604928
3.1648192151385515        0.6439101467735544
3.176047511661313         0.6465760650383613
3.1913630377131414        0.6500245636259346
3.207213512771446         0.6531585213715189
3.227183878943694         0.6561567619009003
3.2415309895355127        0.657656694425527
3.258441992676589         0.6587224531351179
3.2587140894020785        0.6587333900613902
3.259927173104828         0.6587797565823688
3.278745212151019         0.6589982716198544
3.2842832418862624        0.658904984294503
3.302596773550226         0.6582114140557075
3.3180843523684422        0.6571633615156819
3.332160277288379         0.6558439796240985
3.339229745372111         0.6550495505128092
3.3500494029291215        0.6534998437088179
3.3662519915592375        0.6507480190192937
3.400680320942014         0.643072400616602
3.4058006674302597        0.6415630201079159
3.4393546414811436        0.6293148516574614
3.476343798807423         0.6110731615715143
3.4869390442716375        0.6049322067737993
3.492820716072115         0.6013471869357483
3.4973143014861527        0.5987996944346239
3.5005429768392053        0.5969429442868426
3.5073365531695524        0.5929641094297945
3.5100982719489857        0.5913187399587558
3.5140518014042796        0.5889352506987557
3.532955043303371         0.5764349783260969
3.5612888750658267        0.5560413760880923
3.5791207464159283        0.5416934375764356
3.5997933487969815        0.5237981945252868
3.620168557436427         0.5048348204055007
3.62894866338585          0.49625738207459913
3.63286264038657          0.49235500350506217
3.6425548392116927        0.4824825149944785
3.6604341845533552        0.4634892766777384
3.682907824992828         0.43901825349691537
3.694230686345226         0.4262947715787365
3.7130655564159842        0.4045448082822129
3.739793062402845         0.3724259455015026
3.7556648379727426        0.3526559464018643
3.757120272130149         0.350703338198099
3.7580256863246113        0.3495829397767947
3.7593581275608603        0.34783255258280077
3.7654543572157775        0.33993847974301283
3.766828815592615         0.33815293368505894
3.769069434725444         0.3352376341471551
3.8098003385735333        0.28126279920426567
3.81164247667386          0.2787777967308862
3.8564617681142477        0.21512552408891916
3.8938368457659203        0.16085499394863886
3.89441924033663          0.16000076021700713
3.9012697988363536        0.14993289389967007
3.9035937180733447        0.14650930278683172
3.9197817029055804        0.1225180404965574
3.9413746186932106        0.08988809383859588
3.950490645292622         0.07589686874623564
3.988683735626603         0.015886619739260446
3.9897155360650407        0.014234247758894276
3.990019329419834         0.013771292039387852
4.008536713162368         -0.014389436657255672
4.043369767342948         -0.06705215724750328
4.053125235381334         -0.08172840250695841
4.0543773362749524        -0.08360977605498214
4.072084253300041         -0.11015964094120001
4.076686852211952         -0.11704365465981419
4.087348982964013         -0.132963599568723
4.117937867835832         -0.1782046683194714
4.119583868220309         -0.18058235670117045
4.122558873664095         -0.18499207375174845
4.132545202972942         -0.19969336699550258
4.146685842159513         -0.22024419004462503
4.182116320540542         -0.2703654842896396
4.20540129021738          -0.30223851424138
4.235368179185525         -0.3420127759544252
4.23638889913035          -0.34334287110335143
4.244648772860775         -0.35404645960146214
4.250041022229424         -0.36097658654815834
4.254050660024096         -0.3660789716043643
4.26372061145749          -0.378230347270893
4.310133906821813         -0.4327499099086619
4.311737504930964         -0.43460542137225694
4.339837155816305         -0.4649558640812089
4.365164434741757         -0.49009988471883037
4.38122084458948          -0.504953914879074
4.38570170540745          -0.50903808038704
4.401788608666346         -0.5232684798218483
4.401895672272019         -0.5233609224424277
4.416975856675336         -0.5360824598453445
4.444449662526919         -0.5577316090529719
4.4462270097087995        -0.5590642161844114
4.448920071927685         -0.5610676716813638
4.450176036681586         -0.5619955437354363
4.451841827370126         -0.5632198246510668
4.467506702624518         -0.5743780839406449
4.492119866273784         -0.5904836466707637
4.4942383311927525        -0.5917893513665072
4.494543372833398         -0.5919763111976994
4.495093100423853         -0.5923125708793912
4.497214599509294         -0.593602201902118
4.5225821820451655        -0.6080314618187233
4.551999016612015         -0.622472869995466
4.553021387108144         -0.6229305337578037
4.562946474288341         -0.6272190275407453
4.577657661465814         -0.6330602854840782
4.60059803998451          -0.6409411148613162
4.6043636701538695        -0.6424567475665895
4.607694586023837         -0.6437692007977533
4.631056788559241         -0.6506558978904989
4.650342309528269         -0.6546295898119643
4.660472717363053         -0.6562692690698531
4.67424898295458          -0.6580283432779037
4.679968339329203         -0.6585992768288345
4.698671126164565         -0.6598134548916776
4.71208836051653          -0.6602534678482519
4.721063771199936         -0.6602790209057656
4.733338422249389         -0.659965127139639
4.755617621672778         -0.658365829418086
4.772820035360349         -0.6562226411282013
4.780975766018253         -0.6549299569596162
4.792617153886287         -0.6527765739214068
4.802175162702305         -0.6511544787632491
4.812832292867296         -0.649222686193272
4.813107362675134         -0.6491711057687979
4.813496137996111         -0.6490980560130519
4.814698970428113         -0.6488500478428649
4.815032661114535         -0.6487809577737677
4.84478522400815          -0.6421188872615766
4.883363773447469         -0.6320026218292817
4.891120086066698         -0.6296004112789335
4.91661315393257          -0.6212748373382647
4.936287219863672         -0.614398737329
4.955966930639623         -0.6064972396175554
4.987260664070989         -0.5936191287117139
5.001051147853067         -0.5878218166227445
5.024978724723989         -0.5775856356190144
5.032173695403391         -0.5744636253268394
5.041818577354198         -0.5702466367745989
5.065654322659026         -0.5596415312412814
5.070126574888841         -0.5576284055793645
5.1040310447014           -0.5421271697740336
5.117259415219769         -0.5360302316212832
5.129241700583478         -0.5304079871011927
5.137505676085002         -0.5263228541081773
5.148568147725538         -0.5207723971275169
5.15233215725584          -0.5187786947122932
5.155097046322            -0.5174453336292829
5.1630546606110235        -0.5137099985211915
5.169649054426942         -0.51063988674428
5.198450175059237         -0.49710058031789783
5.214450472748874         -0.4895741141508925
5.224505047858578         -0.4848427408387547
5.234909550230029         -0.47994528251111535
5.244290561351755         -0.47552834913874664
5.251701100663087         -0.4720383580144319
5.289182112116872         -0.4543754631864888
5.290130947644275         -0.453928082002181
5.291207921449261         -0.45341955303950693
5.296328329319317         -0.4510098380750242
5.321838915832031         -0.4392026707537106
5.353231771778852         -0.42479661159281074
5.360068175532803         -0.4216947841721136
5.377163032586922         -0.41416989646156727
5.405586619059419         -0.4018020256627306
5.4057203244442835        -0.40174427105900623
5.409542809720707         -0.4000948126204178
5.410561626821492         -0.3996557261128237
5.416337494485747         -0.397170821587954
5.417418146950746         -0.396706943726977
5.418551847264708         -0.39622065850657995
5.418866980547864         -0.3960855525689543
5.451353872254501         -0.3823119998430926
5.4536343375143215        -0.3813566351944904
5.467460917490429         -0.3755964841752296
5.483378871295743         -0.36903368333289766
5.506827428290366         -0.35940202387391534
5.518502037684986         -0.35470768946727554
5.530631712067699         -0.350001101291476
5.563560102258274         -0.3374890357442774
5.598090900205403         -0.32477039426387233
5.598890100413096         -0.32448090334369434
5.621752657521744         -0.3162929239764987
5.641728729184431         -0.30928650078285524
5.6479093115177434        -0.3071466386099023
5.677504316797905         -0.29708135835604615
5.696114668130234         -0.2909144750809028
5.703912757284349         -0.28836773866156273
5.731041918878165         -0.27967941423487624
5.753392440856414         -0.27272181459502365
5.759945666790746         -0.2707307389333522
5.763729007822005         -0.26959096517295483
5.784715726945102         -0.26322710817061284
5.805256087342811         -0.25726695544223993
5.807623456944896         -0.25658637964043074
5.811609708006981         -0.25544337450045423
5.814388570107213         -0.254648776582077
5.846623019130704         -0.24558743259559623
5.8591481770998355        -0.24215708808051722
5.878002529804235         -0.2370889089061592
5.894180480251618         -0.23283172606402927
5.899687341120171         -0.23140190293406504
5.906744807964274         -0.22958379973795984
5.912352062973922         -0.22813833660288718
5.927013570991521         -0.22441159961859447
5.931927359888717         -0.22317711743419172
5.937474877340849         -0.22179219113053572
5.9448766786804255        -0.21995874129372234
5.974323301667226         -0.21282936452955092
5.988387645973062         -0.20951707689177762
6.0285810394731545        -0.20038206028626046
6.0360998344095           -0.19871793149029812
6.049014206191455         -0.19588871416634268
6.078898946951361         -0.1894828090402013
6.08651890469409          -0.1878799279660327
6.092565243494656         -0.18661757754248987
6.093588094262384         -0.18640850175150128
6.094732712488757         -0.18617476548640022
6.097115905937747         -0.18568888391177837
6.1010298356019455        -0.18488950244013838
6.140299942683164         -0.177021290155219
6.1484921900008           -0.17541480410171384
6.175866022037301         -0.17017146560865165
6.1781482604049724        -0.16974194663221087
6.220218924276381         -0.16203467672138264
6.2250241237521955        -0.16117977846905743
6.258796055958315         -0.15531832255089625
6.261016834612466         -0.15494189973962064
6.294237848972095         -0.1494437254015857
6.296599332992976         -0.1490559425763155
6.322035408142303         -0.14492575508297817
6.3289683254714975        -0.1438148459647608
6.339828199515898         -0.14210209771546542
6.35342474172765          -0.13998040997909933
6.365333471535271         -0.1381602218025943
6.372738960048469         -0.1370386023591481
6.37788474349814          -0.13626387110248087
6.416354777726298         -0.13060394178481183
6.417493478931236         -0.1304397970089397
6.421162454885887         -0.12991223569647742
6.452341389125463         -0.1255106254521255
6.472794405592918         -0.12270253294649948
6.491617757905379         -0.12017371044125355
6.500878476109535         -0.11894911266514288
6.53124348105923          -0.11502414244509121
6.538984352018836         -0.11404571382343678
6.5438502559628775        -0.11343009394281921
6.572173951266071         -0.10989558396380522
6.577509993534187         -0.10923977377852138
6.61398479441927          -0.10484584332699771
6.615747774105623         -0.10463739577230917
6.642993627974554         -0.10147714719975605
6.654130928324216         -0.10020677008382688
6.694004317333986         -0.09576061593059686
6.696100701035685         -0.09553126748554618
6.6964083555383           -0.09549764657893971
6.697018391911464         -0.09543100904246733
6.700065652290847         -0.09509869941912706
6.701241838046784         -0.09497068322559815
6.756369056322144         -0.08913491204614885
6.777575774208943         -0.08697294194773264
6.779837148190751         -0.08674512093203544
6.78082455390836          -0.08664580965165718
6.798622805561353         -0.08485787597605238
6.806380709130492         -0.08408698820983701
6.808229432174623         -0.0839040399678744
6.833090047950276         -0.08147210870387606
6.847294048899419         -0.08010897381734744
6.859529992838425         -0.07894530279658896
6.87067737321887          -0.07789369171949997
6.88741883502546          -0.07632963871858102
6.915413984747978         -0.07375868732307493
6.916279759666876         -0.07368010308133814
6.917599383032107         -0.07356043086905444
6.92674834988361          -0.07273428627862547
6.958410714486485         -0.06992302033752056
7.010543607617947         -0.06545586756070182
7.015994128478163         -0.06500058425921323
7.016624748771615         -0.06494805042405283
7.024467374519585         -0.0642945305281918
7.024939711589006         -0.06425527020553501
7.030281384523147         -0.06381144122017349
7.036045100392886         -0.06333425544839774
7.084305690345598         -0.059408346552789246
7.09723357773648          -0.05837781888321678
7.112332454783817         -0.05718551570811189
7.116500589100796         -0.05685849896497022
7.144736428627388         -0.05466743435687969
7.14848391420746          -0.05437980673460024
7.181749107796334         -0.05185921982718277
7.194016252773547         -0.05094449147673844
7.203134960068531         -0.05026698610091043
7.209457849496308         -0.0497999083637836
7.231241644002393         -0.04820609130578873
7.246059408494802         -0.047132208097344405
7.259814587960998         -0.046142770133981104
7.285625988064778         -0.04430542825144604
7.294936391135637         -0.04364887005911989
7.306369954336034         -0.04284707710259402
7.319548025433081         -0.04192956129690994
7.347516192191516         -0.040003149700322455
7.357930090856626         -0.039293097777718625
7.363654594784982         -0.03890445767172424
7.387138267939676         -0.03732256783071691
7.405392797527183         -0.03610030067531055
7.427489974412766         -0.03464509451028315
7.440400967702226         -0.03379786634840414
7.456380257153998         -0.03275504559845762
7.489839983349622         -0.03059204595033177
7.508991997010597         -0.029366519250131846
7.519173725533765         -0.028718716852812434
7.5555666953120735        -0.026424366036155347
7.574296246575616         -0.02525655193291978
7.592591305598272         -0.024124419517419893
7.59970054972738          -0.023686776681188782
7.612675441600296         -0.02288834600897682
7.622871355016395         -0.022262783806793206
7.633564637072377         -0.021608464210017313
7.661470254497362         -0.019910823019843097
7.678029192484942         -0.018908677337524802
7.710900167223327         -0.016930845660455673
7.7158447019087255        -0.01663466062896972
7.716941992482685         -0.016568978273830127
7.72383244868772          -0.016156914862926204
7.726968456514814         -0.01596959804401996
7.737185170321598         -0.015360310723607872
7.783409377293436         -0.012624763001576533
7.783994099127598         -0.012590364108963773
7.7886981493414815        -0.012313813470449332
7.7892774947152095        -0.012279760119741731
7.794293730101362         -0.011984985109931772
7.825733948827615         -0.010140462957490963
7.8442134212478205        -0.0090575316581727
7.860573166086157         -0.008100332669423865
7.904209306191294         -0.0055541545799159845
7.9055540943260265        -0.0054758464105610135
7.9188600190553124        -0.004701548235530263
7.932220243271956         -0.0039251296795252254
7.950063467755381         -0.002889585903788847
7.981051686854446         -0.0010949701708848837
7.995813075934915         -2.4179517944366555E-4
8                         1.5773565176058887E-17
