0                         0
0.03034114726846677       0.001772852096138303
0.04842818339050059       0.002827568409269654
0.05680053396912111       0.0033163449014946677
0.07365868556632289       0.004299055320382536
0.10872601435124965       0.006349221298678024
0.15947625520535041       0.00933059539852228
0.1617810298442929        0.009466393958926938
0.16413570510699887       0.009605168782468563
0.1683363125674324        0.009852825799275251
0.17856364821081777       0.010456288624105855
0.19498896658370526       0.011426902849828025
0.22738358032504952       0.013346386206788746
0.2525030915688349        0.01483831002638391
0.259360093634011         0.015247507275116598
0.272126385909641         0.01601183379932552
0.2967863280387382        0.017495288664197813
0.3159789221858343        0.018656274032919033
0.32633086112116266       0.019284811917630873
0.3413237784085943        0.020198037368355518
0.3508232350113991        0.020778430245511743
0.36357319011692013       0.02155958657559515
0.3653408324838979        0.021668081345253866
0.3677760146637422        0.02181763370104439
0.38303415023347065       0.022757324656757883
0.40911426853743665       0.02437404289707231
0.4118657380367722        0.024545383444842306
0.42692066974573684       0.025485511192561358
0.4342749261914058        0.025946370265776078
0.43740175623197347       0.026142635488720846
0.480735104056207         0.02888529907595334
0.49181284856867546       0.029593873884046957
0.5069989891548917        0.030570160380528608
0.5146114857492252        0.03106183744376341
0.520099941684879         0.03141727264639553
0.5269838594508154        0.031864199199089435
0.529818582440553         0.03204860117936775
0.5655618562502115        0.034391883449397025
0.5922681464670707        0.03616557501379558
0.5925111211423394        0.036181815728651555
0.5927565483940319        0.03619822227334808
0.6255363767071949        0.03840664815591064
0.6355171860098002        0.039085823439591376
0.6357717259448845        0.0391031856282967
0.6370118585471847        0.03918780449974189
0.6622638662393789        0.040921428807641644
0.6783570489885075        0.042036801590072566
0.6793583595238148        0.042106498104625176
0.6867573295766617        0.04262265604829107
0.6930964199955518        0.04306671703984338
0.7281926403521638        0.04555599331871224
0.7383967329574118        0.04628951321523156
0.7595840018506828        0.04782661799750611
0.7712934432963168        0.04868385762089791
0.7795528157851109        0.049291785299543256
0.784776856633813         0.04967769309557613
0.797987066332494         0.05065837216819727
0.8059995252561866        0.051255729228633584
0.8102039647751461        0.05157013991776695
0.8173813223452687        0.052108386002747774
0.8194748253861674        0.05226574328797303
0.821599393747848         0.05242560218458699
0.8297927701158939        0.053043381606760226
0.8341430798923095        0.05337300525379494
0.8629798602147036        0.055586223986478535
0.8820138953959106        0.05707414579834784
0.8924837835399155        0.057901206932142915
0.9037670802169943        0.05879936620245608
0.9279569023654677        0.06074882009368117
0.9309812371878676        0.06099484555766756
0.9683861701812816        0.0640798496257277
0.9744288147634333        0.06458554198655626
1.0026790067702405        0.06698354370995903
1.0086820393821554        0.06749916408859867
1.0252571519024267        0.06893380237875384
1.0366102104280985        0.06992572701521277
1.0394033649488505        0.07017092267040545
1.0457105940539957        0.0707243256602643
1.0971529374956699        0.0753554940612537
1.105598870028484         0.07613586738762788
1.1071074697981138        0.07627585078189217
1.159676247456554         0.08126621980951253
1.1644178848469757        0.08172769231260697
1.1669712563480195        0.0819769650989158
1.1738931887356174        0.0826554292496612
1.1943422667246366        0.08468291139662436
1.194344483345974         0.08468313294873547
1.1943521647100905        0.08468390070692375
1.1943623763128013        0.08468492137169863
1.2458628578567934        0.08993865883216798
1.2680424581704208        0.09225211507337633
1.2698386603251597        0.09244125840478228
1.3332727757834744        0.09937891056593548
1.3412446614242128        0.10028593367419773
1.3655853769127562        0.10310048357568576
1.4023011990716219        0.10747458164744264
1.4256784801463938        0.1103401950075112
1.43733484204959          0.11179171457781133
1.4626825697005428        0.11500033197350121
1.5055311063272587        0.12058679248475929
1.5156811842639746        0.1219400472970715
1.5321791904336937        0.12418049294317456
1.5369259053664202        0.12483047402899472
1.5581724867227251        0.1277775744212458
1.5618359935387873        0.12829362929649818
1.5816134075244368        0.1311196401322296
1.58974627272653          0.13230138216021495
1.5924547233705455        0.13269747160993126
1.6047418476404336        0.1345103004587117
1.6114999345476198        0.13551851204244003
1.6220673815772289        0.1371108600610928
1.6503119365381411        0.14146167257512812
1.6582109759789934        0.14270313674136675
1.6725577899144473        0.14498557577990798
1.6866950005000898        0.14726949336672546
1.7043009900762844        0.15014316721485613
1.7251738910639063        0.1536118175114947
1.7430704227240799        0.1566831446024344
1.7500106863272213        0.15788664475371159
1.7621526729517099        0.15999536965675507
1.7667491883875748        0.16081451487740303
1.7948968536018153        0.1658763089024677
1.7966400653309003        0.16619557700730597
1.806631517708031         0.16803852525929242
1.8070694567063763        0.16811981141042806
1.827065912592272         0.17187674368129238
1.868882081941088         0.18002019968645255
1.872403651777817         0.1807237351698729
1.884738293255865         0.18320965595423597
1.8875020045284596        0.18377093456937446
1.8886473625653069        0.18400404348655214
1.9238480083327223        0.19131101734114414
1.9317536968424498        0.19299011273346658
1.9459853139242578        0.19610454056413046
1.9499160907596502        0.19697889424103399
1.98188484216698          0.20406647778749645
1.9835049681605066        0.20443497984784176
1.9835460544642036        0.20444433620488262
2.0109695004018375        0.21082757717655828
2.025418524627033         0.21427234652756288
2.0332500866655163        0.2161629710623887
2.037775790926634         0.21726306179938346
2.0676311889330194        0.22465851991709662
2.0980197539013345        0.23243275221588994
2.109948221714429         0.23555240538444905
2.1114481512686436        0.23594739631732897
2.1146443429769812        0.2367911030086707
2.120687096426355         0.23839374701461966
2.1242928774642014        0.239354751544778
2.141935116042196         0.2441308483736705
2.1503080654541744        0.2464414350755283
2.1660820634920745        0.25087111071825424
2.178205342117751         0.25434369625949416
2.181097648899609         0.25518091320110897
2.1860361516308684        0.2566044623196373
2.203379732439393         0.2616523882408308
2.232497897533194         0.2702973165952457
2.2558619304651093        0.27742638595832025
2.2598935380157905        0.2786833890042358
2.266795906466168         0.28085660910849064
2.28519433909522          0.2867500297872846
2.294299743392547         0.28972083870305126
2.3040427548189673        0.2929393855233207
2.3162799521061572        0.29704002993934187
2.3276028192567653        0.30089196567673815
2.348944084496869         0.3083027940197288
2.3520467396642513        0.30938224251857754
2.366020448955951         0.3142807356533463
2.38859685351489          0.32232245445014135
2.3913821914691695        0.3233501898280553
2.395202434587297         0.32476453096518054
2.40352089908477          0.32786320672785585
2.4142672658017306        0.3319048213986289
2.415375080708739         0.33232393069400745
2.437339066694548         0.3406601470094377
2.4426572518544134        0.3426935139448945
2.4469464688494877        0.344337695179011
2.461797867255992         0.3500598623571013
2.470169971405081         0.3533055598788092
2.4854940634767337        0.35927177745129135
2.50203286170321          0.36586732661842764
2.5190649950101456        0.37282931670156555
2.539564821430201         0.38143710120495383
2.5453087595295187        0.38389369444027466
2.5809062344080567        0.39932111998903036
2.6220371626238235        0.4175730383856576
2.6323628965089427        0.42214602590936773
2.635970376235635         0.42374650779184186
2.651012045272155         0.4304356189588065
2.6634754697641587        0.43632380780957103
2.683075727770003         0.44560249041451755
2.701420581456251         0.4543076777864052
2.7208426030679993        0.46346592811229653
2.7351673816900854        0.47026943446653463
2.744070990138311         0.4745190548924569
2.7545288550634535        0.4795309524906954
2.789299360149265         0.4963533803679334
2.8293307780872254        0.5160234356550798
2.8515689161217086        0.527090298577399
2.8526964714285494        0.527630565232267
2.854343971815349         0.5284192794742075
2.8574581489641924        0.529907924931165
2.8589387466940237        0.5306146664149587
2.866992772355056         0.5344384646814209
2.8829563877756446        0.5420179700305475
2.9072781714582634        0.5535957560426964
2.915203378215604         0.5573788217239182
2.9201794217320964        0.5597408476950206
2.9322390471835016        0.5654160275248916
2.94978199441632          0.5735470597854999
2.954801737597721         0.5758465092139056
2.971523412671398         0.5834191910837221
2.9809068463390815        0.5876098765860204
2.9839772890797818        0.5889719787900707
3.00129837797632          0.5965711984632704
3.022867403610699         0.6058329017084433
3.024537711473938         0.6065809359087496
3.087473606485795         0.6310629869075635
3.093667087264058         0.6330822961755375
3.138085483080988         0.6461463912343784
3.1398099395095556        0.6466028702542124
3.149268800001839         0.6490393034822083
3.198047572160992         0.6597935031939884
3.2030668025343436        0.6607280078157807
3.2065737906966554        0.6614357846628933
3.2386953082153607        0.6673429702827196
3.2538272924044978        0.6688024628677138
3.262429719753593         0.6693617527958952
3.2772436211053964        0.669608281582669
3.286549094992484         0.6695129805598988
3.2904824644129507        0.6694146572571099
3.3254442025634807        0.6670250519996278
3.3735271482749556        0.6592880454024724
3.3760726183245904        0.6587348147415275
3.3849090054266435        0.6567022217117493
3.3864577360856765        0.656306051221922
3.39697994394008          0.653351372043173
3.3996145940911133        0.6525397576058791
3.4031123809832358        0.651477040972128
3.4537416969847294        0.6303591135122201
3.5130841865355658        0.5979919589068255
3.513312219012115         0.5978485249860287
3.5133661838278334        0.5978133538157828
3.5133845002571533        0.5978014145790141
3.521763843149505         0.5922523676069013
3.5221034475508586        0.5920238055505935
3.5267512264111476        0.5888670370627664
3.5291050679374587        0.587247904379699
3.5757038274437023        0.5523698005787132
3.5991971891389523        0.5325785022538899
3.6050307145218814        0.527393069905588
3.6433636157637252        0.4906355445861329
3.663052031713274         0.4699457244000941
3.6694186252741385        0.46312038143549256
3.67709733183801          0.45470482853606287
3.6870144497819535        0.4435390820504389
3.694815682969445         0.43452037576883806
3.701584721672648         0.4265270950357356
3.706943907560237         0.42009244012879693
3.715350204538085         0.4098738076839854
3.7533804080028803        0.3617311214043534
3.76265561125802          0.35054235733007727
3.7734457765508953        0.33663938106248653
3.819065599815946         0.2732181225182711
3.83207894843815          0.2548313667339547
3.8392574615362327        0.24463261517137944
3.8685415550303754        0.2034964405017016
3.879076894285105         0.18817846180760575
3.8925432163591687        0.1681993146640228
3.90760288162192          0.14532506230607067
3.9138472841814176        0.1356759027946882
3.9261264077110303        0.11642036456630969
3.9518518164063923        0.07487016403212077
3.966960048631255         0.05087773352991694
3.9975887743318443        0.0027571795442514644
4.013908447793065         -0.022598677460543705
4.033813406607246         -0.05325785308736051
4.0458891687104535        -0.07171481065085097
4.054272779077493         -0.0847021287216096
4.067953232729989         -0.10571557011875017
4.091898173610099         -0.14196004060578987
4.097759202471888         -0.1507278191623
4.127723775711615         -0.1949152077827397
4.142179691949496         -0.2164332970641946
4.15325844660881          -0.23283820836230612
4.159327031564542         -0.2417754484492997
4.163288675902177         -0.2475685928385053
4.183524421786198         -0.27665189431812975
4.192245164548083         -0.2889237816957516
4.212953617875659         -0.31743309326676616
4.218383830556521         -0.32476172385563623
4.228625555183135         -0.3385089037036415
4.236105344496693         -0.34835534502609533
4.246047668231522         -0.3611906613513908
4.289991548646784         -0.41446501474703557
4.293205196045047         -0.4181398124240466
4.326947833760921         -0.4560926671321469
4.340458157268236         -0.4707161729701166
4.3621582588960415        -0.4935189870736556
4.370323980542031         -0.5019655081337432
4.380598726775403         -0.5122838532874934
4.381105295780918         -0.5127836440469128
4.393842861807464         -0.5250750051747539
4.425234179182393         -0.5531022014651259
4.428505097973784         -0.5558372491396463
4.4295270092182015        -0.5566845705957059
4.460707627540118         -0.5808967205226552
4.474750643854908         -0.590763156043269
4.476567084515061         -0.5919706614520461
4.480933185340989         -0.5948127413931953
4.488276377364846         -0.5994356986087214
4.489010375309889         -0.5998907165289742
4.538722512503708         -0.627715200719639
4.541864975499689         -0.6292758503893419
4.541939097262984         -0.629312377134075
4.542005125967241         -0.6293449046254094
4.5422584477106245        -0.629460541524204
4.542520911463997         -0.6295802301919307
4.542708543908859         -0.6296657185688649
4.543281711992973         -0.6299264721780983
4.544265260723496         -0.6303725488529852
4.5499204710863745        -0.6329037342932465
4.556578805887411         -0.6358103806594688
4.607315223028973         -0.6553476553898501
4.608304254098455         -0.6556592034815693
4.631664675748057         -0.6620401970345946
4.6366677830687655        -0.6631629231499439
4.684074364653667         -0.6695310232948376
4.684776103573427         -0.669567265222774
4.715934257322542         -0.669470314223564
4.716453023362656         -0.6694404568697182
4.716730335565765         -0.669435617633512
4.717465754040091         -0.6694217197422699
4.741559747697256         -0.6681113635859611
4.750825217554015         -0.667165693309133
4.7630284418097295        -0.6659782768344117
4.767011201799666         -0.6655285444756057
4.794495665024695         -0.6615905866510061
4.797494894215151         -0.6610726493297797
4.823207972921072         -0.6559199582414412
4.831765874280665         -0.6537485304723436
4.863220482738991         -0.6452868772578548
4.866873619982107         -0.6442347437500655
4.886705619143263         -0.638270946015856
4.887377520944953         -0.6380614399890409
4.902029193585476         -0.6333714101976505
4.921476422099619         -0.6268363217599235
4.925758306482739         -0.6251294574634053
4.954762216882791         -0.6138095668481534
4.96297838481493          -0.6105020377013025
4.983324448902783         -0.6021198010658891
5.017503164353718         -0.5874241400428983
5.0177410878345405        -0.5873191406592806
5.0180297354016625        -0.5871917058096684
5.044308469129901         -0.5753596729013385
5.059714444833337         -0.5682113197795913
5.072171119643498         -0.5624343679902526
5.095254620438871         -0.5515796851319932
5.10708526404678          -0.5459412766131898
5.118480305651111         -0.5404021294358968
5.141912312342705         -0.5287696723304509
5.142140532450949         -0.528654773916559
5.153587316574583         -0.522852189650464
5.161995660924225         -0.5187563694819874
5.187580215321197         -0.5064782416136009
5.191558730019531         -0.5045938832125958
5.206761423204417         -0.49745522542820014
5.211591193292889         -0.49516491849566396
5.234919861899731         -0.48404772286532494
5.243797841213229         -0.47979318854459985
5.245213454759954         -0.4791135824953202
5.2474904875444555        -0.47799559213686116
5.27012554168539          -0.4669119165857347
5.285743847516598         -0.45948684994293276
5.288721279506534         -0.45808038922359356
5.290412402419058         -0.4572828353603439
5.292044936338778         -0.4565137981048413
5.324342064086219         -0.4414054128132922
5.336352174258767         -0.435859181707236
5.339077545734962         -0.4346060490011609
5.342795933218808         -0.43289956785662226
5.389460173337491         -0.4118021253840479
5.391787033440922         -0.41076555334680065
5.393095538572539         -0.4101871689293819
5.422560181466549         -0.39726397044536577
5.4386120502878414        -0.3903047926439813
5.440365341660655         -0.3895506797209358
5.44148242591601          -0.3890708975661892
5.449812268158251         -0.3855102051263628
5.451503753010075         -0.3847908069977505
5.462377329603347         -0.38019561372047245
5.470255721941043         -0.37689798183012563
5.473103446123146         -0.3757125925633344
5.4856057785332695        -0.3705496882921761
5.495079140426024         -0.366682412307599
5.501353887989887         -0.36414215900291047
5.5123973209913535        -0.3597093633281794
5.522150179482159         -0.35583037602579315
5.547332793878894         -0.34596496298476875
5.554204103444529         -0.3433107528134602
5.57524458789883          -0.33528376853932673
5.59592813919644          -0.32754051238827536
5.598755207963067         -0.3264935132940853
5.604859106456204         -0.3242544780939101
5.641075606810477         -0.311247164059253
5.66049139253751          -0.3044695634313052
5.664027246706882         -0.3032499793530045
5.680747230514714         -0.2975442854191227
5.690924771119423         -0.2941236921186212
5.694392788850813         -0.29296988491768167
5.699484725041549         -0.29128663903189
5.7025802297612325        -0.29026965716730885
5.70868994650225          -0.28827638542612455
5.72872023127608          -0.28183927678603415
5.730935624245171         -0.2811355785669903
5.7334721940620135        -0.28033188185302604
5.754901190894785         -0.27362830847723896
5.75606883193775          -0.27326746074952846
5.760424221230522         -0.2719255031496184
5.764649729846343         -0.2706296407016231
5.769441162807765         -0.2691674639239135
5.776215706172649         -0.26714628118045103
5.79633505396338          -0.2612071251449753
5.806794372466569         -0.2581570750953219
5.819472971136955         -0.25449425620505417
5.8466501839942335        -0.24676982591646263
5.850659176330439         -0.2456450316946011
5.853612928421567         -0.244820522189939
5.858993068643011         -0.24333115768733
5.868417446499186         -0.2407499826972945
5.875685933509145         -0.2387808872652809
5.882623330046919         -0.23691904641872283
5.894142966636968         -0.23386531860897453
5.901552859222969         -0.23192602998317838
5.905986371057898         -0.2307750638126314
5.921039435037519         -0.22691946257626816
5.933932785756782         -0.2236812373371543
5.942780527319357         -0.2214933591275542
5.955047592841833         -0.21845519360339546
5.982213450360844         -0.21188888094124228
6.002393944956204         -0.207174883273437
6.01947272920514          -0.20326420158328978
6.023024475074185         -0.20245999830125433
6.050016407763471         -0.19645042406830424
6.059467551637498         -0.19438883147819444
6.071820931754179         -0.19172751745643574
6.094428836353215         -0.18698154655352756
6.113520703470552         -0.18308377164872902
6.115044605241855         -0.18277699787131096
6.117224189524248         -0.1823403455668344
6.14699433400165          -0.17646225757360468
6.1634364257365615        -0.17328447161107446
6.195325025245223         -0.1672606456714895
6.199078290070846         -0.16656297904972836
6.200475889872531         -0.1663040188277518
6.2229173621653455        -0.16220748199170912
6.233132664794287         -0.1603811770558478
6.244363045984535         -0.15840113869367584
6.266065172155014         -0.1546571473598503
6.267986089468909         -0.1543289118410636
6.2715761659873674        -0.1537176461812649
6.292359866266034         -0.15023488244380573
6.294123729063235         -0.14994370359656714
6.297870860098387         -0.14932740842362155
6.304515030085381         -0.14824847041460754
6.308930565414133         -0.1475350035838685
6.346676243735258         -0.14155222927150812
6.377326670965797         -0.1368471551707362
6.380016226346112         -0.13644083604596718
6.394198493991612         -0.13431575215741248
6.419129218732185         -0.1306513173099111
6.464659959232057         -0.12421530667981218
6.48350134000929          -0.12164260159315188
6.491506925815457         -0.12056548182859265
6.494322251606873         -0.12018895977470394
6.518864441811937         -0.11695668766748912
6.533197613535473         -0.11511046881079841
6.557813682591183         -0.11201114175660676
6.557845199633601         -0.11200723140490977
6.557996529871797         -0.11198845776819177
6.567582312470633         -0.11080622181858667
6.5692113361348525        -0.11060667130038478
6.575393733547217         -0.1098435312578865
6.580057002980913         -0.10927055189676822
6.5817093156127635        -0.10906807639649269
6.626665855763642         -0.10367270276288162
6.627670561467908         -0.10355470871964219
6.62807083051236          -0.10350773202971318
6.64335913321878          -0.10174118153869294
6.676312492278703         -0.09801088696775882
6.680069798947802         -0.09759228175044829
6.6826513034940005        -0.09730547090281884
6.708369442837001         -0.09448358201930072
6.7184320903612935        -0.09339700994741004
6.772957873407383         -0.0876808257333758
6.782371713839374         -0.0867232507600339
6.788668055161644         -0.08608760591106981
6.797887105850785         -0.08516386759353521
6.8036192238835245        -0.08458974896301133
6.814444761049665         -0.08351384680709958
6.820442451678232         -0.08292086965746127
6.8353333476734415        -0.0814621663130064
6.845770794949136         -0.08045343105085889
6.851795331697739         -0.07987331594304442
6.85368752384111          -0.07969155871910794
6.866718864799636         -0.07844534018976519
6.879046680884781         -0.077292145363431
6.8934704991489015        -0.07595289114543297
6.896526281050956         -0.07567095181565855
6.900407658507411         -0.07531374218736424
6.90652246627019          -0.07475303533273624
6.910377270169834         -0.07439970095950402
6.914683856546468         -0.07400625756623325
6.928299024575444         -0.0727714328358136
6.951229866085257         -0.07072276211766752
6.959020484779252         -0.07003560235772206
6.99265766551715          -0.06712029532139188
6.993675205037262         -0.06703341197185704
6.998705978685986         -0.06660498262642854
7.005947491195573         -0.06599157430812841
7.010768500937672         -0.06558558304118044
7.0291931524952105        -0.06404298842619088
7.072643704279297         -0.06047749946194792
7.089377297441362         -0.05913148063587843
7.106834591375596         -0.057743319301610835
7.139260197365615         -0.05520846409324283
7.157391477826479         -0.053815741007525356
7.181649006570253         -0.051980125625403654
7.1880938142300455        -0.05149689366018503
7.202001366862452         -0.05046198437885625
7.203194781546294         -0.050373679939898594
7.2044925318435125        -0.050277848144696706
7.224197555730921         -0.048830266917239455
7.263786698515133         -0.04596464362313431
7.263996130649323         -0.04594963567634125
7.264827626850007         -0.04589006624227729
7.284492153986839         -0.044488605578553636
7.324252462393181         -0.041697924462766225
7.32479747975235          -0.04166007054570328
7.33990231639505          -0.04061527099045138
7.378558179162061         -0.03797855550387894
7.388663020246026         -0.0372971502405103
7.391679177659605         -0.03709450801899141
7.417842776825972         -0.03535457066088357
7.427128654279193         -0.03474110329559989
7.455588494116792         -0.03287417924366026
7.4581658021997015        -0.03270604690500777
7.459413157787211         -0.03262473742494285
7.466623960313406         -0.032155497519913485
7.494849238483045         -0.030331865060205594
7.524137144367506         -0.02846166434661812
7.557055934468378         -0.026386463191425378
7.557219741785212         -0.026376207836478458
7.557265389956649         -0.02637334475190457
7.557350977665131         -0.026367976765919024
7.5575252060220155        -0.026357049855079737
7.5897256398064545        -0.024349975754880827
7.617427947874275         -0.022640405672243187
7.628177655724066         -0.021979940178912465
7.642195938312346         -0.0211228661503302
7.655951665220117         -0.020284711088047146
7.688829244991918         -0.01829293856414739
7.692494846092894         -0.01807180357932707
7.694682962928489         -0.01793989797658663
7.697352928310242         -0.0177790435510309
7.718936805891155         -0.01648267149178029
7.734219847896217         -0.015569011073600252
7.756704530053729         -0.014231254034294663
7.764590164738992         -0.01376390254517754
7.765366025266392         -0.01371797118526659
7.783711564691026         -0.012634564179563254
7.822427387191398         -0.010357418856875945
7.824842005952047         -0.010215646793337953
7.846854093789027         -0.008924572465036775
7.85599553912434          -0.008389111751971288
7.889776766321243         -0.006414000477227035
7.893474585547486         -0.006198144015904501
7.921281627784918         -0.004577126886363991
7.928698414352157         -0.00414441959983762
7.948445787372155         -0.0029938890322403788
7.957883155245172         -0.002444847281084543
7.959250360739575         -0.002365349830092771
8                         -9.497507238093692E-17
