0                         0
0.019530949501521906      9.376977750264481E-4
0.07890085466759145       0.0037981613694088572
0.08306118680255994       0.0039991754789639915
0.0868695822706967        0.00418325031538217
0.09770247984660428       0.0047071878879652055
0.12940461251631913       0.006243371453938632
0.1661223736051199        0.008027993148060132
0.21196398799245209       0.010264198899506742
0.21621071373772363       0.01047181593674309
0.24429465367250708       0.01184604641914712
0.24604539515482216       0.011931812441071393
0.24896783419282084       0.012074906080299977
0.2519196523934443        0.012220036594794738
0.25335487396182255       0.012290571541610505
0.2576121069007184        0.012499915072848507
0.29977593126431296       0.014580959071493965
0.3025451991828908        0.01471814584989805
0.3475047244041133        0.01695412866205459
0.35315800188922775       0.017236448868462872
0.35434291988311545       0.0172956557100737
0.3566170529895932        0.017409319416140944
0.3586656616534751        0.017511747197451088
0.3601561329973439        0.017586290301590507
0.36572402418695754       0.017864917777584612
0.40654007251414226       0.019915132078258825
0.4135707496447739        0.020269827885135042
0.41592089891812856       0.020388578071049168
0.43233657239785567       0.021220602515861876
0.43378042332454353       0.02129399807833208
0.4490385387870157        0.022071735041417052
0.4509560493415218        0.02216974816530055
0.45246968761838563       0.022247160614336715
0.4526453863211762        0.02225614889194084
0.47003038492941024       0.023148056581431778
0.4806337715903422        0.02369421438552599
0.5107082135803388        0.025251514260940217
0.5165377936564223        0.025554786694129306
0.5190863657440055        0.02568769632649112
0.5190953941764375        0.025688167311595775
0.5191259167062834        0.025689759584259
0.5211961358085697        0.025797784593337217
0.5219427416685047        0.025836756199432702
0.5250002251616088        0.025996560994777707
0.5295729462705413        0.02623581891060258
0.5630266663657217        0.02799556723974525
0.5744658416266293        0.028601071988195434
0.5929927071318855        0.029585828300516138
0.6052867166701403        0.03024406681175843
0.6356354218415535        0.03187546767031159
0.6394309559774148        0.03208098637080259
0.6405048643794383        0.032139195912824395
0.642429593040712         0.032243589161776796
0.6834967327413274        0.034491903479516285
0.6930203627932371        0.03501830382395306
0.7025479241923267        0.035546807931668374
0.7400092776692866        0.03764188911353362
0.7424668107794034        0.037780476023741
0.7514592026655187        0.03828878374645321
0.7550210658449228        0.038490645379763176
0.7609753433726586        0.038828754189961914
0.7623424815542421        0.038906502923240584
0.7646159132184405        0.03903588895653181
0.7864465190910153        0.040281097325663734
0.7963543729098901        0.04084947100204421
0.7997059837943963        0.04104219645588433
0.806961549663245         0.041460199919061025
0.816413818901222         0.04201052449599972
0.8362363222064841        0.0431717732307904
0.8603485243625361        0.044590908617416006
0.8803157420727743        0.04578256251309156
0.8881138105903432        0.0462513347223227
0.9143997108514693        0.047838490245408184
0.9220981126343191        0.04830765071334138
0.9419667921720085        0.04952755846799034
0.9526051500487107        0.05018610590248676
1.0034143980739705        0.05338299511698878
1.0074245628494591        0.05363894842847601
1.0121912565846003        0.05394370240665501
1.0136828250174323        0.0540392085719783
1.0177578561668517        0.05430048600741698
1.0203318324085422        0.05446578512802668
1.0263280912504622        0.0548516547694015
1.0462838411537787        0.056143840632706665
1.0957831362644814        0.05940054381752298
1.107090298263626         0.060164155250268594
1.1117824738182924        0.060482919499339455
1.1140855390310702        0.06063968046523442
1.1284746131042498        0.06161770504843029
1.1571260424128291        0.06358672769265747
1.1620886664071652        0.0639311269053606
1.170713375350515         0.06453202379882068
1.1727127314780004        0.06467174875076451
1.1767079430158573        0.06495143511075278
1.2120984852189653        0.06745676172755624
1.2259219169245585        0.06844852894740194
1.2320995648293493        0.06889414305333023
1.258102242684514         0.07078603138678675
1.264289152317795         0.07124003775443707
1.2950129903100627        0.07352445735274955
1.295324492622544         0.07354790129262245
1.3085480093889867        0.07454377954633729
1.3465441784423222        0.0774589550122708
1.3555331814496223        0.07816025810200072
1.3583495750674128        0.07838090360931385
1.3626624011766886        0.07871963200105114
1.371305321017727         0.07940153127330718
1.3834635151223547        0.08036687082188491
1.3843280107518265        0.08043579143511617
1.4260576785577093        0.08380323457956901
1.4413266640680142        0.08505575702095997
1.4420746812536258        0.08511739761871666
1.4770772608329272        0.08803108073163347
1.4884153749102558        0.08898718321933535
1.500022529351169         0.08997457333676206
1.5164521249836138        0.09138244581882038
1.5167360084524688        0.09140687772468563
1.5173364960043976        0.09145891232958751
1.5350050762647758        0.09299982565672144
1.5401245063678755        0.09344986582273951
1.5651491454346202        0.09567247808720608
1.5897123623063676        0.09788630875095888
1.5983754978769864        0.0986747083626101
1.6004780663747566        0.09886615468404254
1.6120779014072504        0.0999278290793529
1.612467697732433         0.09996366595551831
1.6165060719563578        0.10033555896399812
1.6459046058674107        0.10307668194078977
1.6754157207952314        0.10588811183123985
1.6810745164277963        0.10643405419126566
1.6890587426595811        0.1072115085959091
1.7015016487666075        0.10842936039530193
1.7566696719023949        0.11392049514180164
1.7669863830794479        0.11496394895459525
1.785434186355741         0.11684282339041294
1.8132907242465146        0.11974339914865342
1.8274232553569005        0.12123540070960616
1.8459027368140748        0.12319345343914272
1.8561608756282717        0.12429209853023802
1.880063859518124         0.12688454304196137
1.9068776743355338        0.12984671157980196
1.9146778987377162        0.1307191418608417
1.943322444848461         0.13397504698373575
1.9488454836037712        0.1346088358360697
1.9588293810315252        0.13575945376679333
1.9683704361150771        0.13686496648203703
1.9828154831329359        0.13852950701392927
1.9842363948633195        0.13869398830718047
2.0090103451290338        0.14158323254375568
2.0245101469311644        0.14341153997988715
2.0363513131141735        0.1448189982826107
2.0511022367887097        0.14658529328646297
2.056936997329426         0.14728792936438218
2.080649857747252         0.15016667254421148
2.103048552745604         0.15292004957417307
2.122088257173963         0.15525492653577508
2.1397958058583217        0.15748865059290787
2.15169269883273          0.15899692554117498
2.165357929315731         0.16070468274058797
2.17120810381576          0.1614404401071418
2.181533297697797         0.16274581623610712
2.191828504568415         0.16405605762633424
2.1983025043587006        0.16488441178221278
2.2206819474189765        0.1677742119550749
2.231541602949256         0.16919121021131295
2.2397355719243124        0.17026674838187955
2.2491430114123414        0.17150831824188936
2.2615810049548344        0.17316093230102508
2.2619991559156247        0.17321671047923567
2.2701557910221934        0.17430759589963493
2.2876399753134544        0.17667366651219923
2.318865759222376         0.18089525733974152
2.3197388903880123        0.1810132257124284
2.3198665227813255        0.18103046972703543
2.333089282761708         0.18281648204777867
2.33958195469465          0.18368722981745553
2.344644648115114         0.18436547125358752
2.3611430131156794        0.18657130277229045
2.3871687249492535        0.1900371590895259
2.406379121845286         0.19258459534252742
2.416175242486596         0.19388009269463752
2.4354744376826196        0.19639511476747937
2.4498256463291015        0.19828339755757649
2.474960374429982         0.20162767439968823
2.4962453105940288        0.20457874131904077
2.503789412949126         0.20561750898707848
2.5320056088184897        0.2094693134167611
2.533938287824653         0.20973121781676468
2.5441025137467435        0.21108310977414294
2.593692427131073         0.21753010323696967
2.5966872371884504        0.21791154373960678
2.5970393010218658        0.21795632598246067
2.598782822751948         0.21817791721482205
2.6250298522107096        0.2214768890012837
2.629908770089123         0.22208249581354972
2.683777488609685         0.22861025472609361
2.7028536456116092        0.23073448209686065
2.7062970822240353        0.23113329555353498
2.7138689420768087        0.23200386826234812
2.724228267150963         0.23318070167457622
2.7382280739860922        0.23474497898351457
2.7605755677970585        0.23717977660811787
2.7692911359843895        0.23810861661853472
2.7719460879935562        0.23838924934245814
2.7740763472014054        0.2386198614606363
2.787946704230785         0.24009282859484812
2.800870266724501         0.24142066756235292
2.814132851031073         0.24273862479126035
2.824108805404457         0.24366945947221197
2.846017086029181         0.24562844987774363
2.8575043105569096        0.24660880866480078
2.8677254936479772        0.24742864271455772
2.8760358507218116        0.24806728349213247
2.905502379932436         0.2501298894774225
2.9101377129631407        0.2504256895050613
2.916518501223102         0.25082012758717276
2.918639698610666         0.2509479822338761
2.921447499823997         0.25112546892154713
2.922223372564934         0.2511740445843254
2.957732673148704         0.25317996584355096
2.9754045909266926        0.25401979853764667
2.97812565546666          0.25413975743007744
2.9995638114542436        0.25499754074476505
3.013387503379391         0.25556317659805017
3.0173239097315854        0.25571636462575553
3.030892851001318         0.25597809427525925
3.0355245206532198        0.2560500502042281
3.0660286133990735        0.2565142892229314
3.0751566903506222        0.25654923986156086
3.081738851437185         0.2565447239019132
3.1095434758976213        0.25625086796564184
3.131865273351162         0.2556933908189425
3.1337689132433466        0.25563259469902005
3.182615736949339         0.25336013863453793
3.183721446602375         0.2532952980405525
3.1899583828388702        0.25291950677475034
3.1971536944159347        0.2524647666975661
3.1991258826209608        0.252328577238968
3.2370779552327082        0.24924599849447904
3.2609525830157513        0.2468569553195105
3.288848924613694         0.24362531155123351
3.3088008752848608        0.24102302450343163
3.317573751341832         0.23980199523931528
3.3339912429434584        0.2373610300509886
3.356253874524404         0.2337339252100558
3.371452055722586         0.231048145579573
3.3869128099970895        0.2281414259933468
3.4003878489780206        0.2254644614844688
3.4058536207195966        0.22444724364836893
3.417770927217018         0.22189202451778073
3.419479069320514         0.2215191501462629
3.421554475152762         0.22106386891353258
3.4506869728315066        0.21442651605244548
3.4705077052475084        0.20959889001531284
3.4765832517841684        0.20806854333294267
3.4816121107624465        0.206783897822361
3.491080423928042         0.20432106315721202
3.5213181904558946        0.19606999490885763
3.5215485134443285        0.1960048909166785
3.5265739671729595        0.19457588887398702
3.5323311143664244        0.1929244304278252
3.535673572156403         0.19196151142672935
3.535816931407753         0.1919199779078796
3.5724106730529686        0.18068983641900746
3.589200594469603         0.17511830262207503
3.5900101343411666        0.17484300739864664
3.5904889350762024        0.17467989627619634
3.6005547423439554        0.17122299643299868
3.6256418790476768        0.16241636364664194
3.6269458800923626        0.16195115300625387
3.6479335259890453        0.15436237209592238
3.6606613007595623        0.1496673026289932
3.685556318522546         0.1402811248479737
3.6899746044929973        0.13858725256847973
3.734421616272864         0.12112297484690789
3.7494347152240044        0.11493669512383088
3.7588679295696177        0.11097544272328767
3.768953521017659         0.10668028697975022
3.7806493306607436        0.10160207153573146
3.787535747032598         0.09856316863848388
3.792614533833382         0.09634515637585699
3.7998286842515974        0.09318628132451409
3.8012142527694186        0.0925712555971821
3.8051254515085287        0.09083238745974162
3.824707644603468         0.08206496493510504
3.8437739737652734        0.07345253109850776
3.849850516101087         0.07068813304030282
3.8600583567332927        0.06602299466883985
3.8626756588095246        0.06482254842402417
3.892183058363451         0.051167334723564224
3.903445700934079         0.0458964802047423
3.9070976757261198        0.04415189105400691
3.927850076984261         0.034255259807580776
3.9331580219893927        0.03172859855946243
3.9400239939369563        0.028463102635282747
3.941296939122308         0.027858030781882395
3.94450605106164          0.026333119950101267
3.9915525366572986        0.003988427138248766
3.99857196811664          6.616217311871488E-4
4.005348007463423         -0.0025480888572785906
4.012463603122996         -0.005911214166025471
4.026799260108784         -0.012681582425994873
4.028942037087821         -0.013692958170345191
4.058820747508331         -0.027779144203538324
4.0631973243299           -0.029839899044409365
4.064839889095614         -0.03061314802450732
4.065763797984324         -0.031048044131430683
4.084607339662021         -0.03991158001238965
4.102556513595689         -0.048462501431711325
4.118757816690241         -0.05608078453306212
4.126747456962514         -0.05980280716834467
4.15289025532374          -0.0718203782454681
4.164572280722545         -0.07711065243981717
4.169599612698356         -0.07937213288794356
4.209243696238671         -0.09688556174350206
4.214444574405443         -0.09914099841801188
4.221173170985458         -0.10204445069793504
4.25459680450558          -0.11622460171594172
4.257861034920193         -0.11758783244274339
4.261077637011809         -0.11891758539197572
4.295833133248135         -0.13294557169812463
4.299835673189877         -0.13452457215281863
4.304388746842957         -0.13629172201446926
4.30491325949748          -0.13649491174313957
4.327914850128628         -0.14524344978499826
4.330937636444371         -0.14637495593098682
4.331510173260867         -0.14658879497398167
4.352387641982253         -0.15428282349304406
4.360785328654307         -0.1573207821298935
4.3614128683863065        -0.1575464917677054
4.375868933816613         -0.16269552635540346
4.380744306468532         -0.1644102619797541
4.397938629235708         -0.17036997064346798
4.423823017504597         -0.17908382333600534
4.431644931576548         -0.18153682420858502
4.43449129413829          -0.18241958016029727
4.48011327548916          -0.19637142438471997
4.484082492700491         -0.19749999117199274
4.490929617306287         -0.19941474764464145
4.529129892285014         -0.2093517129418665
4.537006750547355         -0.21124346831169072
4.543876399408064         -0.21284943861734232
4.5594024295209525        -0.2163284372171528
4.569181581768999         -0.21841249504608048
4.574569177895716         -0.21952525814472063
4.585020997423554         -0.22172433131239436
4.600036452795896         -0.22478701301083542
4.611040812316118         -0.22695923717682012
4.618494698311989         -0.22839585906225474
4.640190657684276         -0.23233900757043047
4.6473664717352055        -0.23357821070264215
4.669210641169014         -0.2371517214693169
4.692868044542622         -0.24068428959251525
4.7107149511354205        -0.24311693447957758
4.7432572179867005        -0.24703841889374684
4.7582192524494396        -0.24852940498371395
4.761827282067104         -0.24886726636412143
4.783115157704787         -0.2506891793085117
4.78414212716634          -0.2507697409413169
4.801163892945777         -0.2519781946353004
4.838668912930505         -0.25379656457872407
4.842487230671717         -0.253916548127613
4.842933224015532         -0.2539297774652141
4.863170270852855         -0.2546414476417579
4.8766282410563555        -0.2550083528391952
4.892227691132539         -0.2553273178801088
4.894189072908166         -0.2553593434148248
4.895672944482199         -0.255382372972295
4.9356750359066695        -0.2558211098218603
4.95083468822803          -0.25575282844192077
4.956175415250148         -0.2557020007968777
4.980144500949911         -0.25530210184511093
5.000446611545571         -0.2547436045196735
5.012034163890652         -0.2543344814648076
5.020555005057146         -0.2539563148016468
5.035831205251199         -0.25322234541521355
5.0500241219833555        -0.25247600488354033
5.058659967262008         -0.25199152095913957
5.0636249087903265        -0.2517025797467404
5.088644087004387         -0.25013101390158526
5.094785643594258         -0.24971575980557292
5.105285770633364         -0.2489788927175201
5.123020955638451         -0.2476571644406452
5.152752388613448         -0.245209451307266
5.1593887701979035        -0.24466911592183202
5.159960906851452         -0.24462197618151352
5.195505723942377         -0.24123951586256406
5.211046605971075         -0.2396885729617832
5.216836269539854         -0.23910045851384962
5.226121281634324         -0.23814559000098612
5.243004978631944         -0.23637235392844744
5.268920648765136         -0.2335578342367412
5.285944597518959         -0.2316478969099968
5.322076038320697         -0.22743377595180733
5.323444258114293         -0.2272699087993076
5.325311899734997         -0.22704572253683358
5.355052925498064         -0.22339714020415027
5.373937041683397         -0.22111189267656944
5.390512800157532         -0.2190570553737805
5.436734430332419         -0.21299346473677297
5.437370017788346         -0.21291001271610863
5.443010828356687         -0.21216929365921777
5.443813656498464         -0.21206582662991735
5.4487273681261374        -0.21143206120510782
5.469388711010035         -0.20875786670349822
5.4766408416417836        -0.20781681969008825
5.501178391140749         -0.20459570630030274
5.523740913011574         -0.20158333684185248
5.5245194076821775        -0.20147853449834258
5.524630710497949         -0.20146354600592556
5.545891446534137         -0.19857888560097472
5.577100651756776         -0.19426656172824272
5.584761638385435         -0.19319384940451054
5.588038123227423         -0.19273336326159618
5.595422790930836         -0.19171701414608472
5.598301739141553         -0.19132213578484655
5.599915489723258         -0.19110112402862117
5.604492532968446         -0.19047556832908702
5.644989296670805         -0.18508684844781653
5.652679588073715         -0.18408603615337238
5.669173766014088         -0.1819637084862277
5.674787572282502         -0.18124890810057429
5.703379742927458         -0.17739361917213933
5.707840366775491         -0.17679536000003052
5.742561269263958         -0.17220643290142712
5.756280650578869         -0.17040740038079033
5.780791124208434         -0.16721335269635562
5.817686060548481         -0.16245386646347568
5.828316080503423         -0.16109338078206875
5.8328346718833295        -0.16051653086786358
5.8407104235148575        -0.15951318749396187
5.848639524482723         -0.15850572622729275
5.861965291157512         -0.1568186257123892
5.907330599898856         -0.15125074799091265
5.913990333858773         -0.15042946745346528
5.920434991540814         -0.149637476935398
5.948644003878885         -0.1462028678141391
5.975380382444538         -0.14299568699901108
6.010828793008503         -0.13881566429689127
6.029624271561252         -0.1366345465930189
6.036461462901622         -0.13584829922221411
6.048632558598916         -0.1344581451669939
6.064583790667502         -0.1326545933519245
6.106678431475081         -0.1279611219821259
6.133886668790348         -0.12498142280939248
6.134093547686123         -0.12495892887397593
6.134649197785684         -0.12489901437667879
6.185405301471096         -0.1195041683391605
6.1904511362920385        -0.11897628895274119
6.202252249932149         -0.11774765321727465
6.203333185846606         -0.11763553239492683
6.203439050312378         -0.1176245369584604
6.255146511949979         -0.11234589407980838
6.277702820438356         -0.11009327264311983
6.278466821929714         -0.11001763501271951
6.289414228852256         -0.10893857407537137
6.312724654297622         -0.10667052678050806
6.325946796022158         -0.10540195429097514
6.353090237717472         -0.10283671808097196
6.356900258393541         -0.10248032419541367
6.372600575911058         -0.10101888006035564
6.373628147737244         -0.10092363287775004
6.378312934872551         -0.10049002036719452
6.3795548909073965        -0.10037512255856675
6.415453302951296         -0.09708393002949145
6.424456209065948         -0.09626760204784578
6.428956524632335         -0.09586266263091807
6.475773174378411         -0.09172651690413773
6.500693486543718         -0.08958079079319073
6.500904844063616         -0.08956274576611686
6.50496912495039          -0.08921625298642243
6.513121031688584         -0.0885241568047498
6.514595119669032         -0.08839941716775065
6.578294343144239         -0.08312913357223593
6.581465072743114         -0.08287292783710501
6.59887293014643          -0.08147785243157599
6.65324590691119          -0.07719257828916559
6.658154008499721         -0.07681114105906862
6.669736178338041         -0.07591455650000935
6.6702084857845225        -0.07587801193671438
6.671280889668664         -0.07579506802415362
6.672235054272075         -0.07572177359781222
6.67425023390651          -0.07556691049971588
6.694388525630647         -0.07403044824293108
6.74863040975529          -0.06999269365159143
6.765066451700016         -0.06879818138506208
6.770763059842356         -0.06838731813781038
6.804509346231432         -0.06598660399214218
6.829084703458191         -0.0642740705392371
6.841442878575645         -0.06342464443192754
6.858436938672551         -0.06226166630393383
6.887528842380631         -0.06029239034423279
6.902538992963092         -0.059287000222966194
6.942523828457588         -0.05664423299507475
6.949086063632059         -0.056215430544732416
6.989726595135488         -0.05359353255720194
6.991794705720931         -0.05346177529008531
6.995048571920433         -0.053254801260010635
7.011960230220712         -0.0521854986137517
7.017548605033753         -0.051834125091247844
7.02313724738544          -0.051483714549801274
7.086281345689309         -0.04759262684686802
7.090611408754895         -0.047330381063076396
7.117679881145161         -0.04570433859139037
7.118209737375915         -0.04567273873325364
7.118281629702388         -0.04566844811091947
7.137887399843384         -0.04450359518732653
7.14097704883276          -0.04432098050356578
7.163821047406186         -0.04297883066747455
7.177943048050434         -0.042156218183958954
7.195664511020379         -0.041131605322517154
7.2096033119712235        -0.040330738611702124
7.233736783946428         -0.03895505662510643
7.240467211355839         -0.03857376973340582
7.247326376096658         -0.03818616968340958
7.254144524723979         -0.037801867782021624
7.258254307039036         -0.0375706938998195
7.260945497169596         -0.037419507773803394
7.305392309788992         -0.034949624026607035
7.313396216438923         -0.0345099914837399
7.356733971549325         -0.03214931187506624
7.3960917168078355        -0.03003431077616271
7.396555202394713         -0.03000956782636881
7.407099977256237         -0.02944767024962897
7.419250125728316         -0.028803078609881145
7.428648686805778         -0.02830647636928286
7.438829686731148         -0.027770511615238597
7.443625336976742         -0.02751876462660432
7.500483510606135         -0.0245688238320214
7.502205032627521         -0.024480212609814967
7.524265403148533         -0.023347861011707563
7.524982191028424         -0.023311166647899003
7.532150416561844         -0.02294454496041877
7.557735193532904         -0.021641037918755497
7.559206029808187         -0.02156634012613757
7.606462219567509         -0.019180229643804086
7.614780648413336         -0.018762812335962713
7.618965883865462         -0.018552983911911274
7.625393902677575         -0.01823106001655391
7.62694001337966          -0.018153691469436354
7.632205981713253         -0.017890361080805012
7.696899404666878         -0.014679393233740783
7.709599959925862         -0.014053822510374509
7.716565499770124         -0.013711255227266989
7.718295555452128         -0.013626228026319888
7.724511537097408         -0.0133209192188762
7.725936019824217         -0.013250994816669193
7.7284785832588625        -0.013126225057789102
7.7298261436861555        -0.013060117013322204
7.731182872949236         -0.012993573177465918
7.740553309111119         -0.012534214643717739
7.745470049596751         -0.012293474721428974
7.760795307713887         -0.011544375770135154
7.764086831129248         -0.011383738188536335
7.772311953622374         -0.010982713919161268
7.79779407771756          -0.00974384133843362
7.805648676365688         -0.009363049291035824
7.811935204000179         -0.009058643361120784
7.818573702332635         -0.008737547398479168
7.825599827997685         -0.008397712117437518
7.8696217805248905        -0.006272473427229915
7.877645214466218         -0.005885709461948147
7.884491934729528         -0.005555797757365233
7.891617856456082         -0.005212559381427119
7.9039204618926435        -0.004620276980442294
7.933166427858595         -0.003213839925240941
7.940086086000976         -0.0028813924874462192
7.94272093414743          -0.0027545891341616852
7.948311624135804         -0.002485417785560396
7.96291036567804          -0.0017828590690292037
7.979202652790924         -9.993412606362235E-4
7.985190973112416         -7.114986726426898E-4
8                         2.5421524780710872E-17
