0                         0
0.008114482124611772      0.0010111128246837716
0.018040315462153882      0.0022485319450893607
0.023604473945662348      0.0029424855763130263
0.027878852022043647      0.003475720877968755
0.03226141878956665       0.004022580254321125
0.03792674547962954       0.0047296943047285
0.07792459458552256       0.009732728262248592
0.08249168364243806       0.01030428340857137
0.08623436997521007       0.010772805473401804
0.11612526825587727       0.014519110250946567
0.13506779603120816       0.016897332179969627
0.14480485921438946       0.018121053375522746
0.16421724794550382       0.020560807562817838
0.18189993153418219       0.022792250089347568
0.22000150664030182       0.027629843471912413
0.2321906331026316        0.02918592836633514
0.2345403595338465        0.02948637129553162
0.253706977244341         0.03194277889013099
0.2812270147930727        0.035487548560481565
0.30331706277913517       0.03834806530011133
0.32060501702605726       0.040593886386128396
0.32965129699074647       0.04177200437333672
0.33530300266743185       0.04251226410964093
0.36852571487960073       0.04688467936495044
0.3781399152030429        0.04815986404535818
0.37886472499893764       0.048256168962191134
0.3930223709466263        0.05014204670112554
0.4111110973340524        0.052554750627340586
0.4172783149409854        0.05338200847696742
0.4329152094696824        0.055490140044564734
0.44956665228550385       0.057751814632059396
0.4547858029681617        0.05846426245429121
0.45523577584150154       0.0585258603804575
0.4790840612356167        0.061806843704385495
0.5196171161160726        0.0674568516304689
0.5206096505187873        0.06759637659771064
0.5237544988593741        0.06803883220225018
0.5358963380619395        0.06975237667697216
0.553221090112392         0.07221190055378778
0.5760310427702733        0.07547596717537337
0.5882495427898871        0.07723638397000983
0.5901366213509532        0.07750901486143869
0.594589643026198         0.07815314345068075
0.5960296828014168        0.0783621577898688
0.6204221462555325        0.08193024683228761
0.6463728964031071        0.08578360478831262
0.6468223180037398        0.08585085882260772
0.6471864346048868        0.08590536032386112
0.6490735888578675        0.08618801873029769
0.6514761193575737        0.08654832253199074
0.6525597896458235        0.08671093222295492
0.6618415564280071        0.08810811783418156
0.6959846868993703        0.09331571074618203
0.7400759615234181        0.10019887577290776
0.7489103881488726        0.10159948487288332
0.7787395752251757        0.1063888405285354
0.7965945566939993        0.10929179493794049
0.8067066030870027        0.11095460614122019
0.8185503003276487        0.11291940166410093
0.8286809032508292        0.11461475922377505
0.8372170888695141        0.11605385135636322
0.8483940723032026        0.11795275100483027
0.8566810992991443        0.11937135521144282
0.8633751932734306        0.12052392160370316
0.8769327869318908        0.12287775060260142
0.9105735394840296        0.12882084506057262
0.950743488622469         0.13610879117905222
0.9635558614439477        0.13847712852434813
0.9842792831624378        0.1423526636634145
1.005323904013224         0.14637023269496474
1.0340461372970855        0.1519871692960329
1.0452612614372454        0.15422214270534035
1.0790539303776754        0.1610981427744081
1.0983214143110265        0.16511388009396666
1.09907912920915          0.16527321727367317
1.0993760302493718        0.16533568071823607
1.099781341706842         0.16542097858040583
1.1061205366762425        0.1667590472402328
1.108487787877858         0.16726124724439434
1.1203562156240485        0.16979578026783929
1.1300183371700343        0.17187972309298535
1.1564567301035114        0.1776763850181304
1.1704541158974933        0.180801306436639
1.1764234489018586        0.1821469555941772
1.1934906073585734        0.1860437256045172
1.2065691583096267        0.18907932580955744
1.221286106357122         0.19254657358678426
1.2310077357640112        0.19486678011807423
1.2356316524242033        0.19597867376785855
1.2668258125611596        0.20360531032145912
1.2959781153412662        0.2109240232973981
1.3055744217998762        0.21339847132005704
1.3192528789045372        0.21698141550440037
1.3231571626292449        0.21801615903605592
1.3562806994799164        0.22701015639488634
1.3595727354057416        0.2279329050788815
1.3933709838591697        0.23757121201217696
1.420430386597205         0.2455393065686095
1.4327337622594545        0.24923620950645123
1.4835633584067853        0.2649995466399305
1.5270495118323553        0.27936266429107875
1.546151141378154         0.2859802893588923
1.5502552920279793        0.2874267208016824
1.5508519935545821        0.28763680514884843
1.5523663467791182        0.2881708040917483
1.5548808466029707        0.28906011431437706
1.572986266083008         0.2955605956482095
1.574247529697058         0.296019785790675
1.6188175716975344        0.31277768211513274
1.62315119629477          0.3144621956057929
1.62580371252256          0.31550893657648
1.626246636424483         0.31568406970010465
1.62677603444356          0.31589352466046494
1.6298843502615425        0.3171261724572229
1.6376181812051214        0.32021427534208585
1.673277294804294         0.33484299183056015
1.6992321557229153        0.3458938288022933
1.7387580043350295        0.36352657135718536
1.7434044070855514        0.3656792311341733
1.7485299791951103        0.36807337920832545
1.7496102650282455        0.3685797727761926
1.7500275119034772        0.3687755950479138
1.751394901140785         0.36941825231925807
1.7526975948084864        0.370031806563849
1.7890313689429478        0.38765693673228313
1.795155911515467         0.3907253111431575
1.7956197799324012        0.3909588525905101
1.8109761266692406        0.39887127829581553
1.8250791860258422        0.4063120920096017
1.838505591803003         0.4135508342104468
1.8598433321336136        0.4253284138680911
1.888298432505079         0.44166947190566497
1.906062990732004         0.452239188452802
1.907971258981202         0.4533914114396217
1.9197555994532687        0.46057917615777255
1.9251347426964105        0.46390151808711366
1.938608214067366         0.4723370297390153
1.9429939186442882        0.4751471563985091
1.9441021595610242        0.47586047520475994
1.9720551989195751        0.494281635435715
2.002190638058056         0.5148328428585304
2.0143498779636864        0.5235126032098811
2.0250902990271085        0.531364937204368
2.0455213963088075        0.546782169767903
2.0483361268790947        0.548955803009799
2.055051850864196         0.5541829380554618
2.0790642466521705        0.573345684960087
2.0874474467154984        0.5802098249921346
2.0953561143954746        0.5866682200690388
2.1169696843350585        0.604687907523346
2.1318847432569563        0.6176246394736054
2.141028401099676         0.6257845648007162
2.150701874958488         0.6345194464752716
2.163577113027894         0.6463083414621896
2.182146618905881         0.6636387054564326
2.1844654422625114        0.6658299730947013
2.2031695604334973        0.6837258459959427
2.2033225387369124        0.6838738324910008
2.203800456017752         0.6843363241267223
2.2042402945528314        0.6847631976850409
2.230962193261296         0.7112974689322322
2.2414643707423343        0.7220490988506036
2.254697985467514         0.7352960993408872
2.2666124555525395        0.747440749142713
2.2846360757503468        0.7662053981771769
2.300572779087279         0.7832985429970316
2.310264710921528         0.7938626426260765
2.3371915194802817        0.8238829484094742
2.3503168589842502        0.8390151935396171
2.356224094645291         0.8458692605632693
2.3912017266831116        0.8870077505505383
2.392662479449161         0.8887464358390111
2.415462439713081         0.9160989580502735
2.4251137321764697        0.9277988107443335
2.4407680332365254        0.946201291785318
2.441204485865426         0.9467106859361182
2.4770773093392267        0.9878962515067697
2.4993553009975655        1.012794832016497
2.500509389365071         1.0140705082905328
2.505908373218982         1.020019759782447
2.537012812381799         1.0536994803008681
2.558350997509643         1.0768597206691624
2.5687127938470558        1.0878127698458557
2.588573554870165         1.108459316946951
2.5909190261520982        1.110867434307062
2.5918337166249312        1.1118048292658262
2.602981155401114         1.1231511291520877
2.62527134027575          1.14540747427715
2.6345844197624233        1.1542536760958588
2.6431126396242384        1.1622470207278235
2.657793869080881         1.175286625770909
2.688986116087697         1.2013808480931571
2.692806807824082         1.2044265563587102
2.7017612699172333        1.2114359815351001
2.706145292772951         1.214801929417186
2.7118462189787955        1.2191142673176547
2.7528934897900403        1.2482878337300298
2.759122623359355         1.25218941477071
2.771975153417361         1.2598017618903286
2.773533086547742         1.2606844271686721
2.7784178203991803        1.263395756178757
2.818171886495019         1.282294160977564
2.828842192404808         1.286329384938336
2.848664149717706         1.293121638957119
2.8576896206923994        1.295908371679732
2.890949587810494         1.303978864614118
2.898661190033655         1.305356070698201
2.930994738364207         1.3091060283265235
2.93271376637721          1.3092172368041084
2.9403027567905413        1.3096022154861036
2.950432783497012         1.3098364361982247
2.951967299954126         1.30983440794872
2.9523585971727493        1.3098323116458959
3.0036319219269383        1.3040065792216373
3.005649512394415         1.3035520305478865
3.0064454073562694        1.3033923476818252
3.0083990472057773        1.3029875589701847
3.0117370017237652        1.3023159194302085
3.0132536757509074        1.3019959410323185
3.075821507337548         1.2807339143638357
3.0906202448744287        1.2734029346233608
3.093518052841065         1.2718882041313193
3.097646053325046         1.2696737622762262
3.12047155423033          1.255601272377378
3.128650417650052         1.250209304148849
3.1562472399455226        1.230735818399835
3.163858519657244         1.2249762986307906
3.191721738053408         1.202458332550769
3.2355582773363003        1.1624726163914099
3.23809768295003          1.159996073512418
3.271152335407944         1.1263697689793775
3.283905954634843         1.1122821904238334
3.3093347685750345        1.082580603547967
3.312257317223907         1.0790293263956052
3.312500924177083         1.0787320308356683
3.3140536516026824        1.076832463509432
3.336603086496811         1.0483431321010326
3.360858985135833         1.0158116911457244
3.3721410279961024        1.0003218626934172
3.379346605612021         0.9902602167156741
3.384118632481629         0.9835243423637545
3.387741036855936         0.9783727006414464
3.4102590618367823        0.9456032183446701
3.4140124120258957        0.9400159611898082
3.4559471718007093        0.8765090365198844
3.4628041661364017        0.8659356026650846
3.4665815394718402        0.8600882227006685
3.484981470945899         0.8315180820503211
3.491285926307161         0.8216603611175438
3.500957981383055         0.8064689608922286
3.5065779305561127        0.7974533517909931
3.5258021650546767        0.7660399519645562
3.5384067404272015        0.7454120153245991
3.5472347828452566        0.7308183210058623
3.54996976259098          0.7262726689629471
3.5664988308925003        0.6985545884319116
3.5926023911701255        0.6539207495927363
3.5965646614614624        0.6475442411361207
3.6174406525275247        0.6140112249922003
3.6194891190891902        0.6107264745338244
3.6204047323549906        0.6092586023170521
3.628763824890318         0.5948546352746001
3.6342220675226833        0.5854753361701929
3.650378231981819         0.5578649403020514
3.6508183689321836        0.5571179201692412
3.651032632976895         0.5567543607009017
3.6980523530493272        0.47854116788231527
3.7197407139329           0.4435172487814478
3.7436731011631776        0.4045399222690641
3.74762978951198          0.398096478099925
3.7511461440005878        0.39237025570947365
3.7819870662959167        0.34233783006338425
3.8032355668409044        0.3078732641449896
3.8319688224106816        0.26127680741240394
3.845339666510232         0.23991617453941064
3.868644907687403         0.2029976177006978
3.8707241317803183        0.19972316956039776
3.8787321880863197        0.18714131318141292
3.880977141667984         0.18362257821723
3.8852485544224638        0.17693776207431622
3.886553208964336         0.1748959595789909
3.887915098574572         0.17276620028973236
3.8894423278867674        0.17037984289150634
3.8906705370057377        0.16846222339008246
3.931089640905147         0.10610481303229073
3.952475736394095         0.07319149456436135
3.957133421026264         0.06602365001533723
3.9840238994569392        0.024643622587132208
4.007753922837598         -0.011869441776126857
4.0121761224311445        -0.018673453068339962
4.027012289121826         -0.041499586940877436
4.027623079609003         -0.04244040877749393
4.044564592491679         -0.06849818650354919
4.049304177853791         -0.07577508222993205
4.069803161292341         -0.10743540967439755
4.091866129267394         -0.14174523008253717
4.09585456412302          -0.147973476598316
4.101674095351952         -0.15704369718174824
4.10784904780964          -0.1666840987839378
4.110699870652094         -0.17114047140677555
4.119550497489728         -0.18499835785044935
4.137223483902434         -0.21267355857713605
4.140399552001502         -0.2176568199332109
4.140502324319387         -0.2178181192176747
4.161768474618911         -0.25126127524022945
4.168540791148124         -0.2619391344664681
4.1734665400562           -0.26963584936548946
4.179109679339905         -0.27849089143231165
4.205552786812666         -0.3205162456446243
4.219468821862215         -0.34298456153351664
4.223795293467543         -0.35001937671925504
4.2594670764170095        -0.40956944266606216
4.287331167092229         -0.45652536754465634
4.3096267570572575        -0.49409193602954615
4.315805448679555         -0.5044681205380748
4.366634221496909         -0.5892592788215815
4.37885539862096          -0.6094952304943893
4.379408797272911         -0.6104101676238312
4.398013411229396         -0.641099397308886
4.422822522690067         -0.6818120757135924
4.452593333317198         -0.7295613814740559
4.484141585318349         -0.7821146321528459
4.484414333885456         -0.7825607620505299
4.500808423661528         -0.8091176159755209
4.528159741781087         -0.8522914601573889
4.532789008503172         -0.8594585725615277
4.569946372202908         -0.9155164030072679
4.575095995667595         -0.9231502402581927
4.575533603374721         -0.9237970718268387
4.578830008033567         -0.9286600448371023
4.607947576725774         -0.9708891762328287
4.615423403918729         -0.9815208764947593
4.633728905625596         -1.0071908359455346
4.652691440545097         -1.0326462564842247
4.652768645350685         -1.0327486176388239
4.685293560780841         -1.0758264886296132
4.6853581025916675        -1.07589705326253
4.692529132287394         -1.0836372875633655
4.695556358222017         -1.087502185725991
4.705688631003355         -1.1002048329570107
4.708797551453621         -1.103854211225197
4.725348893549539         -1.1231497269186637
4.750083910255451         -1.1500522443238044
4.755608158041732         -1.1557744886983619
4.769666160118197         -1.1698652060312211
4.791668198436335         -1.1905605852698455
4.812230320988347         -1.2084036780596017
4.831634170151024         -1.2239144365079146
4.83251064183752          -1.224584635934663
4.836689322707648         -1.2277437371556987
4.874066814844756         -1.253239909302151
4.895728445395345         -1.265934318500676
4.910930162155437         -1.2741072892714522
4.918423051128794         -1.2779909711779849
4.935280108114555         -1.285943080084974
4.945332540280809         -1.290167751626706
4.958581805265791         -1.2951453780825417
4.982623585817081         -1.3024626924077718
4.983069373958098         -1.3025774904274925
4.983960594980945         -1.3028047156750706
5.0033742833987045        -1.3070003836089479
5.028484920584198         -1.3102886290481133
5.030858639801641         -1.3104746730956278
5.043132593861103         -1.3109980507375028
5.056951754589401         -1.3110245753955216
5.078207077824505         -1.3099018869135983
5.085339722334406         -1.3091445236834351
5.08878913756336          -1.3087196259688065
5.105574556473322         -1.3061064560304434
5.128825058565596         -1.3009916505016368
5.1479223109566625        -1.2954915252794703
5.153304399066126         -1.293729833474208
5.169136656782726         -1.2880080622632124
5.180872313941711         -1.2831405433894971
5.201922827680275         -1.2727220501848027
5.20413193224587          -1.271528393629381
5.207748129957124         -1.2695333119779506
5.209447147578663         -1.268578322652724
5.211417782489735         -1.2674565445732848
5.224758517102989         -1.2601685023287144
5.26282996438367          -1.2367850429540315
5.264394108548766         -1.2357424694810986
5.269678232649596         -1.232172567727381
5.28445984618743          -1.2217945350753172
5.288849846902357         -1.2186012030114348
5.296537200821811         -1.2128867254962863
5.323943058126322         -1.1912441011663284
5.356869829883759         -1.163384541813356
5.367333674829434         -1.1534278377824814
5.37811771385236          -1.1429600032282206
5.396565900811746         -1.1245668487070937
5.41084550477559          -1.1099087653887714
5.4149924763824275        -1.1055830287534614
5.434507181470721         -1.0848110554869812
5.4596064580248616        -1.0570857866579608
5.464229230023292         -1.051971051323397
5.470464916271146         -1.0450212582610428
5.47845558353734          -1.0360307299873526
5.506756747511914         -1.0034223251190424
5.508150770318349         -1.0017852710065485
5.509283793782576         -1.0004525831489888
5.510460923927269         -0.9990659880712395
5.51056763387294          -0.9989401874121001
5.511352605261444         -0.9980142604242991
5.511643615232845         -0.9976707609186003
5.5131263511046305        -0.9959945636089176
5.513166180472876         -0.9959495451055654
5.515336759900771         -0.9934967781556303
5.516827206175529         -0.9918132530480639
5.566302854355335         -0.9362460496180006
5.582261702780485         -0.9182324958108099
5.60807247777156          -0.8891392295379719
5.623759494494124         -0.8714817590504551
5.627501089760019         -0.8672236688066359
5.632965963262573         -0.8610128058832274
5.641749195642223         -0.8510514744422361
5.667437498158625         -0.8220652424277043
5.675975323631604         -0.8124800346812326
5.691038873691832         -0.7956278365962052
5.700164004454308         -0.7854559911307878
5.70948391554159          -0.7752414682870774
5.713170913436479         -0.7712439294044643
5.713524848050071         -0.7708614777864511
5.718671437438179         -0.7653258228698927
5.728029403324748         -0.7551132499969478
5.7358840033176275        -0.7466500890575538
5.7605849382829115        -0.720682225053642
5.764560471589945         -0.7165944883412423
5.772924814030816         -0.7080771007335913
5.782570089318585         -0.6983720263825841
5.787056569934928         -0.6939196705678498
5.7935858018652935        -0.6875103669342055
5.800129164118516         -0.6813068208353072
5.818990267806889         -0.6636290230927554
5.829432866222577         -0.6539717210483941
5.8303967951195865        -0.6530849571907872
5.852523928090005         -0.632946470085056
5.868798136288818         -0.6184006862559384
5.8736535488286865        -0.6141045838974705
5.888009781585076         -0.601519395761555
5.88927321331982          -0.600420219580353
5.916449669383232         -0.5772764218434762
5.924479306770807         -0.5706399605985706
5.943564123798716         -0.5554727483156338
5.9518451035002204        -0.549098756441843
5.954969097080255         -0.5467267370545146
5.960070588971061         -0.5428915743703965
5.97487902284572          -0.5320284715518193
5.979003252626219         -0.5290557329040246
5.989513883400788         -0.5215517636207564
6.011326243330572         -0.5063093950816853
6.036181165607848         -0.4894844097897801
6.03778530726009          -0.48841841029868766
6.044041184547384         -0.4842842357958767
6.072287317749603         -0.46607453127237747
6.07794970897355          -0.4625178993095457
6.081567733383239         -0.4602655726043295
6.104446565359853         -0.44638767690571707
6.124312488806044         -0.43492486553845744
6.158004211250653         -0.41615191515696914
6.162658869747961         -0.4136243735206074
6.16351301923877          -0.4131622994690222
6.168909689280187         -0.41025531063910375
6.178264782037617         -0.40526711209691413
6.182432029187106         -0.40306595208742546
6.201345498302197         -0.3932372419299849
6.213624577436354         -0.3870110511110584
6.221097937508983         -0.3832783480202173
6.233199607745249         -0.3773249671440504
6.240365941145289         -0.3738389628058558
6.242557344303554         -0.3727825909761001
6.2548859025527355        -0.3669235384070491
6.2621244714612185        -0.36356533079084813
6.278782645723093         -0.35602538884850154
6.28313530419462          -0.35405709228528043
6.301579800266937         -0.3458582513100366
6.312075535805571         -0.3412952273082382
6.357869735964142         -0.32244314725287204
6.365688437244418         -0.3193304340472558
6.369196692698455         -0.3179438073814503
6.3699394593673775        -0.31765102976190096
6.370827919534213         -0.31730119039735305
6.3764900932742           -0.3150764977407854
6.39248845407595          -0.3088768137596208
6.403152619208093         -0.30481491689231405
6.428386407586295         -0.295428739576205
6.448471585137157         -0.28818395197246377
6.45992119700804          -0.28418896434142327
6.468636626111313         -0.28118592318882396
6.5047574165611035        -0.2690895258509333
6.512490611640624         -0.2665729837237161
6.51745146551096          -0.26497221283220895
6.564326988406965         -0.25028679127205916
6.568875276428538         -0.2489013026256357
6.569262795281041         -0.24878366988583
6.578268906707635         -0.24606806981996157
6.586230980549967         -0.24369640113376237
6.588715456736763         -0.242961943418195
6.6045078816114655        -0.2383556286782659
6.629462360236806         -0.23124023948401543
6.648223693191748         -0.22600970894125902
6.658022617282211         -0.2233184342048157
6.665153032245562         -0.2213775768345476
6.6923089569424725        -0.2141835974049796
6.712339853487238         -0.20902011308998658
6.7153150225204           -0.2082635396948683
6.719624987178506         -0.20717228278090816
6.742134987966235         -0.20156420965725855
6.768629434708585         -0.1951598607353874
6.771515147430799         -0.19447513896866003
6.785888798550378         -0.19107098124466082
6.798809384732386         -0.1880458216699987
6.8307607599651465        -0.18070663037823753
6.8340735060569795        -0.17996154172059353
6.835314408955607         -0.17968305159556466
6.846944028507009         -0.17708918649404348
6.8497011190566015        -0.17647851728220754
6.8680774108539335        -0.1724501605888976
6.892511523616235         -0.16720647223188567
6.895907560806544         -0.16648784159938645
6.910851511584034         -0.16335508426964404
6.927037698547965         -0.160004826607525
6.966070511851726         -0.15213677244931403
6.968169874895056         -0.15172260128281884
6.991403899691463         -0.14718350480007267
7.014774566707445         -0.14270026223369595
7.028214162704794         -0.14015961155358564
7.041663541652167         -0.13764452009804706
7.046477277901197         -0.13675099377481342
7.048903643123818         -0.13630194296825696
7.064572771985379         -0.1334235248468166
7.077994631577294         -0.13098752247674517
7.103304153747245         -0.126479349264341
7.115334826077503         -0.12436441575939752
7.122264996253549         -0.12315421980633036
7.126974789257965         -0.12233513895906871
7.143920340471155         -0.1194107397508263
7.149868021614729         -0.11839269876022551
7.158518357413855         -0.11691983360974118
7.166572726702094         -0.11555672960176132
7.172616812734102         -0.11453909052364196
7.17506616044388          -0.1141279768001171
7.1843461399059105        -0.11257724770511743
7.185786646288818         -0.11233741166477007
7.225389561992207         -0.1058363237855068
7.23149276715757          -0.1048503278212774
7.2356000810515475        -0.10418916406310698
7.2357675068882505        -0.10416225390118121
7.236144991616299         -0.10410159293008382
7.237338143006661         -0.10391002495118243
7.26239534702087          -0.09991843399557304
7.2996780949603846        -0.09409063411913438
7.311124114154246         -0.09232817736689948
7.311409309939691         -0.09228442318211336
7.324385128994867         -0.09030193897832525
7.3609192143592175        -0.08479105756577765
7.384369205463333         -0.08132115552956422
7.398324346746918         -0.07927499729344673
7.398393104938838         -0.07926495040076606
7.442880450108146         -0.0728358392651747
7.468748950586695         -0.06916294703180151
7.480854876857516         -0.06745691424878632
7.484592342860276         -0.06693202503317532
7.520531205915327         -0.061928476889671166
7.5469581363222185        -0.05829972814969971
7.554574513595927         -0.05726185057395398
7.562855645547096         -0.05613742213341589
7.573413149695796         -0.05470442695275307
7.580716295855501         -0.0537187203601301
7.597256645214168         -0.05149474960765572
7.612087313663673         -0.04951188813362386
7.617097622603979         -0.04884440898244465
7.640876863193648         -0.04569303564733629
7.643070448075126         -0.045403469227328734
7.643575942609726         -0.04533676687104862
7.6450147913743           -0.04514695732690228
7.651291762178414         -0.04431983589929657
7.659127497272671         -0.0432894195716147
7.663209400533779         -0.04275356623227571
7.671190044983572         -0.04170773644679472
7.688402915474477         -0.03946031599858014
7.695660533013502         -0.03851609605357911
7.701384809241773         -0.03777277899952172
7.718372444449531         -0.035574219103439615
7.739840679956204         -0.03280710743562788
7.74613492941954          -0.03199816029808597
7.756009434720115         -0.030731210350229632
7.775903185597891         -0.028186667795287255
7.782838133912501         -0.02730213282343404
7.810890423896886         -0.0237369942923716
7.8268965280432825        -0.021713436396360756
7.832947240137983         -0.020949198688407097
7.849654225038901         -0.018841062500867294
7.879787428871291         -0.015046363852637662
7.880083954035872         -0.015009070766813428
7.880632349668909         -0.014940103177134123
7.895602100766238         -0.013058720662130454
7.904370351431899         -0.011957856490104776
7.920382817309759         -0.009951143531999234
7.921390809250154         -0.00982488066279915
7.921602969299008         -0.00979830603108695
7.957498683062858         -0.005306678922090201
7.994048808254236         -7.425206769178039E-4
7.997728667664861         -2.8335844834589437E-4
8                         -6.389736650263742E-17
