0                         0
0.018766177510544227      0.001156186583583504
0.048283290764098534      0.0029769054906331875
0.062381447092424845      0.0038462014831052204
0.06504914863095675       0.004010770732555317
0.07234293830607269       0.00446084801226237
0.11432413470706897       0.007051722360791361
0.11925920768966256       0.007357034619893669
0.12461058713245643       0.007688278816615032
0.15825490292300415       0.009775036981034128
0.16655572635034965       0.010291006334681397
0.17428761610320848       0.010772009600223733
0.17622935872986378       0.010892866343837439
0.17808016468585797       0.011008085608525007
0.19005234866290696       0.01175320989676109
0.22380873098641965       0.0138572121426776
0.24283613870145634       0.01504517182971604
0.25821853217454344       0.01601269222380439
0.2671950450539593        0.016578112525273074
0.27575808307307337       0.017118049290079485
0.2825717833819813        0.01754769021860917
0.3161745057870988        0.019675337372674045
0.3271020397744732        0.020370401188706852
0.33254914371505573       0.0207174519782972
0.3390172969649462        0.021129536321256658
0.34465818061404674       0.021489316295796222
0.35278813510409757       0.022008508022437374
0.3543870878793388        0.0221106140727754
0.36548303562230283       0.022820282384509567
0.40021246216037887       0.025053942667228622
0.4056091500091353        0.02540273118772364
0.4218418442462153        0.026454599794605224
0.454997568827595         0.0286158859088063
0.46068851265822497       0.02898858544819239
0.4706458493571887        0.02964191022549237
0.4707463038655496        0.02964851845366485
0.48493170814469255       0.030583261992826863
0.5059881177718473        0.0319767268511996
0.5062785938406775        0.03199599967788801
0.5079633293373131        0.0321078070862032
0.5311462874830708        0.03365097212952245
0.5325644119055913        0.03374564917587086
0.5418549636546369        0.03436670527884714
0.5427957465124567        0.03442967214777984
0.5476984380293307        0.03475804073659276
0.5557003264504539        0.03529338630300136
0.558558595658459         0.03548505416264299
0.6095470037679125        0.03894336323597642
0.6206287586806282        0.03970479928781895
0.6456346003763296        0.04143584231111218
0.6492586808533274        0.0416881886932425
0.6702705956814358        0.04315829290129131
0.6837065886557367        0.04410463583866951
0.7021090654393027        0.04541074590024265
0.7149951160982814        0.046330791105083216
0.7297654378146997        0.04738791928673532
0.758650548985679         0.049471257726224634
0.7955377887947926        0.05216253232813225
0.7972221764384901        0.05228613510788085
0.7999775536347934        0.05248847784946076
0.8108694305517388        0.0532901422928463
0.8114661755069279        0.0533342722847805
0.8165890963336603        0.0537134802845665
0.8420165177418643        0.05560741402980541
0.842721417191473         0.055660262210310944
0.8671051718136913        0.057499818350307305
0.8756187743253808        0.058147338604323306
0.8885508309234351        0.05913610074674797
0.8960818079653465        0.05971478810535308
0.9301176156109834        0.062356591229231303
0.9329154646281835        0.06257621544413555
0.9333028609198355        0.06260664436082553
0.9381382924504784        0.06298684859400731
0.9395906727178134        0.06310119012560035
0.968196017025172         0.06536662854199858
0.9806561034891199        0.06636321395909459
0.9825915271505488        0.06651800961116275
1.0006223154290521        0.06796769203045006
1.0260280318560175        0.07003354324686335
1.029474809332598         0.07031590866112737
1.0516501580104451        0.07214450418905638
1.0635156280027898        0.07313143903665756
1.100215441137534         0.07622152711124176
1.1077919145179709        0.07686651774202992
1.1209423242038494        0.0779925759468408
1.1230347369457616        0.07817244851713168
1.1249456269817273        0.07833688478876351
1.1286551955119637        0.07865782059030671
1.1331751128622405        0.07904963706433328
1.1605656665074648        0.08144219159514926
1.1687493192651441        0.08216307907809084
1.186993192249496         0.0837801754951399
1.2102770484186867        0.08585999498645039
1.230291563217429         0.0876619309349102
1.2397932340017699        0.0885261153199712
1.2514708870401088        0.08959591027527092
1.2776787219124746        0.09202774678980148
1.2833126384239588        0.09255721909461145
1.3072820684925017        0.09483051335719761
1.3253941608893587        0.0965704820506556
1.3505383677250353        0.09900996250323271
1.3691472834050975        0.10084426933246521
1.3743924457554881        0.10136406039033423
1.3892767369645784        0.10284241136248984
1.4190176361162168        0.10582551557374838
1.4314014502187515        0.10707910882958123
1.448575543908783         0.10882876437432609
1.4723119176960002        0.11126829880672774
1.482440749412806         0.11232747939501084
1.4859715389554005        0.11269811206062345
1.5227806326171354        0.11660558627772737
1.5257632401462895        0.11692568738713105
1.5274641509750715        0.11710846723067793
1.5345718780731366        0.11787410032350355
1.555673685590371         0.12016558698591435
1.555934542352366         0.12019409250389769
1.5946632176592117        0.12447461468530611
1.6077844913981085        0.1259466564593998
1.612511861158674         0.12647971166647964
1.6143449528343434        0.12668679528170393
1.6298208009968322        0.12844571624154244
1.6371446181825269        0.12928341066840512
1.6514420369121474        0.13090257359800408
1.6592238812346234        0.1317989464665302
1.6993772976151045        0.13649600091045466
1.7127104476940793        0.13808231227792964
1.7195052318966313        0.13889582869387657
1.7417687041191274        0.14157885304222978
1.7435537443579823        0.1417949814012092
1.767071753203336         0.14465647061968867
1.769172316305257         0.1449133155989629
1.7953740347148859        0.14813454195159065
1.7980110100391746        0.1484605176569281
1.803112185208615         0.1490920387452897
1.825943788330277         0.15193176132617384
1.8342997438207589        0.15297785204737327
1.8543557079574395        0.15550355520362888
1.8642296586862235        0.1567547243561062
1.867170911478227         0.15712778818719578
1.8700843321519292        0.15749813297213586
1.8915932080715667        0.16025725294213639
1.9196624673138254        0.16392410434602828
1.9202329158084688        0.16399940228055235
1.9203024668269717        0.1640085849773014
1.9311847704452954        0.16545102364635278
1.9397746072409712        0.16659755209724197
1.9405238825844557        0.16669789438501884
1.960424153112558         0.16937007078545716
1.9863298601892907        0.17286700349524206
1.9926380390291687        0.17372166884000295
2.0280980503580026        0.1785488891798554
2.057394292712781         0.18256637336002887
2.062407513174136         0.18325651242252414
2.077231370949612         0.1852743129355223
2.082949425471287         0.18608037281849713
2.1023753344617515        0.18878145724732248
2.1195379476090994        0.19118769504618122
2.1253189603791593        0.1920037973088837
2.1258266141954674        0.19207555088171985
2.145318878860029         0.1948414477144771
2.162345251208345         0.19727465364562666
2.170457165834592         0.19843593850073787
2.1999221719925375        0.20268005039065773
2.222264163942624         0.20589557913354486
2.2318499548093786        0.2072745108109743
2.240550242806606         0.2085257053419783
2.262782538017482         0.21172140800630201
2.281765527640896         0.21444829944968513
2.292367528155789         0.21597056634922993
2.310643319778619         0.21859347776245872
2.3168802699983018        0.21948825233855862
2.3452027246382174        0.22351615837441155
2.3609327812354657        0.2257457271328532
2.378257633659108         0.22818757460986377
2.4062886371722993        0.2321186123799066
2.412037103615119         0.2329217491849362
2.418365482352913         0.2338047180102295
2.4305512925184125        0.2355090570597315
2.4346141161947776        0.23607575582662524
2.4425207169747605        0.23717639461592455
2.472303364039104         0.24129613324807797
2.475084233852665         0.24167869197814895
2.4873326425444287        0.24335939162771592
2.498561174087615         0.24489400325761407
2.532954687291353         0.24955802638680127
2.537761201035598         0.25020543587677985
2.541858277053345         0.2507340493778336
2.542460655690494         0.2508116363938908
2.5452017091078267        0.25118308622158536
2.546920747254707         0.2514152772589205
2.5729612600859477        0.25486074437149875
2.640659261613219         0.2631948194603522
2.662283089329009         0.2656764929457377
2.6934109249037297        0.26910408181435636
2.7112244766819407        0.27100033552389263
2.719946629904447         0.271911485461343
2.7611282506793007        0.276059652460305
2.7674817122817617        0.27667702225495194
2.770078214530371         0.27692549314945114
2.789303010584874         0.2787151473761605
2.8000821480273492        0.2796327422562505
2.8018660261793507        0.27978049470890665
2.801868921684393         0.279780733586236
2.846896769791001         0.283124225386044
2.8471051859319405        0.28313797475180286
2.8494705652668313        0.2832929057989281
2.8657439077795983        0.28429466433198114
2.8714403674775384        0.2846256986205921
2.877531877355513         0.2849708446745909
2.899806567311048         0.2861352977525003
2.9088115528388436        0.28656252615113187
2.9120307086963804        0.2867091736172434
2.930158376647065         0.28747517753893936
2.952154786593787         0.2882682797736251
2.9538231799492483        0.2883266398548107
2.9730841097355016        0.2889037918052457
2.9788295933344715        0.2890415287763491
2.9885400986323045        0.2892359240690554
3.010667113038556         0.2894616959082542
3.0163929929353346        0.289470950645367
3.021039199381997         0.2894636028914946
3.024832983576782         0.28944773147377206
3.0267571925672088        0.2894264004560168
3.029863188325455         0.2893884695908605
3.0340947830418767        0.28932983901029397
3.0381800843156888        0.2892656260617495
3.0417021863332074        0.289204264840986
3.0721165515998554        0.2884432364366699
3.0850391388400897        0.28799446683265656
3.085692340509479         0.28796979677603696
3.0862669130583407        0.2879479383882706
3.0869931523892684        0.28792494363187204
3.117107490110557         0.2866621902081311
3.124075411541488         0.28628397500332237
3.15196136000655          0.2844467091024902
3.190771635920468         0.28102778455900496
3.196528006040414         0.28043955275890325
3.2112890016661524        0.2788416229728837
3.211664822544337         0.27879851583441195
3.213156831293737         0.27862669277277163
3.2587476316900563        0.27284662533795834
3.264610062165409         0.27202893826453356
3.274419205828179         0.270589564789516
3.2770223508044647        0.27019639398095985
3.281694881926529         0.26947889538986136
3.309162996629489         0.26495521485310836
3.3377736468248806        0.25968768150721344
3.340500242055135         0.25915609258120637
3.3502438544788307        0.25721435291226624
3.353299828002281         0.2565924896928672
3.3536489887893586        0.2565210121796451
3.3735745269422006        0.25229711686744616
3.3869081919178328        0.24908164406551153
3.400410282788514         0.24568302653901453
3.4041581055999317        0.24476947214793238
3.4099270492919267        0.2434576428177535
3.438431069594552         0.23660394615399752
3.4586691307028334        0.23096580363775024
3.472374915674029         0.22700572006060635
3.4788852305881153        0.2250845527981395
3.501182088023913         0.2183091022307148
3.506015581340912         0.21680036368721275
3.5256275854842514        0.21053252281371787
3.533885676496128         0.2078231647210886
3.560413043780456         0.19883871939111733
3.572420717695751         0.19463088000541473
3.5925860402656693        0.18736665165910063
3.5948975421126845        0.186510047495582
3.599826608318488         0.1847223288705571
3.619991064113896         0.1772734249410104
3.6282889034773547        0.17411546483351967
3.6412571082408074        0.16907185828896473
3.6505023265556895        0.1653956131410332
3.669680132503526         0.15755590616319048
3.677107281726933         0.1544422198014321
3.6986648691608455        0.14515943833629114
3.709545483653975         0.14041176686154666
3.7486172023984103        0.12305022163829014
3.766570188832445         0.11488128204917904
3.768188101363735         0.1141411193463496
3.7716971201509644        0.11253355042044531
3.7733655322354753        0.11176812278240107
3.7961981186337246        0.10122271327286972
3.8076798696668934        0.09585064679748953
3.8183542390663274        0.09079611798913634
3.8219066486033744        0.08910111208081517
3.823269109450449         0.08844931893931221
3.8322509971923506        0.08412877995794041
3.8440894450053746        0.07837139619238813
3.867641836011068         0.06670494081218277
3.8768551718069624        0.06209949644200436
3.8894244124718567        0.05582583695230445
3.889914653139466         0.0555813614015698
3.905028482458359         0.04805232865298803
3.9217863701242495        0.03958589642656608
3.9220665246892183        0.03944433962545762
3.9389815940048436        0.030896444883404324
3.947393045368575         0.02664503074998107
3.961042101763769         0.019745298471792155
3.9777816139805253        0.011281508538163718
3.982727830131356         0.008780235272203025
4.006893515343624         -0.003306193905469193
4.0148643664956545        -0.007294266736917321
4.028812151345959         -0.01435873019005452
4.050058798495838         -0.02514942515033428
4.052879743632662         -0.02658478963562909
4.0767388763560435        -0.03874991996870617
4.091125254669179         -0.04610678381123275
4.111829177310065         -0.056428927220641904
4.118136833028659         -0.059554727856470376
4.13041500135258          -0.06561388425037178
4.150892880982019         -0.0756348631615023
4.152837933922689         -0.07657978765018171
4.16810072911443          -0.083953045340146
4.175057194306102         -0.08733176535232434
4.177949115996064         -0.08873044520732085
4.1903791185086945        -0.09470269116399732
4.205792421410691         -0.10201924160870408
4.219169153042682         -0.1081941627792957
4.233464875521349         -0.1147368817328762
4.244834587139368         -0.11989883387547011
4.269357529436716         -0.13090693103273596
4.270579025990411         -0.13145076308979958
4.272301614930199         -0.13222544218592489
4.2883709524154225        -0.13936575552701239
4.316097404067582         -0.1513190656901326
4.317532280032202         -0.15192502496481616
4.3213753345268975        -0.15355439138745372
4.326023210529739         -0.15551044985342236
4.361730109954694         -0.17000704073331413
4.370822051795284         -0.17354826511354596
4.387783851301455         -0.17999197845640186
4.407173246879438         -0.18709835792931329
4.423609561831533         -0.19302311484534185
4.42774335559355          -0.1944930256065471
4.434882488423564         -0.19701248038628302
4.44103886266189          -0.1991656797542593
4.443982965100202         -0.200189022344192
4.451715044008091         -0.20276795778841047
4.459230329564473         -0.20524466796010873
4.463428602921921         -0.20661539662981862
4.46521604777124          -0.2071962008203371
4.467914956937368         -0.20807001085850438
4.486981454568126         -0.21413445791253552
4.5047165912997515        -0.21958861875667285
4.519614161286608         -0.22403097661882235
4.5201878333218515        -0.22419950137981612
4.523499207277598         -0.22517361917481657
4.535636869155059         -0.22868904996758802
4.541508543601585         -0.23035856502598068
4.56661942297113          -0.23726963770508058
4.576681142612859         -0.23993477139236405
4.581684889613283         -0.24125031915306636
4.6050680630298455        -0.2470894195283102
4.640892832363091         -0.2550491279763029
4.645870671953528         -0.25606068947710997
4.6496812733353945        -0.25681948192220233
4.653475894261876         -0.2575616740082576
4.66094527993155          -0.2589834960121545
4.6616889804580115        -0.2591222218353741
4.662435180472536         -0.25926234946263194
4.666169631099301         -0.25995911900687635
4.686726600503171         -0.2636598265418205
4.722712859075056         -0.26958891164634335
4.735587746203702         -0.271540370286744
4.78459884593205          -0.27815032362151815
4.7923362980882755        -0.27906108731451024
4.801412738787107         -0.280077288145966
4.8032841786595375        -0.28026856842151204
4.8210562621631645        -0.28195549034118195
4.826251936014867         -0.28240437347166153
4.829323812465054         -0.2826603441955807
4.85175500075931          -0.2843171566423741
4.859832095912373         -0.28484053482032773
4.860148794698217         -0.2848604636359117
4.861676172784129         -0.2849559486647231
4.869473409850633         -0.2854271906664024
4.870573193115586         -0.28549147714376144
4.878554676502974         -0.2859418676071083
4.899639740161922         -0.2869950675173583
4.909255344642016         -0.28740956165496295
4.934402494931657         -0.28829869604693875
4.941836010683483         -0.2884989651816902
4.952740701585738         -0.28875197325600865
4.962141400587458         -0.28891680895832333
4.977222255443342         -0.2890781961389408
4.984620052892602         -0.2891109501442269
5.007265768687957         -0.28902132316891926
5.010559625714808         -0.2889844396140803
5.0242315291332424        -0.28876991323511414
5.046104056482421         -0.2882531821622393
5.074730088237194         -0.28725424555609597
5.082586643804186         -0.2869161063741757
5.092171880656642         -0.28646625038168316
5.111278956190935         -0.28544466785409917
5.120108905014789         -0.284927076638072
5.140818475786484         -0.2836078954565997
5.162882990723205         -0.282040053978979
5.193798921321366         -0.2795614961966464
5.195447369534935         -0.2794201044264816
5.198154132706428         -0.27918906402407184
5.208769882040501         -0.27826937116562145
5.22516653459488          -0.2768063619706733
5.247981193094951         -0.274684879808956
5.251451428736002         -0.27435344030064635
5.279532101798966         -0.27158648476655134
5.291990930660034         -0.27031038989761946
5.300515016654965         -0.2694201525735281
5.331850558286146         -0.2660277152372186
5.332956765115583         -0.2659070656830084
5.333694990908802         -0.26582569196563044
5.334036099780958         -0.2657881864060727
5.35539966502573          -0.26338758503530135
5.388266298258376         -0.25947131957410646
5.411252463481856         -0.256660098616464
5.422093876227035         -0.2553098786713563
5.436148340273425         -0.25353630351338546
5.458295162061054         -0.2506883862689096
5.460081635378744         -0.250455824963594
5.476155893919909         -0.24834426398233775
5.508770288107731         -0.2439546866806942
5.509421409506085         -0.24386561641933108
5.513094550308855         -0.2433620956679791
5.541059324357965         -0.23946998918043627
5.542489435253227         -0.23926847250307764
5.554548143749942         -0.23756729158274262
5.576275918804123         -0.23449306513245122
5.609153658354152         -0.22981928016833392
5.619140839339143         -0.22839429874179348
5.6337578505636525        -0.2263043274677228
5.6530363327459385        -0.22354443523379017
5.6621257318642755        -0.2222416382081587
5.669633815935774         -0.2211647366459929
5.682307409117003         -0.21934538110925347
5.686037322159135         -0.21880956251479364
5.688412858455438         -0.21846821808445688
5.700062736712832         -0.21679323706599768
5.719621040160593         -0.21397750209167254
5.738316793754614         -0.21128160197065815
5.741726363795494         -0.2107894892907818
5.756276740411921         -0.20868176187781362
5.7709750076978565        -0.2065579671144952
5.7771685301704           -0.20566465927073746
5.78175672779492          -0.20500550001796525
5.797838410595418         -0.20270328280015057
5.8191705953426           -0.19966896766066444
5.826285462006897         -0.19866420332263343
5.838858115816107         -0.1968907567399208
5.879736117687761         -0.1911429352587776
5.890084315340459         -0.18969231412386073
5.899046717422762         -0.18843789941072464
5.900632592213866         -0.1882160921026315
5.907252178894553         -0.18729076194814734
5.9115947149082           -0.18668418354369348
5.925283618353911         -0.18477441179188228
5.966225748607707         -0.17908363775238234
5.9865860426789945        -0.17628958775116077
6.017479777412603         -0.17209481737887938
6.037645538619013         -0.16938582160127869
6.041184061881843         -0.1689128416141617
6.04320399440614          -0.16864316303906918
6.089797094988855         -0.1624866449009554
6.098354033408469         -0.16136933320179558
6.116142375155979         -0.15905989781678345
6.123517923923265         -0.1581075903168085
6.1540132316309375        -0.15420954845645266
6.165881856288191         -0.15271006161146694
6.199339194164467         -0.14857005018599206
6.2211968769165304        -0.1458695579730242
6.228046260339824         -0.1450297637041157
6.2415006418710055        -0.14338908525252617
6.262466062311098         -0.14085518376354653
6.273242107101124         -0.13956284769199198
6.2957930233466275        -0.13688050975746793
6.319821137190903         -0.13405540655725473
6.321096798657832         -0.13390637084119492
6.322913409433381         -0.13369430127502793
6.352705051995064         -0.13024854830320698
6.362008534871263         -0.12918212234612692
6.39449170650799          -0.12549463079721107
6.435112409693706         -0.12102213743341812
6.435125417195727         -0.1210207178343477
6.435143159874241         -0.12101878146554905
6.4651105930001425        -0.11775315459107176
6.47109759243349          -0.11710606527096416
6.4735928689408695        -0.11683610535275782
6.493083149370943         -0.1147403650105821
6.532754487948774         -0.11056695942001832
6.575629804989097         -0.10617319050002147
6.582643597953776         -0.1054662616127687
6.594732501660587         -0.10425571024228814
6.599464694218332         -0.10378456533510022
6.600366450148546         -0.10369419258519551
6.602083289784916         -0.10352227027545494
6.603416284804896         -0.10338890961953666
6.606924153099399         -0.10304026454646188
6.609661273636449         -0.10276865262554316
6.614671653945457         -0.1022724331004312
6.663825396513445         -0.09747114338432372
6.697106234793897         -0.09428915246714546
6.70127512557366          -0.09389448155715868
6.7190949761816325        -0.09221730094020385
6.724234508221993         -0.09173653629295116
6.76524630583626          -0.0879476896910171
6.768681470478341         -0.0876341660058215
6.771726663933414         -0.08735641589124307
6.776845931065796         -0.08689038670859975
6.784770580234275         -0.08617133182182266
6.786919769770496         -0.08597793937689732
6.789789355325471         -0.08571927970648771
6.7931931992820465        -0.08541287525413686
6.798074209915739         -0.0849747383378491
6.812153674841018         -0.08371700400261213
6.846710217602128         -0.08066756830195418
6.853177978329724         -0.08010299795868309
6.858651588083731         -0.07962672836733112
6.891380450268511         -0.07680802823959032
6.902466228754624         -0.07586459604275862
6.903743485632714         -0.07575626529323898
6.905228547368137         -0.07563040502497861
6.910208125127699         -0.0752091307856197
6.935393291302352         -0.07309613883985486
6.960776753663302         -0.0709963876869876
6.970856785821773         -0.07016850128699499
6.99613348834569          -0.06811288040700772
6.999437156273557         -0.06784636454527894
7.01662417331245          -0.06646787542629437
7.051610994341459         -0.06369596702382245
7.0557451774649           -0.0633710046075969
7.057864027042723         -0.06320466616502703
7.0862363050504875        -0.06099111153311229
7.1192362852037006        -0.05844878694167752
7.13109036280197          -0.057546102685394826
7.141176580131463         -0.05678232263658941
7.146111203319694         -0.05640987597045187
7.16178069048403          -0.05523255249362907
7.189789597971355         -0.05314838213549346
7.215021931773594         -0.051293080912841835
7.233600208053896         -0.049940531625730346
7.239325224404395         -0.049525407360376014
7.2450976639886795        -0.04910795136864753
7.245290215179572         -0.04909404545161658
7.251614608894248         -0.04863798944484557
7.251735973052154         -0.04862924547380711
7.252074132030157         -0.04860488420495808
7.287328223443894         -0.04608294193311265
7.33465431918959          -0.04275553200560311
7.335547839399899         -0.042693088078516815
7.3355616993935575        -0.042692119610805365
7.346596681230418         -0.041922427257693295
7.358769698944707         -0.04107654853902354
7.367218290042789         -0.04049144121583128
7.368472303911187         -0.04040469145621291
7.396876019106352         -0.03845052088879315
7.399969553012703         -0.038238927693764455
7.414282399942722         -0.03726312395402807
7.439047962858377         -0.035587017820377806
7.451428285436423         -0.03475499016208912
7.464300123767584         -0.03389274441040988
7.471132458318199         -0.03343678577432738
7.494635956367066         -0.03187737388150227
7.503918998635188         -0.031265046530937146
7.518908808126032         -0.03027894056974549
7.525734797334837         -0.029830977154320086
7.558680405427554         -0.02767842963838235
7.582788041705772         -0.026113343843568903
7.585958007088354         -0.02590817727689826
7.58943889513986          -0.02568305582937142
7.595370576316484         -0.025299678346994384
7.602947826165905         -0.024810661622477425
7.627131628829931         -0.023255283231722764
7.655194460715595         -0.021460702090575462
7.6828219242450775        -0.019704746139831735
7.691572173398796         -0.019150825827288144
7.702318623368683         -0.018472744480512938
7.720903011691554         -0.017301417607478324
7.722709540471394         -0.01718771302252625
7.724251029202357         -0.017090712206438093
7.762670078795945         -0.014679869291679982
7.763437272429699         -0.014631863257438723
7.775323834487687         -0.013888760792687726
7.7766900645570365        -0.013803431405637268
7.779126584828227         -0.013651236329752441
7.785092132347483         -0.013278812235819368
7.791208115716904         -0.012898098099564326
7.819945739298452         -0.011111794984895788
7.832816227236043         -0.010313160724256084
7.8388857385406565        -0.009936834752665226
7.868081366842636         -0.008129286349772502
7.877793106453241         -0.007528992682610731
7.893165844328809         -0.006579782097542894
7.913342132051792         -0.005335822027435096
7.921842812781339         -0.0048123458512390775
7.927695246583163         -0.004452166971073407
7.933903066289343         -0.004069673895710302
7.943255695955415         -0.0034935665592747377
7.958872815906335         -0.002531984595367618
7.983460747561242         -0.0010176877543866254
8                         -1.4387943100352114E-16
