0                         0
0.06958904354285167       0.007025046422597713
0.08041095645713466       0.008122598540063287
0.09123286937141818       0.009221516659336267
0.1488647428479252        0.015083617148909845
0.1652491743179751        0.01675356474962758
0.1737318013150258        0.017618726692034195
0.1985166515549036        0.02014888932259531
0.2025383703997808        0.020559769959669228
0.2154590489732695        0.021880427490674693
0.22577068791481403       0.022938779207336404
0.24117216206144185       0.024522957914066036
0.271243022415132         0.02762783447145781
0.2848543820727749        0.02903837462535301
0.2967487116327521        0.030273602202609582
0.2999153629025961        0.03060287162156465
0.3013804495774683        0.03075527046898148
0.30974095816883207       0.0316256437541607
0.3146005533343621        0.03213210876724673
0.322924729203265         0.033002426236240785
0.36513398423334104       0.03744284203431367
0.3720620178658089        0.038176030544507716
0.38488934646136996       0.039536781741207366
0.4095204613497228        0.04216151863077178
0.42745599586697947       0.044085575054138064
0.4367700123969835        0.04508748364668513
0.4387124049000919        0.045296799441947894
0.44921372809453375       0.046430668684171714
0.4655825913197208        0.04820557612172879
0.4665934935625255        0.04831548966317773
0.4677439217448           0.04844061598389885
0.47833293005222266       0.04959444825833036
0.4865128156085142        0.05048838705364377
0.5015070767933809        0.0521313416352037
0.5042236992476027        0.05242976776875283
0.5152209914702162        0.05364022272396343
0.517145325409381         0.05385242383651044
0.594213962999239         0.06247565655081885
0.5961071557781839        0.06269148491426492
0.5964814492407698        0.06273417486774942
0.5972277696650079        0.0628193387842167
0.5974882547398824        0.06284906874368934
0.598022254428958         0.06291002475235967
0.6050931851153517        0.06371831003501487
0.6065350757223595        0.06388339407319167
0.6702792480016975        0.07126958702739322
0.694453245814361         0.07411571569308234
0.6960365829364236        0.07430299412923619
0.6976215999277142        0.07449057765835597
0.7433307263383871        0.07994596010210181
0.7438406533319326        0.08000752897940797
0.7852520516818722        0.08506289695444043
0.7904263202734156        0.08570241836694333
0.8087127942542646        0.08797463815588023
0.8087179773904799        0.0879752848647532
0.8087643690940308        0.0879810733052158
0.85934518549453          0.09436428302116087
0.8765380325798403        0.09656678858844384
0.8784842644098311        0.09681716090151261
0.8800457238482743        0.09701872774153807
0.9016105714781119        0.09982179647538149
0.9521859453701041        0.10653686694264261
0.9836388295103249        0.11079420419982271
0.9969989527691966        0.11262599013889837
0.9996945283188721        0.11299726881912132
1.0056049271332832        0.11381333454992926
1.0235156557052576        0.11630300481073534
1.0262877182887515        0.11669057581540287
1.0481725673229867        0.11977146898120494
1.0590239088964626        0.12131298468521423
1.0707413516972821        0.12298787807965086
1.074644248371434         0.12354858264955584
1.0788939247115708        0.12416029145345699
1.1039302705985405        0.1277999330711262
1.112885888890373         0.129117278583921
1.1361415942231305        0.13257609141025536
1.157752605914999         0.13583288288647236
1.1827147753053557        0.1396485849470133
1.2090403920785902        0.1437352886420589
1.2133021958493357        0.14440291984054562
1.2392470302191525        0.1485036253406946
1.2399785146097508        0.14862014446995747
1.2407515508587226        0.14874333636201698
1.2904627974755403        0.1567817051704825
1.2981809962531639        0.1580502936076384
1.3258350965434635        0.16266140060473666
1.330890782634711         0.1635120403263935
1.3374641638971922        0.16462235717268855
1.3581385043232328        0.1681523395317907
1.3652477816796758        0.16938081885188855
1.3979288241140229        0.17508828204879723
1.4026628175543263        0.17592471305585458
1.427281666648776         0.18031401423217325
1.4328392063669766        0.181314034622178
1.4684431342323592        0.18780067425672142
1.4763619451424406        0.18926222853707284
1.4921846462251118        0.19220311273371102
1.5004306310542779        0.19374659796471128
1.5389574443506944        0.2010565348235398
1.5631871308446532        0.20574958076339486
1.5727335020335735        0.20763117315300628
1.5824844033191727        0.20958581068107549
1.5958219124557642        0.2122755078253647
1.6206588926911154        0.21733495212419135
1.629953791921855         0.21924534972665477
1.6719049396488799        0.22798264099965346
1.6938501528508036        0.23262824161326057
1.7042932999203728        0.23485705259204548
1.7081931236056391        0.23569235784730885
1.7091559708568895        0.2358988410414191
1.7097401498030924        0.23602416692255143
1.7364197412034035        0.24178673790862704
1.7879277071496291        0.25312745333285097
1.7964150335866558        0.25502551934140644
1.8062530630891724        0.25724322254862203
1.8378520242424516        0.2644939301436912
1.8532341634231688        0.26809395872764485
1.854458340384842         0.2683824459840478
1.856325608880014         0.2688244640139604
1.865545036540512         0.271012404665399
1.8842514669535768        0.27548003130859744
1.9353495704313866        0.28787656357633734
1.9563960562533187        0.2930645920799534
1.9564760874522837        0.2930844114530766
1.9564835520435218        0.29308626006145705
1.9565065120917984        0.293091907517056
1.99947549681464          0.3037103369693749
2.0157825542994154        0.307765960541818
2.0365236935469038        0.3129172626303559
2.071846835534334         0.3219052725592368
2.0741947925741098        0.32251231971020305
2.082891896645815         0.32477132608866466
2.093150322213536         0.32745271338666926
2.0940244638727004        0.3276815683257439
2.096185254650356         0.32824752309861227
2.132199293987327         0.33773237173078496
2.1332188582782488        0.33800231892311877
2.145537904381557         0.3412702186463678
2.1485925632684144        0.3420823122617793
2.1494153493677612        0.34230117409524796
2.149576135945358         0.3423439494543053
2.149955965297517         0.34244617982418346
2.1520561566083027        0.34301147605261595
2.1527477948785494        0.3431976527459046
2.209213170812995         0.3584179508307622
2.2118894575274632        0.3591403679042857
2.2133653369620143        0.3595387954435245
2.2464346582634094        0.3684735413515533
2.253061976111936         0.37024956705407813
2.2735572080744824        0.3757514538384048
2.2982950688253676        0.38241130465597245
2.302110274688479         0.3834366918308159
2.3437872195796934        0.39471565817971377
2.346023738091449         0.3953249504139977
2.3481791391402207        0.3959136132201208
2.376553752091775         0.40360242007597436
2.385593851333593         0.40602839889707154
2.409222827965698         0.4123154127104973
2.415978456931565         0.41409853845925193
2.4248630689317654        0.41643388151142874
2.4418637141525608        0.42087176019875544
2.484249470587018         0.4317601289076607
2.4879345336040175        0.4326948989215536
2.4909495708341782        0.43341654226681137
2.49140566267431          0.43352559921125156
2.5040167248954446        0.43652983658044797
2.514970746292695         0.4391217598811678
2.5170838789567096        0.4396198865457347
2.5517725047733957        0.4478403604249355
2.595876831024875         0.4579506833687862
2.59652928402508          0.45810312476215914
2.603185960947583         0.4596470402040846
2.6095079567331942        0.46109415068352666
2.65107052209718          0.4701426172133
2.6539065050247217        0.4707305966292337
2.6570701100261838        0.4713820644108623
2.681452843796047         0.4762460875899207
2.7089256967082602        0.4815545462553572
2.737836886960137         0.48659426361666247
2.743497762056081         0.48751542060833836
2.750779320198933         0.48866869690126763
2.7723836527165826        0.4919994215842686
2.7768969908214807        0.4926613636006832
2.782502230841029         0.4934650680460379
2.794875994945459         0.4951671808156818
2.804983688752519         0.49648393898486537
2.8326354698262377        0.49974785890197004
2.8450386810006023        0.501050894234937
2.8546770333355247        0.5019946190035495
2.86561006472038          0.5029922267313042
2.9040392488384605        0.5058840536087789
2.907575131160175         0.5061020463892066
2.909245238156859         0.5061899160556355
2.9378624024908153        0.5073736752054868
2.9511049388511           0.5077155953541915
2.964480685771647         0.5079628551180584
2.9806466359134154        0.5079729309473617
2.9940830739102537        0.5077408053785437
2.9971368055363117        0.5076576015228704
3.0225522141312013        0.5065276197753994
3.0467379149610205        0.504726949884857
3.0475242469478374        0.5046652832331061
3.052192989909281         0.5042875749882645
3.0676405415517656        0.5028966685332276
3.069061965948791         0.5027577891605212
3.0711834678408567        0.5025404859207317
3.0718591599860874        0.5024704120565422
3.101168447775536         0.49902936466350095
3.108755949578685         0.49796915517232077
3.1445765892507254        0.4922480698723474
3.150055560777352         0.491268825306919
3.2032825271237924        0.4803171553316132
3.2047566781859125        0.4799767195601534
3.225843491546464         0.4748879826333751
3.2262699158405432        0.4747870387744178
3.2680370807805788        0.46351482861970955
3.2922960062900963        0.4557089659694914
3.306830198317022         0.45058913991430394
3.3143301953015776        0.4478173080186881
3.321247623888927         0.4451824002173209
3.3222212279471415        0.44482246075513543
3.3717501857195975        0.4245114621228411
3.393501617097227         0.41493031821918064
3.3995708602462793        0.41218490520509926
3.41470633180748          0.4052015196260152
3.4580504825360494        0.38412184038554215
3.4723678466820527        0.3768067475911586
3.4821466250510524        0.37158846413940294
3.496691270071289         0.3637473111986734
3.525095668516285         0.3476139301764916
3.5323426455818283        0.34332399997896607
3.562066612395921         0.32498962912763707
3.568739140222901         0.32071057264055425
3.573642528985208         0.317527888526202
3.587650387021608         0.3086410594343167
3.591621302161395         0.3061003149639327
3.6162194891468586        0.29014954906651
3.6290623859009594        0.2816765449218916
3.6463410967632157        0.2701201118267906
3.6533105216773905        0.2654078295765726
3.6619154197998895        0.2595061702696726
3.692295602991287         0.23827714067722947
3.6985704696516697        0.23381872195174747
3.7146496678137484        0.2223055656022681
3.7272848261470504        0.2131690433935029
3.7456834887952892        0.19972422622034836
3.7483116465209525        0.19779008449672505
3.7761556642231655        0.1770897608543356
3.78860895641297          0.16770785032713517
3.804200388871499         0.15585402740369284
3.804327690050618         0.1557567500784717
3.80466888968897          0.1554959826416543
3.8302077028904704        0.13567892634949047
3.8521465109384296        0.11831315703232557
3.873232090802283         0.10174203548822569
3.8801399823029965        0.09630268492597868
3.8869090496768814        0.09099274370094328
3.9039357595044337        0.07742012330203013
3.9080201914707753        0.07415717664750032
3.910957283473473         0.0718091132409304
3.9323166264262257        0.05469064867937774
3.9389512930173116        0.049358007145132075
3.9539704577244494        0.03725953004571676
3.963981683253124         0.029174509719580966
3.9687640711855585        0.02530645366681096
3.9750054521899933        0.02025268430681628
3.9943747168629167        0.004528192441271797
4.004005155944464         -0.0033130372518939835
4.020656108331705         -0.01693950071998882
4.037466811698659         -0.030620281784567
4.059461114579201         -0.048403602898319804
4.066967248223763         -0.05444254710668662
4.080144041623653         -0.06500671012373542
4.087931460223129         -0.07122789924337798
4.0966803005125785        -0.07819749249983522
4.115707527142173         -0.09328336647658425
4.15042683967251          -0.12055732675572743
4.171857764501798         -0.13722904357219026
4.206463390058532         -0.1638862964252397
4.219846672048902         -0.17403180573502336
4.235135136817468         -0.1855532321841275
4.248169090192765         -0.19552760160687707
4.2539344865994           -0.19974151691292
4.258572954904144         -0.2032064808419786
4.266358499707087         -0.20901486130324498
4.276842336393255         -0.2167055196312773
4.290009350270408         -0.22613778065165563
4.320807305333901         -0.24780008983439544
4.341466518032796         -0.2620171060713241
4.358475662072722         -0.27353300046826334
4.361470461600286         -0.2755551387176688
4.374965335183262         -0.2845956703922259
4.385780632413686         -0.2917566936953431
4.390725225412442         -0.2950055928178142
4.405215163785815         -0.3044359711197475
4.4137571709214924        -0.30993214886608994
4.440956956345735         -0.32712122326874693
4.453776770466167         -0.3350580986764029
4.455903100500018         -0.3363668931935236
4.458304949490261         -0.337838027229613
4.497556424265791         -0.3607901064423862
4.509800922003681         -0.36752983721233445
4.517544959954797         -0.3716892351466808
4.535378432624198         -0.380963814063492
4.551213721382701         -0.3890169328366908
4.55778918903061          -0.39229099612655305
4.573074757322627         -0.39974343807983415
4.606268975043031         -0.4151635861614347
4.63167712490667          -0.4262602269921851
4.63905387008092          -0.42936715393942837
4.657118920047042         -0.43675767516923986
4.677159517461863         -0.4445940366591174
4.6902417725907934        -0.4495038992750889
4.70671387061879          -0.4554890066688948
4.73439029392045          -0.4644419356979893
4.7648650706817435        -0.4729823325552415
4.766052606487028         -0.473288326459428
4.773785675094661         -0.4753175617395524
4.781165815920232         -0.4771979423751451
4.791313937673076         -0.4796938793890074
4.805796225756574         -0.48307593906840063
4.8128521417837415        -0.484647080724662
4.817349733466476         -0.4856223576788796
4.819902688579612         -0.48616687498726896
4.822210147241162         -0.48665337533124553
4.828836131175547         -0.48802053762045633
4.860913791838291         -0.49401319526854387
4.892184971377352         -0.49837689697575016
4.906082192782742         -0.5000721748948324
4.9134725923875315        -0.5009125540941919
4.914006090432298         -0.5009715761807971
4.953390022870087         -0.504717628328867
4.956987561784395         -0.505038067755605
4.959714998191747         -0.5052711532102598
4.970147185589131         -0.5060842779642606
4.979658112357045         -0.5067172679086518
5.029706695892378         -0.508247212368961
5.043000233943495         -0.5081141787804188
5.049551852222273         -0.5079653255362102
5.06479499655084          -0.5073874919675062
5.098265335259294         -0.505588563072706
5.1080508814981656        -0.5049258144452935
5.11188793269365          -0.5046501970466761
5.120070309442591         -0.5040328296675943
5.126022392128106         -0.5035583994983449
5.130393011298161         -0.5031964355952419
5.182599851041358         -0.49798310910442084
5.183032333881779         -0.4979330646069267
5.184670014648536         -0.49774254016752
5.217622922404432         -0.49356553196045694
5.225689779824472         -0.4924406111031786
5.246445510042959         -0.48932166248503617
5.264545141679839         -0.486337847462391
5.277602763007232         -0.4841567457822772
5.2777550230733565        -0.48413066480268613
5.280434127191225         -0.4836693111302251
5.298025178543247         -0.4805251814876493
5.321402537364522         -0.476038299121511
5.322120281006641         -0.47589496916423424
5.329561626477675         -0.4743894086598896
5.334882483950257         -0.47328869601666157
5.414275319204938         -0.4559077861704041
5.41449885580144          -0.4558563162236786
5.418982744598132         -0.45482088412244126
5.4215511703086054        -0.4542251984368873
5.480109677902046         -0.4401301728204543
5.480435352999571         -0.4400501803402305
5.480448348104845         -0.44004705281689427
5.485299694513582         -0.43887714877534595
5.507249832669618         -0.43352568633781846
5.555290482553054         -0.4214808176320336
5.568120820608969         -0.4181873159988327
5.568156235586192         -0.41817819236157916
5.5726817461853235        -0.41701084326102184
5.577207256784455         -0.4157911824152571
5.577217728599172         -0.4157883618967594
5.579114622701893         -0.41527757608819116
5.58127629801804          -0.4146958087339027
5.590073009817593         -0.4123318543838722
5.6445441328665975        -0.3977424071558489
5.676431081400022         -0.38925253264254384
5.678499411473393         -0.3887031336672159
5.678504716184638         -0.38870172480877146
5.727665362561957         -0.3756270084825455
5.727693693292778         -0.37561942612491944
5.766721298127021         -0.3651221830701956
5.785563676005984         -0.3600169523766672
5.823798370947319         -0.3495830327235046
5.824602039156549         -0.3493654337820534
5.853210712182326         -0.3416339975006649
5.871745692049496         -0.3367067006575469
5.872797279041832         -0.3364285257122648
5.873657357359624         -0.336201120193336
5.875256300680032         -0.3357786208445967
5.9048875707346           -0.32801080087814843
5.9103152600033795        -0.32660065282437595
5.924697469422629         -0.32288310494961414
5.941860771088534         -0.3184828784615625
5.954333253534889         -0.31534002744531275
5.967127916489043         -0.3121041049357261
6.005880506316506         -0.30239015820897086
6.006056958679724         -0.3023462269661532
6.015823992480244         -0.2999187661136551
6.01873094884456          -0.2991978878192293
6.0188727240899675        -0.29916274867944287
6.034764210423397         -0.2952351300164265
6.077314731425603         -0.2848270263616986
6.088572078056298         -0.2820998089069797
6.098523139241234         -0.279698249907416
6.152929896428743         -0.2667391840442434
6.162586736440655         -0.2644877530472129
6.166517473004992         -0.26357641316533476
6.17923153075357          -0.2606595080361258
6.192286154603893         -0.2576845607576362
6.214234487162727         -0.25272875921048044
6.22919999679166          -0.24938263164750274
6.235214455924334         -0.24804539942433176
6.2396223710458925        -0.24706810401004825
6.261712892376641         -0.2422052928724649
6.267934049444716         -0.24084634219162893
6.272328693282978         -0.2398891617565727
6.293798890441678         -0.2352459879500064
6.300013211338213         -0.23391234576920117
6.311447257210271         -0.23148773204659695
6.32304175526058          -0.22904096117005376
6.326221310773563         -0.22837207178183283
6.352157706836588         -0.22290864593563783
6.366301997974982         -0.2199724114413364
6.370273708499091         -0.21915340340292314
6.4294199701337975        -0.20724143126853584
6.4328604647083845        -0.2065649363880177
6.443854463372423         -0.20441531505885996
6.446772802836616         -0.2038510320679901
6.455479979956039         -0.2021777050303852
6.470511594341593         -0.19932516910091932
6.486146724907228         -0.19635187856310463
6.492452763651993         -0.19516009364873238
6.518591667158915         -0.19026565660234251
6.5253125756953           -0.18901918306807008
6.5351658228317975        -0.1872006516070021
6.538250904816655         -0.18663343230377755
6.5651586277881835        -0.18173005576398954
6.608208560017809         -0.17404870908291548
6.612559383043224         -0.1732836009619532
6.6304536749920775        -0.17017378321353072
6.647902850350027         -0.16716877142276104
6.6528158876329915        -0.1663275622748502
6.656269928065913         -0.1657374485896609
6.665658504916383         -0.16413880176948423
6.672798245306261         -0.16292832975462324
6.674927205371001         -0.16256892810300447
6.6877077370021585        -0.1604230937341614
6.706013918752667         -0.15738450757186195
6.728815609552946         -0.15365737025987503
6.7370149605352525        -0.1523327463110361
6.754539284529365         -0.14951680835875744
6.770754898345738         -0.14693727660768277
6.793113374558382         -0.14342033608304197
6.801936082901192         -0.14204583410025645
6.833034316769879         -0.13726097695434966
6.833160292718794         -0.13724178400050432
6.83363113520472          -0.1371700627880878
6.855659120158072         -0.13383858825404557
6.878126945437356         -0.1304888932668257
6.8787215399917345        -0.1304009085540645
6.900023761866916         -0.12727126309689343
6.913279682554087         -0.125343304939639
6.941802034511409         -0.12125371390193523
6.955037293439708         -0.1193746425094113
6.960231349740795         -0.11864075188773143
6.961208772667823         -0.11850287027173881
6.986106533649766         -0.11501441355727743
7.004491896689951         -0.11246779443073054
7.0074123137824635        -0.11206557454488095
7.0374132391088935        -0.10797010258606263
7.065185629027241         -0.10423808408359071
7.08200345129548          -0.10200581056675602
7.087788624392026         -0.10124396563845028
7.110759792431768         -0.09824421631171656
7.142107734542705         -0.09419612307032221
7.144683395736203         -0.09386688126445096
7.147336137067899         -0.09352895730266152
7.172804501798012         -0.09030976795271267
7.185733787279095         -0.08868946803382616
7.220760477729096         -0.08434713686446954
7.229902147004647         -0.08322517558857334
7.241426544997427         -0.0818174758887606
7.258203765030602         -0.07978149410534238
7.29666451899287          -0.07517385112661604
7.312468156941395         -0.07330466402110199
7.314050314551597         -0.07311830638997598
7.330673742782109         -0.07116878972117473
7.35678793753454          -0.06812162657492624
7.357269150194243         -0.06806573374930916
7.372377543251279         -0.06631758258360401
7.400540663362889         -0.06309546848182836
7.406601849326448         -0.06240626415362703
7.42040842493198          -0.06084196805951012
7.428129221950809         -0.059970600683129024
7.450530380554575         -0.05745623505068889
7.458432094768878         -0.05657423114099897
7.472148487728281         -0.055049256938133874
7.483880900650335         -0.05375097649626176
7.500520097746259         -0.051919394725309743
7.530919985856521         -0.04861058881730996
7.553208850857037         -0.046199050468420745
7.575042096038319         -0.04384865437836624
7.597504495434206         -0.04144276436950553
7.63277855419093          -0.03768969555065444
7.661529120660438         -0.034653346116673554
7.666813935733664         -0.03409742837765186
7.69448889312215          -0.031197474834403202
7.734637122525336         -0.027023980537872295
7.757570716213807         -0.024654889347637057
7.77660498744418          -0.02269937019653646
7.782881102039184         -0.02205636440261481
7.823444907738524         -0.017896471977085333
7.828421198107816         -0.017387559896055678
7.832006506239873         -0.017021852042948496
7.867716888133397         -0.0133854413429849
7.868503048544261         -0.013305511107837967
7.873395128398589         -0.012808246216169827
7.895715454232743         -0.01054209927309295
7.9199667775013305        -0.008084820714335405
7.925776527061953         -0.007496905386814674
7.941199522709844         -0.005937607773571583
7.945359643432813         -0.005517365586627949
7.9540454611582545        -0.004640437858626802
7.959424402225612         -0.004097704806206845
7.961528947596899         -0.0038849231063793487
7.982805203320108         -0.0017352757005377737
8                         2.9477795211890796E-16
