0                         0
0.008195774854332665      0.0010204103918407528
0.030669786704318712      0.0038237584060012335
0.08440248746912117       0.010548082700335195
0.09249178241813288       0.011563077987765302
0.09883997294841775       0.012360099219977588
0.13894829732261432       0.017405679849870098
0.16253870711136187       0.02038134480823106
0.16650827394946385       0.020882727876947497
0.19556311018860098       0.02455856935853128
0.19806009717032658       0.024875193756316288
0.23151120967201783       0.029134978647001097
0.26220638898327575       0.03307344587474021
0.2691714907585723        0.033971078674120796
0.27033189195885177       0.03412076816530678
0.2784943157699997        0.03517485015609288
0.28291229603505463       0.03574621733099516
0.29494542417474584       0.03730541320882069
0.2981088005969271        0.03771603205375192
0.3115904238252764        0.0394684206743389
0.3274999168515855        0.04154322675319802
0.3290252641941341        0.04174254070921237
0.3536908276371191        0.044986366499943344
0.36498889555605585       0.0464802237743121
0.3662904820313848        0.04665264639562245
0.37412119552762524       0.04769140167832141
0.38619317976064915       0.04929652146122042
0.41635884358457026       0.05333863772856724
0.4273803923619947        0.05482661733601675
0.4276442085684223        0.05486230715868831
0.4301760408473133        0.05520499420606313
0.43144999896479147       0.05537754501520886
0.4350209242115672        0.05586144035251407
0.4465542344731284        0.05742836597031419
0.46532443459828365       0.05999172301689241
0.4797107769500164        0.0619674848461673
0.4925794570139088        0.06374186702692494
0.4984265416827015        0.06455210046981337
0.5188611829737304        0.06740344481242008
0.5219671780184688        0.06783952216113438
0.5287545246836349        0.06879491998760673
0.5302193805338116        0.06900155899900884
0.5310755060337286        0.06912240073839851
0.5453957950087893        0.07115167762213466
0.5544358605134309        0.07244046159432765
0.5564609510418494        0.07272998792033838
0.5757144692202266        0.07549948452454282
0.5925567669642632        0.07794329891819717
0.592883869583149         0.07799095689551466
0.6048974736447368        0.0797464663130217
0.6050162375049446        0.07976387103864513
0.625682568001888         0.08281011717586352
0.6497775073714828        0.08638222761843048
0.6499723942371505        0.08641136992199355
0.6576479618729973        0.08756232269722791
0.6732963293035064        0.08992807654888853
0.6957412384224236        0.09337013095316342
0.7075342768257944        0.09519823034969825
0.7268976599886614        0.0982290882059078
0.7394534012045947        0.10021380285005396
0.766152796862427         0.10448503600906411
0.7776095757446746        0.10633902072594781
0.8149415837593528        0.11246852404921551
0.826650651490766         0.11441885520655318
0.8339675374639802        0.11564017188020981
0.8387186352599668        0.11644661205897755
0.8493271990498605        0.11825608872534416
0.8624575599765683        0.12050552335706503
0.8755613564865662        0.12277427180263793
0.8945191095346486        0.12609875034892873
0.9019555803209632        0.12741645426949738
0.9023076925898041        0.1274790371154576
0.9402613436408298        0.1343256753278435
0.9470801743649011        0.13557695038252726
0.9508717966950776        0.13627551685932465
0.9552881861297491        0.1370917065961988
0.9787457816678058        0.14147227935300033
0.9806908429879083        0.1418390944721285
0.9848411258365833        0.14262361486393996
0.9885141433821294        0.1433209644906063
1.0001424046096479        0.14553632948504097
1.004881367213591         0.14645766610896102
1.0052067473316249        0.14652102008142073
1.0078415248055563        0.14703087878973456
1.0111023665860088        0.14766396813020463
1.0111152330196589        0.14766647058852342
1.0118737687621462        0.1478139030732129
1.0170376580629532        0.14882001815806403
1.0297291059854494        0.15131369453251664
1.046162877092489         0.1545987707905815
1.0495417038244679        0.15528007502151792
1.0944175247273902        0.1645191340679791
1.0945665828553042        0.16455041211971302
1.0947294201772755        0.1645845860332066
1.107897339299155         0.16736350480652165
1.125798306800429         0.17119015521140873
1.1324524800649485        0.17262696444825482
1.1429702886181197        0.17491390769802123
1.1465810858557262        0.17570469903860902
1.1502163490570267        0.17650391451677747
1.172350723175507         0.18143656326303645
1.1723614782380882        0.1814389877516697
1.1904472808427395        0.1855541218791973
1.1985416801664757        0.1874205374339138
1.208315913254602         0.18969461896344658
1.2392770534200064        0.19701837116879595
1.2426760165242325        0.19783970620757343
1.2436888295429056        0.19808510793533107
1.2649359381048468        0.2033033706466814
1.28893595475201          0.20935880755883357
1.3012838308300914        0.21254086450978069
1.304058344644707         0.21326208183634762
1.3215559629550921        0.21786308766465898
1.3313332536830225        0.22047358295116778
1.3339708799568966        0.22118267483065615
1.346081640560096         0.2244560319799783
1.3552319889333337        0.22698269627726006
1.3760277274062886        0.23283710513448047
1.3906225551754987        0.23701767110216204
1.4012263085484367        0.24009218825720602
1.408117905831954         0.24210714863912955
1.4132050893435784        0.24359828630139507
1.422591181830837         0.24637623534428982
1.4341992935903751        0.24985977516566926
1.4506473215608007        0.2548865518731044
1.4532291470253857        0.2556852658547996
1.4549533028962887        0.2562201118385234
1.4655568126285334        0.259535119907447
1.465943094493776         0.259656719700793
1.4735202276942705        0.26205383991268427
1.4738337004504736        0.2621534976092367
1.504236785559941         0.27200284940517444
1.525325364362565         0.2790755364980973
1.5258609671395045        0.27925793967106294
1.5386473257330924        0.2836532004286649
1.5423069616574896        0.2849255945846629
1.5461442495746673        0.28626664239315097
1.5621104400990404        0.29192217014275246
1.5772642790826779        0.2974028457627073
1.6051069745495818        0.30787951179612844
1.6355422783133096        0.31978234511620585
1.6708566649469616        0.33418321363652076
1.6716957704429047        0.33453399170841114
1.6729502311172537        0.33505913543551025
1.6935241087387598        0.3437968572915335
1.6935526646803623        0.3438091488285688
1.693699154008009         0.34387218033971934
1.7259548971298677        0.3581271479251401
1.7355363505481034        0.362494619569098
1.7388940419853998        0.36403959353021564
1.7570561648251766        0.3725265434177745
1.7859331225206239        0.3864722680683271
1.7977385922642863        0.39239923188908543
1.8070132403764965        0.39714092808136614
1.8110951989727222        0.39923406920866306
1.8286324327841914        0.40843004937566396
1.8452276807680683        0.41743575443184944
1.8541426679612083        0.42239555417088825
1.8633559725298914        0.4275603409116608
1.8657084831170856        0.42889228883436936
1.8934063093110958        0.4449774519172116
1.9041847964884184        0.45143780438064146
1.9191310247524225        0.4605824349835143
1.9256789933934135        0.46465688740472577
1.9275025261927767        0.4657989692877876
1.9542269250156288        0.48290605783399887
1.9795363679253546        0.4997452990832176
1.9859293578742645        0.5041683875831762
1.98735508248921          0.5051608073289724
1.995281274004247         0.5106894209498053
2.003943745967704         0.5170454232562732
2.0045049010902543        0.5174558749006785
2.004986794244629         0.5178087878507135
2.005155274762646         0.5179286672709159
2.0115780471513256        0.5225289655280958
2.0438846707655904        0.545847118849679
2.059666420659622         0.5581259092848733
2.060089577230702         0.558459258543645
2.0680999548303163        0.5648101449277745
2.0817421387428277        0.5758034856562433
2.1286745807497764        0.6153303884592896
2.1295621087699237        0.6161033576456985
2.1328991281065885        0.6190181121450509
2.1830472739913254        0.6644311454307033
2.197296350408746         0.6778857942028474
2.197682740839932         0.6782540379835881
2.1977035254429818        0.6782742640886293
2.1979037333162417        0.6784658851902033
2.206070938530866         0.6863321818854796
2.2135593910207243        0.6936294413581762
2.215544532013197         0.6955774866429598
2.2457159688439052        0.7258861324519016
2.2579711735148678        0.738572750742438
2.2640401145101103        0.7449356855812628
2.276462368158596         0.7581256710714994
2.2856288751555356        0.7680016806650846
2.2937468212430194        0.776849351329293
2.3022104898228597        0.7861752234204092
2.320764110898033         0.8069811082029357
2.3220092904893557        0.8083952555662455
2.3228482538336532        0.8093250385659616
2.344572230246461         0.8334802148854135
2.384054038915064         0.8777726538839106
2.3910625877403047        0.8858642627559197
2.3916670996827305        0.8865645584152411
2.4007418936687714        0.897122392881568
2.404760208903925         0.9018170663707068
2.438238976584603         0.9411244625782934
2.4609813625572405        0.9680233850789355
2.471315032133361         0.9802983888275544
2.4780723740394612        0.9883430017584837
2.478607373103134         0.9889805193599389
2.4790520202509967        0.9895106042556987
2.5156256881641914        1.0317172919554862
2.5162214266027183        1.0323819775782401
2.521075193436366         1.0377702460636895
2.5223269010233036        1.0391519214079081
2.5399830523679037        1.0582974976461137
2.542953470684465         1.0614553847785675
2.5494935366526232        1.0681863935108735
2.5517074934364934        1.0704520427422233
2.552459549484665         1.0712201681559936
2.5594770628683823        1.0783512068383296
2.592608483098239         1.1129457688197473
2.593841594556098         1.1142083392481918
2.596095453936781         1.1165114070690012
2.623966436086442         1.1444956060089826
2.6298130028641054        1.1502496334719992
2.638639123050568         1.1588596596423606
2.6421464115080227        1.1622555601068847
2.6469741153832667        1.1669062037965996
2.666206900182049         1.1842525806931905
2.7049418999942167        1.2162495999190643
2.7102264056400225        1.2203104091328283
2.7256933665294754        1.230965803953058
2.727549330722712         1.2321873763054436
2.7347102507766534        1.2368035704830005
2.737703542790912         1.2386643628316796
2.7424509805316055        1.2419964169286655
2.7490082431923897        1.246449822787251
2.774771199330811         1.262274345715566
2.776568235856155         1.2632786672793088
2.784989748275879         1.2679266478049858
2.8039627728807868        1.2773117312596585
2.8216576620151494        1.2842799247266812
2.825043870617299         1.285505006744288
2.8395217351453867        1.2903664019105505
2.865704480197309         1.2978453693070597
2.876731044742962         1.300489144301455
2.887354678898782         1.3027527061375388
2.9149469576078246        1.307331550579198
2.930203613642755         1.308771084536016
2.9619562857057935        1.3091023996077382
2.963640071970117         1.3090194631177106
2.9819321174847504        1.3074661673564774
2.988382391726806         1.3066335270960372
2.995834071978441         1.3054866870138402
3.005991208083149         1.3036041785263506
3.0280990157549548        1.2979283247658113
3.046637158064048         1.2916812250283136
3.0544853473764553        1.2886276260970941
3.0591607564630405        1.2866928963281943
3.064837425510722         1.2844412404431562
3.067343570006638         1.2834079562608927
3.082889607640427         1.2764616032863327
3.0986638797831345        1.268592082896103
3.1007093618957713        1.2675194717465268
3.1218246758114123        1.2557472585531921
3.1220275670137485        1.2556254638419788
3.123849495169317         1.254524532122725
3.148501214720093         1.2383481855066871
3.1687187263581684        1.2233021811126232
3.1693724621925434        1.2227889033456596
3.1800367954863127        1.214179097156598
3.194320114831123         1.2019485649912591
3.1969376731902956        1.199773669840937
3.226774474431984         1.173081405535496
3.23378608563773          1.1665916332295427
3.246650211447124         1.154143980292487
3.2759719337408164        1.1231545566650885
3.2972746888911058        1.0983585774528373
3.2978517156036515        1.0976602193343574
3.3124545999757653        1.0792227018574863
3.3385030433790366        1.0449554321919778
3.34560046512057          1.0353123386608045
3.3503870134471976        1.0288151002027797
3.37195188702776          0.9991483693761526
3.3778305460548723        0.9909490683072094
3.3960353433421466        0.9652532974992094
3.410563737203651         0.9444164228788812
3.418983438290109         0.9322065489530001
3.4195299032977804        0.9314106869024311
3.4464702215637253        0.8916609858506768
3.467344970178398         0.8601676467359028
3.4802409218293198        0.840241263900899
3.483745982221115         0.8347832760222474
3.500449217689031         0.8085729435764551
3.504936880409127         0.8010328913591905
3.5191749810647446        0.7772477436149215
3.5292502968303037        0.7605284458542583
3.543617495519425         0.7366556063979326
3.5540369763794257        0.7193192443978594
3.5720917777319006        0.6892328720111652
3.6139029674283916        0.6193348423534106
3.6273057581855244        0.5968623854467872
3.6368992919550713        0.5807571478314908
3.6734003023731114        0.5193300172321331
3.710994020851624         0.45581447564253824
3.73909257929084          0.410303017426389
3.755790444751298         0.3836935301650664
3.769033360333057         0.36282101298646957
3.775245516428132         0.3526099925851922
3.7959960408360756        0.3186730330294884
3.824163943998006         0.2734452287078638
3.825797760228289         0.2708742804171775
3.8270532538393898        0.26889890691697416
3.83617682617021          0.2545506052801283
3.8433641192631978        0.243255564549659
3.853346948579193         0.2275791687905354
3.857524462005536         0.2210231801829439
3.8610729721633015        0.21545622427975003
3.8740066527798405        0.1951804867126426
3.878185409962465         0.1886095156017295
3.8857070533378453        0.1768039391485392
3.887338366340339         0.17424724570495542
3.889898494678822         0.17023753655874108
3.8933769517456085        0.16479477493581599
3.9017808255910302        0.15175234860185988
3.9167453519168625        0.12856426312509261
3.9560799656455616        0.06783475680852073
3.9596343185292535        0.062362887929069064
3.9827892268574843        0.02678025221350128
3.9891788724684303        0.016922086598481018
4.029342904420348         -0.04496582817198353
4.031905556388399         -0.04890996566129119
4.049649825325856         -0.0762047564807187
4.051383676331054         -0.07887040188355385
4.066740625451447         -0.10277462289377688
4.069949289900058         -0.10777829562369295
4.081929149538337         -0.12639159829101992
4.113081109630793         -0.17499236170981006
4.129431757471332         -0.20061661424506688
4.134793210272875         -0.20903620500967637
4.145387243872976         -0.22569809886009606
4.167854587512805         -0.26114414904448185
4.176247756890408         -0.27433002484552316
4.186192105100409         -0.29032679157323726
4.21332568355651          -0.3338185379260175
4.213815533835146         -0.3346075766380613
4.229283381350427         -0.35959339233598137
4.2487192050904214        -0.39118283994046216
4.2490427132279995        -0.39171047251925956
4.260577436059087         -0.4105623948101993
4.279685196348948         -0.44195885372305643
4.281109715890699         -0.44430788351845596
4.304329237031452         -0.4827604721162774
4.309814719372722         -0.49195708814940614
4.336880513530349         -0.5372377459311048
4.357109463160132         -0.5709760490903155
4.364386866398188         -0.5829986244026317
4.382068652176534         -0.6124325206861597
4.384760706632198         -0.6169415307474968
4.38954509745511          -0.6249731255002403
4.414094215003302         -0.6668299765931356
4.418605279757768         -0.6744483368917907
4.4203516438257635        -0.6773915303103168
4.455208697681186         -0.7354254197905226
4.4788604148345765        -0.7740315928911525
4.489891410631541         -0.7918238569133736
4.494725551757861         -0.7995782296368485
4.502427458022596         -0.8118788897676206
4.5274367646538           -0.851198519416491
4.527952210237243         -0.8520022071586258
4.528376607198838         -0.8526637280146209
4.546510169630722         -0.880503430287597
4.578283606374684         -0.9282530621754441
4.583411529989932         -0.935491388968364
4.614532575155255         -0.9806624971613731
4.615551285016324         -0.9821101504441095
4.617380743443992         -0.9847012964310057
4.647413959708023         -1.0257119917023059
4.658299973319135         -1.0400385183500416
4.66223303633173          -1.0451441687989687
4.668856805585246         -1.0536581965713019
4.67611532141598          -1.0628663093386836
4.681373499697498         -1.0694434632305434
4.7051615886952725        -1.0982849368200023
4.7097760033793525        -1.1037062990360393
4.714180962561503         -1.1088290402566063
4.728879170351628         -1.125551008627348
4.754594587268327         -1.153432863707919
4.781926637033668         -1.1798416196740356
4.796186044808918         -1.1928502637992089
4.80684000714352          -1.201809623282599
4.811897119872727         -1.2059465465604058
4.820322301240597         -1.2130806345964356
4.863019665668853         -1.245148948978371
4.8636414080698165        -1.2455654983974913
4.863886059508396         -1.2457290110030859
4.886931145710165         -1.2601264941548511
4.891649435909571         -1.2628290466410195
4.917753953682363         -1.27627507898925
4.953145097641391         -1.2914813565635712
4.9540128129794425        -1.2917967674444293
4.954751032002201         -1.292062943523044
4.956296860581932         -1.2926138723532845
4.974206840354825         -1.2983610570763189
4.997217675165014         -1.3040267357931619
5.019753400945663         -1.3077023466439701
5.026254067577456         -1.3084181609689864
5.034284732978797         -1.3090763294450614
5.050654428642717         -1.3096589221238866
5.052501108853402         -1.3096607202962953
5.064869962261643         -1.309598907442462
5.088275872119669         -1.3084916430522953
5.097067277875569         -1.3077409827017017
5.1006662938963           -1.3073809391982685
5.109868135494287         -1.3061646563224074
5.127356589572992         -1.3028957265861045
5.145090618658359         -1.2982997807456254
5.162057977986333         -1.2931338633674978
5.174675442365968         -1.2886221721226638
5.209673341925971         -1.273116072037429
5.218117449747399         -1.2686453905035373
5.232963186898545         -1.260127798568408
5.236315076659974         -1.2580886737836723
5.253121536163512         -1.2472200901535955
5.271446553145039         -1.2341450260974232
5.301182097510063         -1.2102103661610208
5.324030135286456         -1.1901473241792233
5.347258274127486         -1.1691154714604195
5.3718174598897175        -1.1461820600036623
5.394274961639097         -1.124584700048858
5.411287906311657         -1.1078249263597246
5.44694178330409          -1.0715874390104865
5.472019545792491         -1.0451714955513391
5.481335960095137         -1.0350216635159886
5.485345239115147         -1.0306260735011372
5.500308126654268         -1.014074514454928
5.505066145304629         -1.0087546321360834
5.514540010309908         -0.9980739493902118
5.558935347182368         -0.9464612273539154
5.5632050733491205        -0.9413292908703002
5.572772309866988         -0.9298244298616947
5.582586193162361         -0.9180148408048596
5.584890584797181         -0.915240645359558
5.588590572633537         -0.9107454821725204
5.613843295981947         -0.880691444000038
5.61903282065326          -0.87465045739717
5.636657669508364         -0.85447802491777
5.643783006412971         -0.8464737078727166
5.684372661467426         -0.801618745154258
5.724643355078846         -0.7580232457991409
5.737419090461093         -0.7443814906362559
5.743176770282224         -0.7382632410253225
5.762474212350085         -0.717891983242047
5.766536417753405         -0.7137266274675135
5.778608901867618         -0.701518907464002
5.789404345440866         -0.6908196588686593
5.814436722296408         -0.66679913631265
5.836249676470396         -0.6467666212089961
5.846231558509496         -0.6378786243098843
5.851423318533497         -0.6332907568820811
5.866587927384284         -0.619971241554903
5.870162302634789         -0.6168493793071512
5.879460263782621         -0.608760008807802
5.882178223299588         -0.6064039307730672
5.8974046874135855        -0.5935979327502868
5.920865010846351         -0.5742702964409085
5.934608310381069         -0.5631751844790567
5.943334215932617         -0.5562177970128384
5.945818062620624         -0.5542497358647327
5.953338028130525         -0.5483247666352775
5.974002484645108         -0.5326022363205607
5.980944209567475         -0.5274366800722307
5.990462447364991         -0.5204790858934281
5.999936112275854         -0.5136978860989193
6.00990211483294          -0.5067191269479958
6.032093596569354         -0.4917497947445263
6.040496262273117         -0.4862872292000518
6.042434493046597         -0.48504320752909985
6.057350900126597         -0.475600317391547
6.070323984387452         -0.46751623517059343
6.075315361364244         -0.4644377609426757
6.077134474465889         -0.46332021023508196
6.08304248242702          -0.45970691874500474
6.121299744564171         -0.4369095355580895
6.138669520262241         -0.4269023156105336
6.146692186389292         -0.42235262590378736
6.163578129715475         -0.4129260055022167
6.191027595972319         -0.3982463546192329
6.194616458804325         -0.39638467789053466
6.207037197006692         -0.39004441141396484
6.223941750437071         -0.38167170465963807
6.228128645386814         -0.3796436318961893
6.230145739253354         -0.3786717973296546
6.251104025115528         -0.36882887449168106
6.253792051738096         -0.3675541202754249
6.262376157315252         -0.3635143141755966
6.2784970562827755        -0.35613397362566773
6.310020804799044         -0.34220240855308476
6.310638815975956         -0.34193590334757534
6.31263438094183          -0.3410770926860716
6.316947089351305         -0.3392301408019853
6.331070579319727         -0.3332683923583563
6.333155552583126         -0.33240057653875443
6.33375729073025          -0.33215056569367124
6.37171489422171          -0.31685895109537554
6.391902200557217         -0.3090380110587586
6.413771718727712         -0.300809614141371
6.425341875527668         -0.2965590980946505
6.436537692546651         -0.2925137928965779
6.444696754137603         -0.2896326933046565
6.453223246615568         -0.28664776332229247
6.46960829620439          -0.28098608507519796
6.477634687094222         -0.27824834307786217
6.49501175231332          -0.2724015674220545
6.503581384041233         -0.26957490716927307
6.518565610368182         -0.26469983357254695
6.555700036676084         -0.252987947921267
6.563881501181781         -0.25047840174339886
6.574915506209107         -0.24713437961951665
6.598235081484056         -0.24022005384116116
6.633561046246434         -0.23022020500658574
6.646093243124129         -0.22673524805624068
6.647055601136953         -0.22646983324252506
6.6488899971983475        -0.2259647818433434
6.653298281395088         -0.22475573755952993
6.674267313453645         -0.21908543883080855
6.694486814360854         -0.21374129295312366
6.701987888088367         -0.21178953789367563
6.750078053120088         -0.1996975197044288
6.750370202383568         -0.1996257705810207
6.75118353976203          -0.19942647090166724
6.7525892754909655        -0.19908239027001823
6.752753021016211         -0.19904234173325935
6.755764731225409         -0.1983069088759951
6.760046734864671         -0.19726508587985264
6.7662607937634975        -0.1957611332447565
6.766380538686133         -0.19573224445860019
6.78319387366845          -0.19170295756237793
6.78330558508533          -0.19167643697639764
6.805785366245351         -0.1864070599341114
6.841498101103277         -0.17831155040057284
6.845094004489556         -0.1775151707653935
6.845517585066988         -0.17742158687431403
6.855722856620396         -0.17518127439871536
6.8617838591099325        -0.17385433104715423
6.863783457229312         -0.17341834237382964
6.874203009499022         -0.17116082132287228
6.875224724481895         -0.17094074982950402
6.875864196619399         -0.17080312894250427
6.890636797160411         -0.16764914402470266
6.893790576713639         -0.16698206933552873
6.900186276312896         -0.16564041724526207
6.906381781128415         -0.1643472347449685
6.915978663292607         -0.1623566632998816
6.931333905281804         -0.1592034982280409
6.948696786354087         -0.15568521360073623
6.954643441925574         -0.15449173117789108
6.985502077261702         -0.148392718114658
6.990482050862132         -0.1474232695606325
6.992719681859027         -0.1469890115475262
6.999029979289286         -0.14576884584914196
7.006170116442915         -0.14439422717318964
7.007659144572303         -0.14410867961446897
7.013089688739424         -0.14307055194619725
7.060161446295664         -0.13425963739410163
7.101174058117762         -0.1268859433485244
7.112587463970926         -0.12487099767994989
7.115410934769429         -0.12437485012556491
7.12540266300596          -0.12262644795974982
7.13561213272552          -0.12085181521068279
7.138130162546181         -0.12041680526654348
7.1450060374720294        -0.1192330351470103
7.165316001887432         -0.1157713994469009
7.168785327146407         -0.11518531404273814
7.190852767837084         -0.11149309002776163
7.225476473256974         -0.10582438092643096
7.238298687579074         -0.10376363252069923
7.2478720634459854        -0.10223861290534468
7.258792157477923         -0.10051324378033236
7.276770862514815         -0.09768701697049767
7.308376361250357         -0.09278349843844125
7.324205657754734         -0.09035867799890472
7.32880865494584          -0.08965745521731296
7.341033304550257         -0.08780478669348696
7.354005967811288         -0.08585308472115281
7.357241921455583         -0.08536854356837188
7.360242398974048         -0.08492008214149482
7.375401174697042         -0.08266646793705924
7.383205125993154         -0.0815148460066791
7.406722237396521         -0.07807200036335088
7.410009848534996         -0.07759399879632735
7.4103818797292424        -0.07753986633625742
7.431695548769671         -0.07445615162430966
7.4379413500020375        -0.07355902355263366
7.4590843539645455        -0.07054407434887114
7.463278789107588         -0.06994998818233561
7.469012574393191         -0.06914003303256755
7.4733145486309045        -0.06853397351506703
7.476236100972237         -0.06812225036916761
7.483709720480846         -0.06707143576890226
7.4891324550513705        -0.06631115498763228
7.489734064977826         -0.06622692040019719
7.5015788012204405        -0.06457305681755825
7.505933127340224         -0.0639672601022831
7.5061816847525815        -0.06393271503741678
7.50722184426447          -0.06378905533928761
7.526233122410304         -0.06117147972181912
7.540181929673185         -0.05926073983530847
7.606676997075513         -0.05026619778142182
7.61561253527619          -0.049071898424823596
7.636632955592421         -0.04627579942353314
7.6766125640706235        -0.04100980582043387
7.697952610811949         -0.03822279253646771
7.720229771969864         -0.03533311409047321
7.73206330447683          -0.03380632224817093
7.748645047065258         -0.03167646803654845
7.760684572737501         -0.030138929897595666
7.769473430901584         -0.02901236547374096
7.78069807084335          -0.027580526385439327
7.782487274888819         -0.027352501857919768
7.80608758676308          -0.024357994617828147
7.830043979732338         -0.021324336701893164
7.836532779545276         -0.0205036894370012
7.846753645094816         -0.019211946783786526
7.849615615010934         -0.018850613454966105
7.850125372183903         -0.018786263693979004
7.858929757412547         -0.01767525208990079
7.862214288902326         -0.017260985418711062
7.875108262832823         -0.015634896845130225
7.922555304143124         -0.009669340199586015
7.9358251958275385        -0.008006557229454914
7.9620157537386405        -0.004732000523139482
7.994398746984351         -6.965204131486437E-4
8                         -1.3584008222622332E-16
