0                         0
0.02126607030642954       6.469460175805666E-5
0.02566015105885484       7.807306962001243E-5
0.03689476054144378       1.1229574453587521E-4
0.03909644627154418       1.1900537046424843E-4
0.047513990660634386      1.4464604585297274E-4
0.05523691056686736       1.681843055218627E-4
0.07804812447931714       2.37784659763213E-4
0.1072203547301149        3.2690878089703925E-4
0.11332570733492686       3.455773824989085E-4
0.1279475363354859        3.9030988099999527E-4
0.13662134165790377       4.168607490760162E-4
0.16348213310115617       4.991541989256897E-4
0.16510925953667788       5.041427002971219E-4
0.16875329395475325       5.153161475425729E-4
0.17708931661857957       5.409756256475027E-4
0.18685305323537432       5.710634287770233E-4
0.1908740861645359        5.834651349874441E-4
0.19430544125183538       5.940430700602661E-4
0.23143719535462284       7.089767309419586E-4
0.23156298628287064       7.093667746095411E-4
0.23995452088603722       7.354114268886037E-4
0.2471456955912902        7.577693818480046E-4
0.26030540091145926       7.987509617116973E-4
0.29390331593109936       9.039177429223794E-4
0.30895342297167555       9.51277279881113E-4
0.31555790387337546       9.721090965753284E-4
0.3367619306448588        0.001039192321091063
0.3496474982103472        0.001080108825364299
0.3680840308366829        0.001138816839502703
0.37281626522043604       0.0011539171874129478
0.41401227888121533       0.00128660944464365
0.4200295578804374        0.001306125054677863
0.42177916723124786       0.0013118086715829902
0.42282196009239614       0.0013151976754799599
0.42403001560385495       0.0013191251579289058
0.4260926980315309        0.0013258345389995146
0.4305888300295419        0.001340474348875896
0.43856867813221534       0.0013664723998248808
0.47436700305112944       0.0014840087653139058
0.48203546292600286       0.0015093794150769528
0.48995491085224613       0.0015356518684559838
0.4978537055344098        0.0015619280962688442
0.527615989490561         0.0016615841961254976
0.5355934872190571        0.0016884915980699803
0.548254211938368         0.0017313692402722608
0.5550373231350636        0.0017544292608366642
0.5748799815342314        0.0018222388912221186
0.5809938482668537        0.0018432379660416058
0.5862177828930036        0.0018612198926893624
0.5996568726113203        0.0019076473226712922
0.6339503954177926        0.002027459024587116
0.6380860864741107        0.0020420426930562088
0.6390265519785301        0.0020453627683814733
0.63912424425539          0.00204570773227101
0.648511040818558         0.0020789292388467815
0.6534776844018971        0.0020965675347186133
0.6717132761754467        0.0021616874827635963
0.6752063513716038        0.0021742257709477693
0.6759403175862231        0.002176862952677735
0.6817066213068596        0.0021976134045609773
0.688892335176627         0.0022235774748882563
0.6963394188822094        0.0022505038263877855
0.7032819571689581        0.0022757097909723157
0.7127322708372057        0.002310181733220891
0.7426304602100245        0.0024204649320046317
0.7498625902397521        0.002447420809047878
0.7603165103029318        0.0024865773456201226
0.773503701179644         0.0025362959286816264
0.7963685852434218        0.0026233587966077872
0.8028834132787451        0.002648364431936603
0.8173510634369043        0.002704210804709355
0.8417877769093078        0.0027993849756565497
0.85009815445784          0.002832172996041321
0.8752831078260763        0.0029328338887403133
0.8890696012592927        0.002988340058394245
0.8932612884904009        0.003005320933743588
0.9063540153829874        0.0030586748089762544
0.9237879291176814        0.0031304581416914715
0.9357823962903038        0.003180334799937044
0.9421717933024261        0.003207066921931813
0.9594337018817005        0.0032798544804560747
0.9722927504092871        0.0033346143630508685
0.9819940218089163        0.0033762307652391394
0.9910822981144503        0.0034154545993149783
1.012566964596513         0.0035095477157362047
1.035679383664955         0.003612124459639577
1.0379617772765426        0.003622371157369226
1.0391025173429378        0.0036274948388337644
1.0543179832147298        0.0036962542141700367
1.056723114807601         0.003707194375052325
1.0583429316741788        0.0037145733578452583
1.0816011109446415        0.0038214976196561754
1.0957007750282368        0.003887203378878518
1.1036389344374338        0.003924490113620906
1.1099783028911783        0.003954419281540061
1.1168505860869746        0.003987017097848747
1.1320821892069062        0.004059832436250899
1.1529598856601384        0.004160906837211426
1.1822305178895995        0.004306097969745001
1.1857068037539082        0.004323584882312908
1.1946799468300031        0.004368961815886496
1.197569235462267         0.0043836270859678
1.1988204471463073        0.004389989379792791
1.2284319575845069        0.004542584848762627
1.2290605238624108        0.0045458660979933955
1.2424825853171535        0.004616349714319656
1.24765456131933          0.004643722398994282
1.2559508274518982        0.004687689071104368
1.2567467913497428        0.004691927351502994
1.258641973869353         0.004702032759651846
1.2728929471292896        0.004778657410696686
1.3202696801483473        0.005041928944028372
1.3228919598745896        0.005056831147977137
1.362159241253351         0.005283968065767077
1.3704085873594087        0.005332725301125798
1.3728897825117514        0.005347464959469507
1.3810503722935035        0.0053961696069567385
1.3840370786281162        0.0054140818412369285
1.3885621614147108        0.005441308778025341
1.394338654830821         0.005476220366232264
1.4132883119673376        0.0055919678823029935
1.4438547369108514        0.005782616031669956
1.4552177100601817        0.0058551045099871045
1.4725911206392832        0.005967755423271373
1.4808881172831116        0.006022330282613345
1.4927495041356806        0.006101222017487814
1.5141983052285144        0.006246485109719912
1.522557904015429         0.00630400916899043
1.5268023567689077        0.006333384728319999
1.5303176899643351        0.006357918811476867
1.5422879095284134        0.0064419863661176685
1.5514642705771258        0.006507093324025361
1.5578113432841612        0.006552461812456812
1.5704313876295608        0.006643484283422964
1.580235340464166         0.006714944286253568
1.5929146774938616        0.006808333489534166
1.6064979502728085        0.006909494324279113
1.645195596417178         0.007207227964590509
1.6512218965637568        0.007254863556770384
1.6534763117653777        0.0072727718230776025
1.6556429619808297        0.007290028058794562
1.6820842626031736        0.007504184062929985
1.6888388718704355        0.00755994838311045
1.7116337613174275        0.007751398031114386
1.7282792065351347        0.007894250865800596
1.734257645585878         0.007946187018598852
1.7598835341484989        0.008173874376273801
1.7650657938435705        0.008220778490863525
1.7785116513541284        0.008343486935436187
1.7795455885002522        0.008352935880261255
1.7797694827781707        0.008354983886759409
1.8211292104315144        0.008744800002215983
1.8344703907371278        0.008875416347196099
1.8425921883369116        0.00895609710255872
1.847166026804887         0.00900192088927378
1.8707353736876127        0.009242485946180072
1.8904291301201266        0.009449186200344167
1.8988342640380247        0.009538982020158623
1.9145625708316028        0.009709550481272361
1.9209792073701442        0.00978019377664526
1.9390130896924722        0.00998078106614793
1.955671616447955         0.01017262957729586
1.9688303683754746        0.010327296749401985
2.0081343312701168        0.010801944318272909
2.0100137813030448        0.010825343318153857
2.010958210894091         0.010837125582608654
2.0167501521762135        0.010909737083674157
2.042792023755181         0.011243560550437404
2.0539301400840304        0.011390124654359615
2.0542061582847255        0.011393785535314269
2.0824019470648936        0.011775094228798418
2.1080958981840787        0.01213523368364429
2.110866068445953         0.012174783001893931
2.1471645013025538        0.012705981381739798
2.153499498933774         0.012801159291993287
2.161213736639316         0.01292071238332579
2.185313405285502         0.013303821465407411
2.1939911090179054        0.013445446505939556
2.207513780560353         0.013662947177183415
2.239512816197796         0.014207721914172241
2.2406198658270537        0.014227149275144005
2.2408156572343025        0.01423059776286894
2.2414658493887907        0.014242057341138125
2.242480992545762         0.014259972808801615
2.279364516770957         0.01493046523146567
2.290087513661043         0.015132539445057722
2.3005188185145906        0.015332076391558432
2.312207411087599         0.015558998894076586
2.3246044263131216        0.015803526551414013
2.3319189073632707        0.01594966256787284
2.3672812149334863        0.016675634245886653
2.3766909004930796        0.01687424537622404
2.4004222885005864        0.01739553217968311
2.4050625584757           0.017500068487713846
2.410350927941535         0.017620245172766925
2.4151649735813296        0.017730606227501517
2.4350423154653007        0.018198193277879172
2.4453853546401545        0.0184485224148444
2.460457803070223         0.018821923468936783
2.4898150989240255        0.01957663887598839
2.50421350051904          0.019960305039602128
2.5103501477435213        0.02012652775154377
2.5141757669176           0.02023096934582134
2.523106318444274         0.020476510854123057
2.533791693287048         0.020773831469575784
2.570836228214702         0.021834382210332258
2.5907574941962825        0.02244609190624103
2.5968128811652518        0.02263593861995444
2.6047336098393523        0.0228870171317113
2.6250936157560805        0.023546711782390338
2.645510489613636         0.02422971415819134
2.6458874303490516        0.024242543980633954
2.663967367808929         0.024867295541737226
2.6812356323862825        0.02545042527187357
2.681480847361494         0.025458922550800272
2.6930270987211395        0.025865895659730468
2.6932329165955293        0.025873472002717227
2.704644968089654         0.02629746344441744
2.7084053828170735        0.02643885374007563
2.7289509640476393        0.02722606299276107
2.747327299071109         0.027951214776778113
2.7490254733640884        0.028019230390005943
2.7599997540596943        0.028462868907600934
2.781409352779301         0.029348770731064778
2.7936805648022633        0.029869849640760306
2.8022551756291176        0.03024110151605269
2.807828085394169         0.030485540826127436
2.8103651257494486        0.030597642953089005
2.8311911253434277        0.03155006747748334
2.839754326200976         0.03194610725205775
2.8646800851197955        0.033113571301606984
2.8652807318768083        0.03314221182027967
2.86589402308972          0.03317146022878064
2.874351699189424         0.03357532621316398
2.8873229270752243        0.03419657502635236
2.91197478596116          0.03541141350507656
2.9180204925712117        0.03571408343237141
2.9381290396501667        0.036730169007229585
2.9697351189825927        0.03837329278586602
2.989167099494643         0.03941146713001648
3.0155230574840024        0.040853575034245755
3.0166582348522337        0.04091656762163643
3.0168576122385122        0.04092659819626181
3.0239960086441364        0.04128539155528526
3.032683834126553         0.041721181767600084
3.0384730426352053        0.04201103721270258
3.0688584648543715        0.04364132634204585
3.070903128953653         0.04375012767812848
3.0722677800746867        0.043822680625725405
3.0862002704082103        0.0445605140528432
3.0973526316396303        0.045147310961070934
3.100594972825644         0.045317276071487125
3.108344830193521         0.045722368082678655
3.1257977094036624        0.046606047692777264
3.144644726746108         0.047548013866966825
3.162419654735893         0.04842469242900393
3.1784848142082534        0.04920726785327323
3.17877118419669          0.04921934096588776
3.219063942056273         0.05097875839322295
3.222531779380123         0.051115309956617845
3.2279451910923846        0.05132375914507329
3.228714338056329         0.05135290987018573
3.2362346623837963        0.05163182038618797
3.2420016523932222        0.051838193194318476
3.2507232620216318        0.052161178295567136
3.2767638335927187        0.053021007999440845
3.2807559129489707        0.05314182083894768
3.2845931573084277        0.053255191220360105
3.292193657035845         0.053471769304398044
3.312280683371189         0.05399312227755936
3.3246500034622923        0.054277327277836254
3.3485654117561054        0.05467700157950602
3.3554404771943904        0.054726942833307465
3.3618307292879774        0.05477526482275044
3.3681218690242334        0.05481619102298697
3.368902235169057         0.054820478604747584
3.3797491882971107        0.05486204305444593
3.3833391750433934        0.05486838934284762
3.3843746038201226        0.05486953499781975
3.4251329991966877        0.054671081124612546
3.4437612544502154        0.05442221032234258
3.4684343760844643        0.05393982898959448
3.481363763224318         0.053617536678300895
3.4918300635459745        0.05325475723715544
3.498642663184617         0.05300278960719056
3.501032478350751         0.05291144327425114
3.5024937602804362        0.052854482692958234
3.510330147517168         0.05254037804420661
3.513904521665946         0.05239226856158917
3.519942040781436         0.052135210777731075
3.539397674076621         0.05126727795503922
3.550134690505279         0.050726704257576985
3.561079540350637         0.05013058477961521
3.5785487150509727        0.04908481508179058
3.5876691273389736        0.04849276278740741
3.594925522272291         0.04801274170042758
3.6000566099209563        0.047660352981488595
3.605580662274569         0.04726897539877519
3.621883942454841         0.04604133513115534
3.62300331120781          0.045953070010346084
3.628984854111414         0.04547274957874286
3.6433059359967688        0.04426347712113994
3.6512445894098993        0.043557106356688996
3.652407033913132         0.043451516491243035
3.6538306712744815        0.04332105451531976
3.6641999680938393        0.04236016130839402
3.665376243729316         0.04224997620081011
3.7067990595585623        0.038216073868519704
3.709754952007884         0.03791679174983292
3.7212122802991257        0.036742360226805826
3.723699539375702         0.03648438291396673
3.7287274573079           0.03593943609209797
3.747025826029203         0.03389230181956448
3.7493325126275505        0.03362712740696264
3.772730943033223         0.030847251788744794
3.7759724983919085        0.030449211331023466
3.801042234820325         0.027264598946792132
3.821469890645437         0.024509043462187553
3.827526905647873         0.023708704200472983
3.83733586175729          0.022407867216429442
3.8591567300706533        0.019493032129191876
3.8595429549133016        0.019441179049834768
3.8810608586164688        0.016537955338782113
3.889455261644289         0.015401425804605823
3.8898075768648916        0.015353676948271557
3.9109814134104024        0.012476850193408166
3.9322378764240256        0.009551619374978667
3.942642665820586         0.008099405778325533
3.961254716792732         0.005468333767120777
3.971377511571185         0.004019369837820708
3.981298698998982         0.00258698098206502
3.987530483318948         0.0016734981038075939
3.990844407223527         0.0011872875252062589
3.995206639588308         5.520699125731041E-4
4.001127578100237         -3.077456059797396E-4
4.006818125086373         -0.001131524883969946
4.028322555382169         -0.004215550557331339
4.035589095511248         -0.0052500270837560516
4.060283270434954         -0.008736675378310221
4.064065917827469         -0.00926682110176157
4.065023730287764         -0.009398949754359339
4.077525523124284         -0.011110083891362945
4.091042679526115         -0.012932043083572027
4.093346924591545         -0.013239711326137145
4.097310840126598         -0.013766994075401544
4.127210997310493         -0.017815794841474705
4.134498553409454         -0.018786775847998042
4.144768511371239         -0.02012058061944246
4.148090570975504         -0.02055029125422858
4.156707592751568         -0.021660944520821977
4.1625311119254835        -0.022408301067147127
4.163642319763419         -0.022558803902466684
4.164610997812716         -0.022689779092578004
4.165932091227001         -0.022868069174456544
4.167266951750832         -0.023047824272872944
4.193804814843213         -0.026539486040410426
4.19445703147326          -0.02662333451395108
4.197838831608355         -0.02705658413822101
4.222003761642681         -0.030024816167585885
4.229684496322868         -0.030947989542179092
4.235799536263299         -0.03167598626042739
4.238537809773321         -0.03200975462015043
4.242005477661448         -0.0324286278642711
4.253125516031195         -0.03374320925197084
4.27849015730494          -0.036517007383348135
4.284586206673212         -0.0371563786702111
4.287568066894355         -0.037465275330970826
4.298791914479206         -0.038553617721060134
4.31197524492026          -0.039804230309579865
4.31989365664644          -0.0405409934110595
4.3419218103498185        -0.04253372734202062
4.346635207632979         -0.04294925125840525
4.3595226773509435        -0.04406583371792633
4.361950485995185         -0.04427297637059025
4.363664726259672         -0.04441862474833503
4.365365653611602         -0.04456264130565153
4.38294272586021          -0.046021674710543074
4.398505897626169         -0.04727755059741124
4.420163587467981         -0.04891263749339927
4.426557907033024         -0.04934542254168367
4.437882855908366         -0.05005552181227591
4.442824914550798         -0.050342803065592495
4.4488415687839105        -0.0506740174791067
4.460007715783204         -0.051234779813017446
4.4661959280166705        -0.05151536509343127
4.470228614830303         -0.05168662929717385
4.4785229142253815        -0.052041719264948286
4.492004589592035         -0.052578367640447266
4.500230388573421         -0.05288115644839367
4.518254092058783         -0.053479302668384986
4.5259207986718115        -0.05370654999046929
4.527881667679004         -0.053762066080471516
4.55316306779173          -0.05438277373906463
4.556314161400313         -0.05444777335969249
4.557997745454145         -0.054481378281080434
4.564758939412559         -0.05459761854175098
4.566347134334036         -0.05462513821671909
4.573322405089869         -0.054735260614210385
4.58267461034009          -0.054855446975937944
4.629718307809593         -0.05479675353611969
4.635178163700989         -0.0547356810878627
4.645242695864365         -0.054660564404053855
4.654666717665457         -0.05457086212664249
4.655696669023145         -0.05455992323189113
4.659975931865386         -0.054501060139073514
4.667151902952513         -0.054391050247910994
4.6769907730736975        -0.05421720189140136
4.6833711274162235        -0.05409023671503252
4.691512317190594         -0.05391197852314043
4.706039217341794         -0.05354862748753711
4.7092599984142245        -0.05346020972773624
4.719124733357684         -0.05317165347973108
4.724661067649677         -0.05300434950347982
4.727667194600349         -0.05291772538429066
4.727851937729986         -0.05291232129798912
4.761993771487416         -0.05174797796839462
4.7918402427133575        -0.050531018960580196
4.7927550017901845        -0.050490787077043645
4.806038174030112         -0.04988692079699644
4.820882600509685         -0.04916854962178291
4.830522641816746         -0.04869444221601652
4.835293966607993         -0.04845866988416829
4.846313614624707         -0.0479113221834958
4.877825627175688         -0.046324410844314115
4.898094034592837         -0.04528671941636621
4.917730738266231         -0.0442686796793498
4.9294263656200705        -0.043656400437079024
4.934768653841693         -0.043375251611037106
4.939665990375025         -0.04311670718120534
4.981283372435776         -0.04101087146087179
4.981364893456134         -0.041006676051641024
4.981408970771449         -0.041004407574833326
4.995198109489221         -0.040298695262038164
5.006500621470818         -0.039717731162192044
5.008116694902035         -0.039634477738610285
5.020359988603351         -0.039002249366347636
5.038065015201316         -0.03808328266833608
5.03889827840763          -0.03803989577830902
5.047400914610765         -0.03759647118114562
5.059354818616139         -0.0369708899046796
5.076573782491362         -0.03606531948230569
5.080931920913411         -0.03583528486812382
5.087468412200012         -0.03549448314581195
5.099911943338888         -0.03485331200705368
5.104514911774638         -0.034618666812105424
5.113074701134087         -0.03419839705398348
5.114222890317359         -0.034142794636819206
5.12936038031576          -0.03342680759237795
5.129537518517977         -0.03341861691887675
5.13189318425715          -0.03331010653625255
5.135635611746917         -0.033131545748325775
5.1357905255608065        -0.033124175408499726
5.1358906147779955        -0.03311941434790934
5.136155505742968         -0.03310681733215609
5.172764428003467         -0.03141280353073844
5.175243820165561         -0.031301444065357335
5.187858006138077         -0.03074151089097549
5.209802845653398         -0.029793769634838103
5.2181309203285045        -0.029448557646947673
5.265267915458699         -0.027543798190520205
5.280550454867483         -0.02694417696178701
5.284079776885749         -0.0268069495180675
5.289490839586835         -0.02659746539657972
5.2983020862055845        -0.026258701987722285
5.3037807040134615        -0.026048120617927148
5.307841655988793         -0.02589861953832832
5.317073993937833         -0.025556773129927116
5.336802656177166         -0.024851946536554398
5.341490198796165         -0.02468848537900474
5.342852244933619         -0.024641277340869572
5.361839989062148         -0.023996693615885394
5.382228008444436         -0.02333267390085534
5.393628140118985         -0.022966080343786076
5.41050848478675          -0.02243558118069681
5.421872913740828         -0.02208671558802422
5.429672382203197         -0.02185114506526526
5.448358021711145         -0.021299548316880638
5.462660982994044         -0.020889505588664405
5.469346926473035         -0.02070145238023054
5.476583143242777         -0.02050052204144684
5.50441042873266          -0.019753016497486738
5.515863889614253         -0.019455674125581295
5.524489194097571         -0.01923489211467182
5.538937652258658         -0.018871096976851683
5.551736179763174         -0.018552973094807967
5.5775028176227295        -0.01792961652523172
5.584836607633111         -0.017756373566364017
5.586260628277472         -0.01772294923350877
5.587335358359187         -0.017698580786542094
5.603367050275094         -0.0173390932997966
5.6230612826464315        -0.016907780310868953
5.632054285217496         -0.01671223859765527
5.648251213520432         -0.016367578729440203
5.659776863698481         -0.016128211565879024
5.661968082198164         -0.01608325802751904
5.676832211530698         -0.01578298975095929
5.69004789691259          -0.015522863337256897
5.717093725388307         -0.015010592226615074
5.725179671465933         -0.014862674967911051
5.727294420963565         -0.014824387303397902
5.7318411749769425        -0.014741010244076038
5.733936680648387         -0.014702779476233399
5.758598741244138         -0.014262133380937105
5.791134775883503         -0.013707007077449504
5.796552692852338         -0.013617462907795835
5.800865444345373         -0.013546775241442254
5.820193472940528         -0.013238566074984602
5.824577970932756         -0.013169641068147789
5.84550017944786          -0.012845788478105333
5.871688424248026         -0.012452185666291308
5.880042543597382         -0.012329376495188903
5.9395329334288505        -0.011493321181143268
5.9420403226791745        -0.011459903923557248
5.949578074318097         -0.011360324479603386
5.972394231932611         -0.01106695486156412
5.979256364050441         -0.010980143648049586
5.98499098093214          -0.010908329668559022
5.987437235974812         -0.010877898637342372
5.994641204612612         -0.010788291726692607
5.995566371969918         -0.010776846724401358
6.018302735562736         -0.010500068792956297
6.0344315749244775        -0.010308955635430724
6.036837943961039         -0.010280814251241822
6.037120420858407         -0.010277510890280932
6.052822532346463         -0.0100955407125103
6.060299938497375         -0.010010028359123228
6.061274073381889         -0.009999071731038678
6.06195968468697          -0.009991367296249849
6.062172167740881         -0.0099889807314999
6.097354856574416         -0.009601488338352279
6.099273872428377         -0.00958079147633596
6.101942081041406         -0.009552089869838673
6.106073806877315         -0.00950781847343878
6.11069350948788          -0.009458567489653727
6.1403336568997915        -0.009148745651955137
6.1409631145400825        -0.009142302531701953
6.142610088700925         -0.00912547097729328
6.143796039920529         -0.009113382252572444
6.1445396963219014        -0.00910581076596083
6.1560953083556145        -0.008989030303412603
6.173196374074992         -0.008819215191264003
6.179835411353803         -0.0087542562004648
6.180493399359833         -0.008747847648532264
6.1807282451406245        -0.008745561627072143
6.181680815328983         -0.008736336342524088
6.1911017758632365        -0.008645754233289536
6.1930236727916546        -0.008627421691035813
6.19901834993248          -0.008570558543171208
6.205757077049652         -0.00850721391840864
6.213606134703371         -0.00843420108577752
6.220118970949884         -0.008374246139578474
6.227545356739986         -0.008306499818949
6.246610620740849         -0.008134919141153123
6.259612268130375         -0.008019840430463108
6.265554424985029         -0.00796776739223164
6.274309567266343         -0.007891639398239779
6.289492653922151         -0.007761302780952113
6.295963354807013         -0.0077064052882719405
6.314499454475446         -0.007551292295370496
6.331777753419241         -0.007409535276433894
6.333048651115315         -0.007399224786709251
6.343446529220015         -0.007315468292231881
6.361048397288078         -0.007176115751516841
6.36540959438584          -0.007142061405295581
6.403954217687877         -0.0068492205041930255
6.43222701995566          -0.006640425330952193
6.438830044526101         -0.006592596221771493
6.442055047396984         -0.006569357328488184
6.452220526701023         -0.006496628035457851
6.4649672505908775        -0.0064065503583504435
6.471959994922713         -0.0063579514337281946
6.4894257893973375        -0.006237984354353773
6.4916909655216815        -0.006222573984862732
6.492520549272997         -0.0062169387142829305
6.508879895654152         -0.006106745271710977
6.523889097198511         -0.006007209600198095
6.54146379530858          -0.005892562089942618
6.556050393903876         -0.005798965101992443
6.570827736855238         -0.005705585107380731
6.585389150723224         -0.005614502036479641
6.593959116600226         -0.005561494094205439
6.603268871014955         -0.005504483078341373
6.605711218622395         -0.005489621395916936
6.612432712916229         -0.0054489244411333754
6.6311210152241244        -0.005337339058934662
6.639355427938635         -0.0052889042995447446
6.6474327735164005        -0.005241769544839304
6.647532285124699         -0.005241190791253261
6.647537714880918         -0.005241159213472415
6.701082685811582         -0.004936591290668904
6.724232813595605         -0.004809142686532982
6.732444616195248         -0.004764547902482389
6.740713056199086         -0.004719968024593473
6.7415552118268645        -0.0047154426838142
6.7643914726128465        -0.004594018247505402
6.767099720403378         -0.004579775785831507
6.768627635237659         -0.004571755363019302
6.791302173207619         -0.004453982330169398
6.8116859401446685        -0.00435010933223131
6.813619654864403         -0.004340353794873801
6.830901525694782         -0.00425392456303719
6.844417002822318         -0.0041870029362229555
6.847779981073299         -0.004170452311266287
6.849898201789754         -0.004160048338717503
6.864332549894276         -0.0040897820812997795
6.878713091281308         -0.004020519277838879
6.906159325737486         -0.0038903808678435823
6.912631205344383         -0.003860086779113424
6.919885360575629         -0.003826309134753683
6.921215983629241         -0.003820142972548206
6.924386549374567         -0.0038054781126486935
6.932842643948186         -0.003766556665639875
6.960612521957936         -0.0036406890056867834
6.96496885568559          -0.0036212151896960997
6.96607457462247          -0.0036162727981603015
6.970811716194114         -0.003595137905863261
6.982810816590101         -0.0035418893924329072
6.985705496862027         -0.0035291050041970917
7.0011082151663935        -0.0034614798362264253
7.008433506546971         -0.0034295553210684578
7.014380824926809         -0.0034037485263746434
7.030736509662822         -0.0033332965862416437
7.044696377318754         -0.0032737669208820572
7.0518981574083535        -0.003243272963996837
7.062520419446689         -0.003198565382012869
7.064677267786473         -0.0031895268032821993
7.084578159405265         -0.003106631834631242
7.100164038609637         -0.0030424946307209657
7.131259277080261         -0.0029166225422992916
7.1386486910089175        -0.002887025864149421
7.138663894481146         -0.0028869651002080944
7.138725744554624         -0.0028867179086220283
7.13888257026073          -0.0028860911746661647
7.144442189848063         -0.0028639066936456442
7.158698779291122         -0.0028073576385173825
7.191101354626329         -0.0026806454618996285
7.216730582333286         -0.002582204699409433
7.225536027194954         -0.0025487470290389775
7.236500496736984         -0.0025073457894309046
7.24352302449122          -0.0024809806050725015
7.246867833685802         -0.0024684573769597202
7.2673477676535585        -0.002392197463681065
7.267388281040021         -0.0023920473195613483
7.267798382260217         -0.0023905276276866717
7.293543610682259         -0.0022957024539675837
7.297657830452301         -0.002280654288633593
7.328780094581072         -0.002167762276773422
7.342498438780265         -0.0021185477509044594
7.3443184666113925        -0.0021120446567307397
7.345131618752924         -0.002109147036520843
7.351731261789143         -0.002085660865944006
7.365545156418272         -0.0020366185770993163
7.3922197927612725        -0.0019427810760312397
7.431596608992305         -0.0018063378567274183
7.436104398488647         -0.0017908761793469904
7.44419183895992          -0.0017632177432219598
7.444321859304518         -0.0017627739373793844
7.44443687419897          -0.0017623813730182477
7.451903399829744         -0.0017369421608401337
7.45294219626778          -0.0017334099371437471
7.500590189228344         -0.0015726030989142222
7.503420063256985         -0.0015631501874301078
7.537299098382217         -0.001450637963618741
7.543710152932723         -0.0014294833806803096
7.553987148511888         -0.001395662980185085
7.56414276389476          -0.001362351700104666
7.57247100879079          -0.0013351157106214337
7.594051074065596         -0.0012648832090454449
7.614837883225432         -0.001197697824578538
7.618112728967464         -0.001187144277932452
7.624592392942812         -0.0011662930422472939
7.630845353884905         -0.001146209349484944
7.654183945330293         -0.0010715786797091493
7.675672731454537         -0.0010033268177676393
7.699103387463422         -9.292009319021424E-4
7.699369200504146         -9.283605041496075E-4
7.699562681418561         -9.277487976142401E-4
7.722741591811356         -8.546307976276313E-4
7.740703600249409         -7.981934082749666E-4
7.7567908842960565        -7.478852108706E-4
7.779739682568173         -6.764067141453096E-4
7.8089743085451975        -5.85838611789366E-4
7.8114823814316745        -5.780941779043103E-4
7.8151601886852555        -5.66751817548511E-4
7.830068690992646         -5.207995523106835E-4
7.833689111778322         -5.096465702961982E-4
7.873629969264385         -3.867662527180558E-4
7.918648316478114         -2.486176525777136E-4
7.920153472321747         -2.440052153014414E-4
7.9265310240504725        -2.2446632458384698E-4
7.931542797209972         -2.0911703333694644E-4
7.935777557097099         -1.9615107229639146E-4
7.954499250281683         -1.3886876618491998E-4
7.959433580781447         -1.2379260702511218E-4
7.96452997405176          -1.0822616610724703E-4
7.994772815381395         -1.5984483755117522E-5
8                         1.2528848114789627E-18
