0                         0
0.02126607030642954       4.5286221230639575E-5
0.02566015105885484       5.46511487340086E-5
0.03689476054144378       7.860702117511249E-5
0.03909644627154418       8.330375932497373E-5
0.047513990660634386      1.0125223209708072E-4
0.05523691056686736       1.1772901386530364E-4
0.07804812447931714       1.664492618342488E-4
0.1072203547301149        2.2883614662792703E-4
0.11332570733492686       2.4190416774923543E-4
0.1279475363354859        2.7321691669999614E-4
0.13662134165790377       2.918025243532107E-4
0.16348213310115617       3.494079392479821E-4
0.16510925953667788       3.5289989020798464E-4
0.16875329395475325       3.607213032798003E-4
0.17708931661857957       3.786829379532511E-4
0.18685305323537432       3.9974440014391545E-4
0.1908740861645359        4.084255944912101E-4
0.19430544125183538       4.158301490421855E-4
0.23143719535462284       4.9628371165937E-4
0.23156298628287064       4.965567422266779E-4
0.23995452088603722       5.147879988220217E-4
0.2471456955912902        5.304385672936023E-4
0.26030540091145926       5.591256731981872E-4
0.29390331593109936       6.327424200456644E-4
0.30895342297167555       6.65894095916778E-4
0.31555790387337546       6.804763676027287E-4
0.3367619306448588        7.274346247637431E-4
0.3496474982103472        7.560761777550081E-4
0.3680840308366829        7.971717876518905E-4
0.37281626522043604       8.077420311890617E-4
0.41401227888121533       9.006266112505534E-4
0.4200295578804374        9.142875382745025E-4
0.42177916723124786       9.182660701080917E-4
0.42282196009239614       9.206383728359702E-4
0.42403001560385495       9.233876105502321E-4
0.4260926980315309        9.280841772996585E-4
0.4305888300295419        9.383320442131254E-4
0.43856867813221534       9.565306798774154E-4
0.47436700305112944       0.001038806135719732
0.48203546292600286       0.0010565655905538651
0.48995491085224613       0.0010749563079191866
0.4978537055344098        0.001093349667388189
0.527615989490561         0.0011631089372878462
0.5355934872190571        0.0011819441186489842
0.548254211938368         0.0012119584681905802
0.5550373231350636        0.0012281004825856626
0.5748799815342314        0.0012755672238554808
0.5809938482668537        0.0012902665762291217
0.5862177828930036        0.0013028539248825513
0.5996568726113203        0.0013353531258699025
0.6339503954177926        0.0014192213172109786
0.6380860864741107        0.0014294298851393438
0.6390265519785301        0.001431753937867029
0.63912424425539          0.0014319954125897045
0.648511040818558         0.0014552504671927447
0.6534776844018971        0.0014675972743030266
0.6717132761754467        0.0015131812379345151
0.6752063513716038        0.0015219580396634363
0.6759403175862231        0.0015238040668744124
0.6817066213068596        0.0015383293831926818
0.688892335176627         0.0015565042324217771
0.6963394188822094        0.0015753526784714478
0.7032819571689581        0.0015929968536806188
0.7127322708372057        0.0016171272132546213
0.7426304602100245        0.0016943254524032399
0.7498625902397521        0.0017131945663335115
0.7603165103029318        0.0017406041419340834
0.773503701179644         0.0017754071500771362
0.7963685852434218        0.0018363511576254487
0.8028834132787451        0.00185385510235562
0.8173510634369043        0.0018929475632965458
0.8417877769093078        0.001959569482959581
0.85009815445784          0.0019825210972289216
0.8752831078260763        0.0020529837221182163
0.8890696012592927        0.002091838040875968
0.8932612884904009        0.0021037246536205084
0.9063540153829874        0.002141072366283375
0.9237879291176814        0.0021913206991840267
0.9357823962903038        0.0022262343599559276
0.9421717933024261        0.0022449468453522655
0.9594337018817005        0.002295898136319249
0.9722927504092871        0.0023342300541356045
0.9819940218089163        0.0023633615356673937
0.9910822981144503        0.002390818219520482
1.012566964596513         0.00245668340101534
1.035679383664955         0.0025284871217477003
1.0379617772765426        0.002535659810158454
1.0391025173429378        0.0025392463871836313
1.0543179832147298        0.002587377949919023
1.056723114807601         0.0025950360625366237
1.0583429316741788        0.0026002013504916772
1.0816011109446415        0.0026750483337593185
1.0957007750282368        0.0027210423652149567
1.1036389344374338        0.002747143079534628
1.1099783028911783        0.0027680934970780373
1.1168505860869746        0.0027909119684941175
1.1320821892069062        0.0028418827053756242
1.1529598856601384        0.0029126347860479918
1.1822305178895995        0.0030142685788214943
1.1857068037539082        0.0030265094176190293
1.1946799468300031        0.0030582732711205403
1.197569235462267         0.003068538960177453
1.1988204471463073        0.003072992565854947
1.2284319575845069        0.003179809394133831
1.2290605238624108        0.0031821062685953696
1.2424825853171535        0.003231444800023752
1.24765456131933          0.0032506056792959903
1.2559508274518982        0.00328138234977305
1.2567467913497428        0.003284349146052088
1.258641973869353         0.003291422931756285
1.2728929471292896        0.003345060187487674
1.3202696801483473        0.003529350260819854
1.3228919598745896        0.003539781803583989
1.362159241253351         0.003698777646036945
1.3704085873594087        0.003732907710788051
1.3728897825117514        0.003743225471628648
1.3810503722935035        0.003777318724869709
1.3840370786281162        0.0037898572888658425
1.3885621614147108        0.003808916144617731
1.394338654830821         0.0038333542563625776
1.4132883119673376        0.003914377517612088
1.4438547369108514        0.00404783122216896
1.4552177100601817        0.004098573156990965
1.4725911206392832        0.004177428796289951
1.4808881172831116        0.004215631197829331
1.4927495041356806        0.0042708554122414585
1.5141983052285144        0.0043725395768039275
1.522557904015429         0.00441280641829329
1.5268023567689077        0.004433369309823987
1.5303176899643351        0.004450543168033796
1.5422879095284134        0.004509390456282357
1.5514642705771258        0.004554965326817741
1.5578113432841612        0.004586723268719756
1.5704313876295608        0.0046504389983960635
1.580235340464166         0.004700461000377487
1.5929146774938616        0.004765833442673905
1.6064979502728085        0.004836646026995366
1.645195596417178         0.005045059575213344
1.6512218965637568        0.005078404489739257
1.6534763117653777        0.005090940276154309
1.6556429619808297        0.00510301964115618
1.6820842626031736        0.005252928844050974
1.6888388718704355        0.005291963868177301
1.7116337613174275        0.005425978621780054
1.7282792065351347        0.005525975606060404
1.734257645585878         0.005562330913019184
1.7598835341484989        0.005721712063391648
1.7650657938435705        0.0057545449436044544
1.7785116513541284        0.0058404408548053165
1.7795455885002522        0.005847055116182866
1.7797694827781707        0.005848488720731572
1.8211292104315144        0.006121360001551177
1.8344703907371278        0.006212791443037257
1.8425921883369116        0.006269267971791092
1.847166026804887         0.006301344622491632
1.8707353736876127        0.006469740162326037
1.8904291301201266        0.006614430340240903
1.8988342640380247        0.006677287414111024
1.9145625708316028        0.006796685336890637
1.9209792073701442        0.006846135643651667
1.9390130896924722        0.006986546746303536
1.955671616447955         0.007120840704107085
1.9688303683754746        0.007229107724581374
2.0081343312701168        0.007561361022791022
2.0100137813030448        0.007577740322707684
2.010958210894091         0.007585987907826042
2.0167501521762135        0.007636815958571894
2.042792023755181         0.007870492385306167
2.0539301400840304        0.007973087258051716
2.0542061582847255        0.007975649874719971
2.0824019470648936        0.008242565960158873
2.1080958981840787        0.008494663578550986
2.110866068445953         0.008522348101325732
2.1471645013025538        0.008894186967217837
2.153499498933774         0.00896081150439528
2.161213736639316         0.009044498668328032
2.185313405285502         0.009312675025785165
2.1939911090179054        0.009411812554157666
2.207513780560353         0.009564063024028369
2.239512816197796         0.009945405339920546
2.2406198658270537        0.009959004492600777
2.2408156572343025        0.009961418434008234
2.2414658493887907        0.009969440138796665
2.242480992545762         0.009981980966161106
2.279364516770957         0.010451325662025945
2.290087513661043         0.010592777611540382
2.3005188185145906        0.010732453474090877
2.312207411087599         0.010891299225853586
2.3246044263131216        0.011062468585989783
2.3319189073632707        0.01116476379751096
2.3672812149334863        0.011672943972120627
2.3766909004930796        0.011811971763356797
2.4004222885005864        0.012176872525778142
2.4050625584757           0.01225004794139966
2.410350927941535         0.012334171620936816
2.4151649735813296        0.012411424359251027
2.4350423154653007        0.012738735294515389
2.4453853546401545        0.012913965690391044
2.460457803070223         0.013175346428255713
2.4898150989240255        0.013703647213191837
2.50421350051904          0.013972213527721454
2.5103501477435213        0.014088569426080604
2.5141757669176           0.014161678542074898
2.523106318444274         0.0143335575978861
2.533791693287048         0.014541682028703014
2.570836228214702         0.015284067547232546
2.5907574941962825        0.01571226433436869
2.5968128811652518        0.01584515703396807
2.6047336098393523        0.016020911992197875
2.6250936157560805        0.016482698247673202
2.645510489613636         0.016960799910733897
2.6458874303490516        0.016969780786443733
2.663967367808929         0.01740710687921601
2.6812356323862825        0.017815297690311458
2.681480847361494         0.017821245785560144
2.6930270987211395        0.018106126961811284
2.6932329165955293        0.018111430401902016
2.704644968089654         0.018408224411092168
2.7084053828170735        0.0185071976180529
2.7289509640476393        0.019058244094932703
2.747327299071109         0.01956585034374463
2.7490254733640884        0.01961346127300411
2.7599997540596943        0.019924008235320607
2.781409352779301         0.020544139511745295
2.7936805648022633        0.02090889474853216
2.8022551756291176        0.021168771061236828
2.807828085394169         0.02133987857828915
2.8103651257494486        0.021418350067162247
2.8311911253434277        0.02208504723423828
2.839754326200976         0.022362275076440376
2.8646800851197955        0.02317949991112485
2.8652807318768083        0.02319954827419571
2.86589402308972          0.023220022160146403
2.874351699189424         0.023502728349214737
2.8873229270752243        0.02393760251844659
2.91197478596116          0.02478798945355353
2.9180204925712117        0.02499985840265994
2.9381290396501667        0.02571111830506065
2.9697351189825927        0.026861304950106142
2.989167099494643         0.02758802699101147
3.0155230574840024        0.028597502523971967
3.0166582348522337        0.02864159733514544
3.0168576122385122        0.028648618737383204
3.0239960086441364        0.028899774088699617
3.032683834126553         0.029204827237319993
3.0384730426352053        0.029407726048891736
3.0688584648543715        0.03054892843943203
3.070903128953653         0.030625089374689864
3.0722677800746867        0.030675876438007715
3.0862002704082103        0.031192359836990164
3.0973526316396303        0.03160311767274958
3.100594972825644         0.03172209325004092
3.108344830193521         0.032005657657874984
3.1257977094036624        0.03262423338494401
3.144644726746108         0.0332836097068767
3.162419654735893         0.033897284700302684
3.1784848142082534        0.03444508749729118
3.17877118419669          0.03445353867612136
3.219063942056273         0.03568513087525599
3.222531779380123         0.03578071696963241
3.2279451910923846        0.03592663140155122
3.228714338056329         0.035947036909129926
3.2362346623837963        0.0361422742703315
3.2420016523932222        0.03628673523602285
3.2507232620216318        0.03651282480689692
3.2767638335927187        0.03711470559960851
3.2807559129489707        0.037199274587263305
3.2845931573084277        0.03727863385425199
3.292193657035845         0.037430238513078556
3.312280683371189         0.03779518559429149
3.3246500034622923        0.03799412909448532
3.3485654117561054        0.038273901105654144
3.3554404771943904        0.03830885998331516
3.3618307292879774        0.038342685375925244
3.3681218690242334        0.038371333716090805
3.368902235169057         0.038374335023323235
3.3797491882971107        0.038403430138112066
3.3833391750433934        0.03840787253999326
3.3843746038201226        0.03840867449847375
3.4251329991966877        0.0382697567872287
3.4437612544502154        0.03809554722563973
3.4684343760844643        0.03775788029271606
3.481363763224318         0.03753227567481055
3.4918300635459745        0.037278330066008725
3.498642663184617         0.03710195272503331
3.501032478350751         0.03703801029197572
3.5024937602804362        0.03699813788507069
3.510330147517168         0.03677826463094456
3.513904521665946         0.03667458799311235
3.519942040781436         0.03649464754441169
3.539397674076621         0.035887094568527386
3.550134690505279         0.035508692980303826
3.561079540350637         0.03509140934573059
3.5785487150509727        0.03435937055725335
3.5876691273389736        0.03394493395118512
3.594925522272291         0.03360891919029925
3.6000566099209563        0.033362247087041955
3.605580662274569         0.033088282779142573
3.621883942454841         0.03222893459180871
3.62300331120781          0.03216714900724222
3.628984854111414         0.03183092470511996
3.6433059359967688        0.03098443398479793
3.6512445894098993        0.030489974449682263
3.652407033913132         0.030416061543870093
3.6538306712744815        0.030324738160723806
3.6641999680938393        0.029652112915875786
3.665376243729316         0.029574983340567056
3.7067990595585623        0.02675125170796378
3.709754952007884         0.026541754224883037
3.7212122802991257        0.02571965215876407
3.723699539375702         0.025539068039776708
3.7287274573079           0.025157605264468575
3.747025826029203         0.023724611273695136
3.7493325126275505        0.023538989184873845
3.772730943033223         0.021593076252121365
3.7759724983919085        0.021314447931716437
3.801042234820325         0.019085219262754506
3.821469890645437         0.017156330423531305
3.827526905647873         0.01659609294033111
3.83733586175729          0.01568550705150064
3.8591567300706533        0.013645122490434348
3.8595429549133016        0.013608825334884372
3.8810608586164688        0.011576568737147522
3.889455261644289         0.010780998063224124
3.8898075768648916        0.010747573863790138
3.9109814134104024        0.008733795135385775
3.9322378764240256        0.006686133562485132
3.942642665820586         0.005669584044827945
3.961254716792732         0.0038278336369846236
3.971377511571185         0.0028135588864745785
3.981298698998982         0.0018108866874456018
3.987530483318948         0.0011714486726654056
3.990844407223527         8.311012676444731E-4
3.995206639588308         3.8644893880126655E-4
4.001127578100237         -2.1542192418572115E-4
4.006818125086373         -7.92067418778863E-4
4.028322555382169         -0.0029508853901318278
4.035589095511248         -0.003675018958629124
4.060283270434954         -0.006115672764817032
4.064065917827469         -0.006486774771232973
4.065023730287764         -0.0065792648280514135
4.077525523124284         -0.007777058723953931
4.091042679526115         -0.009052430158500286
4.093346924591545         -0.009267797928295865
4.097310840126598         -0.00963689585278094
4.127210997310493         -0.012471056389032145
4.134498553409454         -0.013150743093598474
4.144768511371239         -0.014084406433609559
4.148090570975504         -0.01438520387795984
4.156707592751568         -0.015162661164575214
4.1625311119254835        -0.015685810747002822
4.163642319763419         -0.015791162731726514
4.164610997812716         -0.015882845364804433
4.165932091227001         -0.01600764842211941
4.167266951750832         -0.016133476991010892
4.193804814843213         -0.018577640228287118
4.19445703147326          -0.01863633415976558
4.197838831608355         -0.01893960889675453
4.222003761642681         -0.021017371317309932
4.229684496322868         -0.02166359267952518
4.235799536263299         -0.02217319038229898
4.238537809773321         -0.022406828234105114
4.242005477661448         -0.02270003950498958
4.253125516031195         -0.023620246476379395
4.27849015730494          -0.025561905168343484
4.284586206673212         -0.026009465069147555
4.287568066894355         -0.026225692731679368
4.298791914479206         -0.026987532404741877
4.31197524492026          -0.027862961216705676
4.31989365664644          -0.028378695387741425
4.3419218103498185        -0.0297736091394142
4.346635207632979         -0.030064475880883436
4.3595226773509435        -0.030846083602548195
4.361950485995185         -0.030991083459412934
4.363664726259672         -0.031093037323834283
4.365365653611602         -0.031193848913955834
4.38294272586021          -0.03221517229737991
4.398505897626169         -0.03309428541818763
4.420163587467981         -0.03423884624537924
4.426557907033024         -0.03454179577917832
4.437882855908366         -0.03503886526859288
4.442824914550798         -0.03523996214591448
4.4488415687839105        -0.035471812235374434
4.460007715783204         -0.03586434586911195
4.4661959280166705        -0.03606075556540163
4.470228614830303         -0.03618064050802142
4.4785229142253815        -0.036429203485463524
4.492004589592035         -0.03680485734831281
4.500230388573421         -0.03701680951387529
4.518254092058783         -0.03743551186786921
4.5259207986718115        -0.037594584993328226
4.527881667679004         -0.03763344625632978
4.55316306779173          -0.03806794161734496
4.556314161400313         -0.03811344135178447
4.557997745454145         -0.038136964796756025
4.564758939412559         -0.03821833297922541
4.566347134334036         -0.03823759675170308
4.573322405089869         -0.03831468242994699
4.58267461034009          -0.038398812883156275
4.629718307809593         -0.03835772747528349
4.635178163700989         -0.0383149767615036
4.645242695864365         -0.038262395082837415
4.654666717665457         -0.038199603488649446
4.655696669023145         -0.038191946262323515
4.659975931865386         -0.03815074209735116
4.667151902952513         -0.03807373517353741
4.6769907730736975        -0.037952041323980674
4.6833711274162235        -0.03786316570052248
4.691512317190594         -0.037738384966198024
4.706039217341794         -0.037484039241275705
4.7092599984142245        -0.03742214680941511
4.719124733357684         -0.037220157435811495
4.724661067649677         -0.037103044652435614
4.727667194600349         -0.037042407769003215
4.727851937729986         -0.03703862490859212
4.761993771487416         -0.036223584577875986
4.7918402427133575        -0.03537171327240589
4.7927550017901845        -0.0353435509539303
4.806038174030112         -0.034920844557897256
4.820882600509685         -0.03441798473524778
4.830522641816746         -0.034086109551211316
4.835293966607993         -0.03392106891891755
4.846313614624707         -0.033537925528446824
4.877825627175688         -0.03242708759101964
4.898094034592837         -0.03170070359145611
4.917730738266231         -0.03098807577554463
4.9294263656200705        -0.030559480305955077
4.934768653841693         -0.030362676127725745
4.939665990375025         -0.030181695026843515
4.981283372435776         -0.028707610022610047
4.981364893456134         -0.028704673236148514
4.981408970771449         -0.02870308530238313
4.995198109489221         -0.02820908668342651
5.006500621470818         -0.02780241181353423
5.008116694902035         -0.027744134417027003
5.020359988603351         -0.027301574556443147
5.038065015201316         -0.02665829786783507
5.03889827840763          -0.02662792704481613
5.047400914610765         -0.02631752982680175
5.059354818616139         -0.025879622933275545
5.076573782491362         -0.02524572363761381
5.080931920913411         -0.0250846994076865
5.087468412200012         -0.0248461382020682
5.099911943338888         -0.024397318404937415
5.104514911774638         -0.02423306676847364
5.113074701134087         -0.02393887793778828
5.114222890317359         -0.02389995624577328
5.12936038031576          -0.0233987653146644
5.129537518517977         -0.02339303184321356
5.13189318425715          -0.023317074575376615
5.135635611746917         -0.02319208202382788
5.1357905255608065        -0.023186922785949637
5.1358906147779955        -0.023183590043536373
5.136155505742968         -0.0231747721325091
5.172764428003467         -0.02198896247151676
5.175243820165561         -0.02191101084574998
5.187858006138077         -0.02151905762368269
5.209802845653398         -0.020855638744386527
5.2181309203285045        -0.020613990352863227
5.265267915458699         -0.019280658733364
5.280550454867483         -0.01886092387325077
5.284079776885749         -0.01876486466264711
5.289490839586835         -0.01861822577760567
5.2983020862055845        -0.01838109139140547
5.3037807040134615        -0.018233684432548868
5.307841655988793         -0.018129033676829692
5.317073993937833         -0.017889741190948858
5.336802656177166         -0.017396362575587954
5.341490198796165         -0.0172819397653032
5.342852244933619         -0.01724889413860858
5.361839989062148         -0.016797685531119662
5.382228008444436         -0.016332871730598626
5.393628140118985         -0.016076256240650143
5.41050848478675          -0.01570490682648766
5.421872913740828         -0.015460700911616847
5.429672382203197         -0.015295801545685578
5.448358021711145         -0.014909683821816344
5.462660982994044         -0.01462265391206498
5.469346926473035         -0.014491016666161278
5.476583143242777         -0.014350365429012683
5.50441042873266          -0.013827111548240623
5.515863889614253         -0.013618971887906806
5.524489194097571         -0.013464424480270177
5.538937652258658         -0.013209767883796082
5.551736179763174         -0.012987081166365483
5.5775028176227295        -0.012550731567662114
5.584836607633111         -0.012429461496454724
5.586260628277472         -0.01240606446345605
5.587335358359187         -0.012389006550579378
5.603367050275094         -0.012137365309857536
5.6230612826464315        -0.011835446217608181
5.632054285217496         -0.011698567018358606
5.648251213520432         -0.011457305110608062
5.659776863698481         -0.011289748096115234
5.661968082198164         -0.011258280619263242
5.676832211530698         -0.01104809282567142
5.69004789691259          -0.010866004336079751
5.717093725388307         -0.010507414558630475
5.725179671465933         -0.010403872477537662
5.727294420963565         -0.010377071112378452
5.7318411749769425        -0.010318707170853151
5.733936680648387         -0.010291945633363303
5.758598741244138         -0.009983493366655905
5.791134775883503         -0.009594904954214587
5.796552692852338         -0.009532224035457018
5.800865444345373         -0.009482742669009512
5.820193472940528         -0.00926699625248916
5.824577970932756         -0.00921874874770339
5.84550017944786          -0.008992051934673671
5.871688424248026         -0.008716529966403855
5.880042543597382         -0.008630563546632173
5.9395329334288505        -0.008045324826800229
5.9420403226791745        -0.008021932746490016
5.949578074318097         -0.007952227135722313
5.972394231932611         -0.007746868403094826
5.979256364050441         -0.007686100553634657
5.98499098093214          -0.007635830767991262
5.987437235974812         -0.007614529046139608
5.994641204612612         -0.007551804208684773
5.995566371969918         -0.0075437927070809005
6.018302735562736         -0.007350048155069356
6.0344315749244775        -0.007216268944801456
6.036837943961039         -0.007196569975869226
6.037120420858407         -0.007194257623196603
6.052822532346463         -0.007066878498757163
6.060299938497375         -0.007007019851386211
6.061274073381889         -0.006999350211727026
6.06195968468697          -0.006993957107374846
6.062172167740881         -0.006992286512049884
6.097354856574416         -0.006721041836846549
6.099273872428377         -0.006706554033435126
6.101942081041406         -0.006686462908887026
6.106073806877315         -0.0066554729314071
6.11069350948788          -0.006620997242757566
6.1403336568997915        -0.006404121956368552
6.1409631145400825        -0.0063996117721913225
6.142610088700925         -0.00638782968410525
6.143796039920529         -0.006379367576800667
6.1445396963219014        -0.0063740675361725375
6.1560953083556145        -0.006292321212388778
6.173196374074992         -0.00617345063388476
6.179835411353803         -0.006127979340325319
6.180493399359833         -0.006123493353972543
6.1807282451406245        -0.0061218931389504586
6.181680815328983         -0.006115435439766821
6.1911017758632365        -0.006052027963302636
6.1930236727916546        -0.00603919518372503
6.19901834993248          -0.005999390980219808
6.205757077049652         -0.005955049742886012
6.213606134703371         -0.005903940760044227
6.220118970949884         -0.005861972297704894
6.227545356739986         -0.005814549873264264
6.246610620740849         -0.005694443398807148
6.259612268130375         -0.005613888301324138
6.265554424985029         -0.005577437174562112
6.274309567266343         -0.005524147578767808
6.289492653922151         -0.005432911946666443
6.295963354807013         -0.005394483701790323
6.314499454475446         -0.005285904606759312
6.331777753419241         -0.005186674693503692
6.333048651115315         -0.0051794573506964425
6.343446529220015         -0.0051208278045622845
6.361048397288078         -0.005023281026061758
6.36540959438584          -0.004999442983706877
6.403954217687877         -0.00479445435293509
6.43222701995566          -0.0046482977316665095
6.438830044526101         -0.004614817355240019
6.442055047396984         -0.004598550129941702
6.452220526701023         -0.004547639624820469
6.4649672505908775        -0.004484585250845285
6.471959994922713         -0.00445056600360971
6.4894257893973375        -0.004366589048047616
6.4916909655216815        -0.004355801789403885
6.492520549272997         -0.004351857099998026
6.508879895654152         -0.004274721690197659
6.523889097198511         -0.00420504672013864
6.54146379530858          -0.0041247934629598075
6.556050393903876         -0.004059275571394685
6.570827736855238         -0.003993909575166489
6.585389150723224         -0.003930151425535726
6.593959116600226         -0.0038930458659437845
6.603268871014955         -0.003853138154838938
6.605711218622395         -0.0038427349771418323
6.612432712916229         -0.0038142471087933396
6.6311210152241244        -0.0037361373412542406
6.639355427938635         -0.0037022330096812984
6.6474327735164005        -0.0036692386813874916
6.647532285124699         -0.0036688335538772603
6.647537714880918         -0.0036688114494306673
6.701082685811582         -0.0034556139034682123
6.724232813595605         -0.0033663998805730684
6.732444616195248         -0.003335183531737653
6.740713056199086         -0.003303977617215412
6.7415552118268645        -0.0033008098786699207
6.7643914726128465        -0.003215812773253763
6.767099720403378         -0.0032058430500820365
6.768627635237659         -0.0032002287541134924
6.791302173207619         -0.00311778763111856
6.8116859401446685        -0.0030450765325619
6.813619654864403         -0.003038247656411644
6.830901525694782         -0.0029777471941260145
6.844417002822318         -0.0029309020553560513
6.847779981073299         -0.002919316617886383
6.849898201789754         -0.0029120338371022357
6.864332549894276         -0.002862847456909829
6.878713091281308         -0.002814363494487199
6.906159325737486         -0.002723266607490492
6.912631205344383         -0.0027020607453793807
6.919885360575629         -0.002678416394327562
6.921215983629241         -0.0026741000807837282
6.924386549374567         -0.0026638346788540697
6.932842643948186         -0.0026365896659478975
6.960612521957936         -0.002548482303980733
6.96496885568559          -0.0025348506327872544
6.96607457462247          -0.002531390958712196
6.970811716194114         -0.002516596534104268
6.982810816590101         -0.00247932257470302
6.985705496862027         -0.002470373502937949
7.0011082151663935        -0.002423035885358484
7.008433506546971         -0.002400688724747906
7.014380824926809         -0.0023826239684622366
7.030736509662822         -0.002333307610369137
7.044696377318754         -0.0022916368446174273
7.0518981574083535        -0.002270291074797773
7.062520419446689         -0.0022389957674089963
7.064677267786473         -0.002232668762297527
7.084578159405265         -0.002174642284241857
7.100164038609637         -0.0021297462415046636
7.131259277080261         -0.0020416357796094915
7.1386486910089175        -0.002020918104904582
7.138663894481146         -0.002020875570145654
7.138725744554624         -0.002020702536035408
7.13888257026073          -0.0020202638222663032
7.144442189848063         -0.002004734685551939
7.158698779291122         -0.001965150346962156
7.191101354626329         -0.0018764518233297287
7.216730582333286         -0.0018075432895865925
7.225536027194954         -0.0017841229203272738
7.236500496736984         -0.001755142052601623
7.24352302449122          -0.0017366864235507412
7.246867833685802         -0.0017279201638717944
7.2673477676535585        -0.0016745382245767354
7.267388281040021         -0.0016744331236929343
7.267798382260217         -0.0016733693393806606
7.293543610682259         -0.0016069917177772993
7.297657830452301         -0.0015964580020435056
7.328780094581072         -0.0015174335937413862
7.342498438780265         -0.0014829834256331125
7.3443184666113925        -0.001478431259711509
7.345131618752924         -0.0014764029255645815
7.351731261789143         -0.0014599626061607956
7.365545156418272         -0.0014256330039695124
7.3922197927612725        -0.0013599467532218596
7.431596608992305         -0.0012644364997091851
7.436104398488647         -0.0012536133255428858
7.44419183895992          -0.0012342524202553643
7.444321859304518         -0.0012339417561655617
7.44443687419897          -0.0012336669611127658
7.451903399829744         -0.0012158595125880862
7.45294219626778          -0.0012133869560006156
7.500590189228344         -0.0011008221692399489
7.503420063256985         -0.001094205131201069
7.537299098382217         -0.0010154465745331126
7.543710152932723         -0.0010006383664762106
7.553987148511888         -9.769640861295532E-4
7.56414276389476          -9.536461900732602E-4
7.57247100879079          -9.345809974349975E-4
7.594051074065596         -8.854182463318056E-4
7.614837883225432         -8.383884772049712E-4
7.618112728967464         -8.31000994552711E-4
7.624592392942812         -8.164051295731005E-4
7.630845353884905         -8.023465446394556E-4
7.654183945330293         -7.501050757963996E-4
7.675672731454537         -7.023287724373429E-4
7.699103387463422         -6.504406523314954E-4
7.699369200504146         -6.498523529047211E-4
7.699562681418561         -6.494241583299641E-4
7.722741591811356         -5.982415583393383E-4
7.740703600249409         -5.587353857924731E-4
7.7567908842960565        -5.235196476094168E-4
7.779739682568173         -4.734846999017137E-4
7.8089743085451975        -4.100870282525535E-4
7.8114823814316745        -4.046659245330147E-4
7.8151601886852555        -3.9672627228395517E-4
7.830068690992646         -3.645596866174762E-4
7.833689111778322         -3.567525992073364E-4
7.873629969264385         -2.707363769026374E-4
7.918648316478114         -1.7403235680439838E-4
7.920153472321747         -1.7080365071100792E-4
7.9265310240504725        -1.571264272086919E-4
7.931542797209972         -1.4638192333586158E-4
7.935777557097099         -1.3730575060747312E-4
7.954499250281683         -9.720813632944336E-5
7.959433580781447         -8.665482491757795E-5
7.96452997405176          -7.575831627507242E-5
7.994772815381395         -1.1189138628582208E-5
8                         8.770193680352692E-19
