0                         0
0.0137224450592681        2.8738353489189077E-5
0.016966405533064752      3.5536132138603465E-5
0.030149769142115507      6.317818758420237E-5
0.05376525523118598       1.127581730168288E-4
0.07783947230245626       1.6338647022245105E-4
0.09271227525431121       1.9471200045477848E-4
0.09336438265685569       1.960859504198926E-4
0.10687673601920754       2.2456929080826707E-4
0.10734141593838212       2.255493119735768E-4
0.1175518759240618        2.4708947089388766E-4
0.12862387865889688       2.7046023937100087E-4
0.16531902204377955       3.48013628078832E-4
0.1674434868003103        3.5250815969648175E-4
0.19005249687244677       4.003721263293448E-4
0.20004607651345147       4.215863359880892E-4
0.21492743672688047       4.532564372286454E-4
0.2389048740497104        5.044863991918943E-4
0.2664784747324569        5.637078145898105E-4
0.28186892173445516       5.969060090951856E-4
0.294229369409534         6.236426044401549E-4
0.2971911863517595        6.300590723689952E-4
0.3125727405237838        6.634427289726795E-4
0.34418071236074527       7.323654535302783E-4
0.34748459397122733       7.395947154362035E-4
0.37844107716626724       8.075607089748519E-4
0.38273562609469103       8.170126785110709E-4
0.3858246167379231        8.238158043293072E-4
0.38685519439404176       8.260974982971844E-4
0.38744455879506723       8.274026207454187E-4
0.39588153195255604       8.460823619818612E-4
0.39892151855586067       8.528258819826671E-4
0.4203510001448544        9.005529528734484E-4
0.422882814972128         9.062132215546408E-4
0.4316077494208846        9.257539704225025E-4
0.44236886615675447       9.499293234461265E-4
0.4451207153187632        9.561246540294647E-4
0.4490950292045472        9.65081629956101E-4
0.4635345331499486        9.977183616286687E-4
0.4754065976097771        0.0010246749210552867
0.4799613313626395        0.0010350466083832654
0.49294350558922717       0.0010646807155582263
0.5031643761280176        0.001088103203177504
0.5140930691084798        0.0011132369813568938
0.5334214586268876        0.0011579141048295417
0.5390011504416554        0.0011708405651096215
0.5579481797029779        0.0012149844823743396
0.5662456256419484        0.0012344376754622169
0.5921830242290759        0.001295723881975427
0.5944103485683236        0.0013010203809545942
0.5989606597096506        0.001311857410607167
0.6153763745816341        0.0013511377999698023
0.6165928473857496        0.001354060150453308
0.6247386014534341        0.0013736697394383986
0.6490775515802311        0.0014327012370631436
0.6826147610874613        0.0015150507747191135
0.6920986471178869        0.0015385501746336648
0.7029630269588556        0.0015656530253695413
0.7052596878565011        0.0015714003441595127
0.7260175075850144        0.0016236820728626135
0.7463814810059062        0.0016754812089558107
0.7511656744224786        0.0016877237800776925
0.7708054259082935        0.001738125983137945
0.800865469452921         0.0018164851295630943
0.807841369902419         0.0018348796972392847
0.8183913629493487        0.0018628490629216718
0.8414587592759524        0.0019246342920104399
0.8574500302235774        0.0019679743138804693
0.871981763233741         0.0020077193693301
0.884954445629718         0.0020434702160813537
0.8880699380481157        0.002052095443758136
0.9022183148332683        0.002091457064397271
0.9314980757512676        0.002173914092608096
0.9498406871242223        0.0022264648614604343
0.950072855230696         0.002227132334100097
0.9502926304146855        0.0022277648564586246
0.992299439250437         0.0023504966571676325
1.000540132090762         0.002375018913170357
1.0017489686222172        0.002378621493745533
1.0090137315208734        0.0024003408780319383
1.0443832144911853        0.0025077724829903705
1.0498299821278767        0.0025245653842783018
1.0663503101454597        0.0025759053178869237
1.0985847771631296        0.0026778388685572575
1.1130881321309873        0.002724460869284929
1.1296377331291143        0.002778235884250675
1.1309516516687026        0.0027825315023818887
1.1342722489278265        0.002793448143994886
1.1371337962499557        0.002802878182333976
1.1434601122175052        0.002823800220230397
1.1482347654172909        0.0028396582430169535
1.158718755180701         0.0028746825429865207
1.1771844536123122        0.0029370530305741173
1.1858301492466046        0.002966553839126149
1.193306573699849         0.002992218498122124
1.2171390412955678        0.0030749803367838627
1.2172371691339305        0.0030753246617428796
1.217282919778176         0.0030754851556719235
1.2466454645601939        0.003179540151553825
1.2633730105006433        0.0032400950642788836
1.265970656236422         0.003249581800028319
1.2906342966668214        0.003340767327327499
1.2934028125105699        0.003351128663061289
1.2995720715286174        0.0033743087293649663
1.3147395292654973        0.0034318337207781303
1.3234627936118764        0.0034652629603604853
1.366100543697936         0.003632314490651634
1.404427761847403         0.003788222892235738
1.4075197057569084        0.0038010374795178587
1.4082248207114307        0.0038039647912063526
1.439985096062333         0.003938030272038096
1.4424919134126513        0.00394877702561635
1.446021685312083         0.003963950138314008
1.4484175557187633        0.0039742274706541
1.4730091804612073        0.004081232754283887
1.5239907541874955        0.004311875019860221
1.524347942072241         0.004313536100393371
1.5243711349926405        0.004313643978732689
1.5306198038981789        0.004342802326986328
1.5344900023581418        0.004360955495525662
1.5363635995970601        0.004369769311032442
1.572316376658503         0.0045421476937229826
1.5758697349422919        0.004559519873474437
1.5817054303726032        0.004588181160212983
1.5910466120151965        0.0046348264617153976
1.5967461899754793        0.004663504097534297
1.608907811660073         0.004725244904794809
1.6147048271113693        0.004754806968927414
1.6372127445747227        0.004871070968610941
1.6421099004160842        0.0048966797361057555
1.6666827248373062        0.005027880869880147
1.6673054543145573        0.005031254565883166
1.6690467518079495        0.005040592530502092
1.6809850514682045        0.005105196513253121
1.7265576166736585        0.0053611697591613855
1.7344306785261738        0.005406893756949382
1.7522543715143348        0.005512042844595106
1.7861835601793572        0.005718474115347927
1.794302795907359         0.005769091949012054
1.7990742051753192        0.005799057998710758
1.8015559027377905        0.005814708159042143
1.80482457740545          0.0058353882895482165
1.8226650178898924        0.005949323688377595
1.8296513347442835        0.00599451913049667
1.8668781453046057        0.006240581957692267
1.8779229129809702        0.006317007972162216
1.8918365989792993        0.006414861791373504
1.9373916567799674        0.006741695149145671
1.9552555476559847        0.006876174464835457
1.9565297596675681        0.006885901856667808
1.9592720938575714        0.006906980890347715
1.959522482805972         0.006908909214095231
1.9605795454949344        0.0069170568121737575
1.9610493187748137        0.0069206788332086015
1.9612144028736596        0.006921952163391842
1.9613239300520262        0.006922797116403819
2.0252167703778925        0.007435504084870248
2.0468477507441616        0.007618039949734962
2.0771634573467956        0.007881488982385646
2.090866701137172         0.0080034936818257
2.1113272640496685        0.008192960500476843
2.141540223385692         0.008482416551474024
2.1535983505851695        0.00860161529742056
2.1670269222870915        0.008734453500372904
2.1706423464603923        0.008770732315582742
2.181429796694717         0.008880275236807577
2.230964822190505         0.009408225294162619
2.262273078705384         0.009763036653151442
2.272896013734882         0.009887142233206516
2.2853614928339994        0.010035175934901726
2.3083312937958405        0.010314746809969782
2.3465409357546196        0.010799315444840394
2.3751496810093697        0.011178081217396642
2.3752763519335387        0.011179776810189404
2.3831988865963933        0.01128578512165706
2.3840094933181786        0.011297172697335408
2.399835105673513         0.011519121022353996
2.4179031072389128        0.01177905915247583
2.4326794723504883        0.011996259033630632
2.439146499358409         0.012092881369840608
2.454774331022929         0.012330300558626831
2.457908046574911         0.012378576921139927
2.481622711952214         0.012751154390062478
2.4875199427739743        0.01284579111631401
2.5095102473171966        0.013205659164584174
2.526293517702671         0.01348771653989215
2.5305659515539407        0.013560541689594578
2.535030013015384         0.01363797152414009
2.55783660191167          0.014042850617221464
2.569342218252304         0.014253006841960913
2.583161816464747         0.014508896847246502
2.591533227571917         0.01466517538310632
2.596468903737051         0.014757764085229892
2.6111332897102764        0.015034818758973726
2.6139677184571335        0.015089353100828868
2.635664393917134         0.015516124268862373
2.63566847407815          0.015516206076893196
2.635754204270118         0.015517925119036978
2.655140152962501         0.015913263056700044
2.657662271065001         0.015965664995969596
2.6610215604492984        0.016035807057497253
2.685424843113602         0.016557221573900546
2.7004904772066176        0.016886360028548875
2.7030211503578854        0.01694265612098426
2.7094295188159037        0.017085988185753576
2.7282669986874           0.017513746007507346
2.740544965627606         0.017797718182283886
2.7592165172096306        0.018237379990870443
2.7625030776795714        0.01831574507584388
2.775641732711407         0.018631942985545817
2.7941663524461506        0.019091786867127692
2.795297507944985         0.01912007258265714
2.8004540459457954        0.019249318437569163
2.8316597660344436        0.020042016993558176
2.833978698012138         0.020101645698031727
2.865443575884833         0.02092060695930333
2.865573958353351         0.02092403880580965
2.8657979302368073        0.020929659220407123
2.86606682482297          0.02093690675232306
2.893520663898255         0.021659309411935654
2.920327691127981         0.022392740074441992
2.936741844196615         0.022855505181107433
2.9490599343362667        0.023209614348562085
2.954315267786485         0.023362470678597265
2.9848676868564294        0.02424534128108259
3.0045236936391584        0.024810698061935445
3.008863403037613         0.024935240463735752
3.010298143270534         0.02497639293695673
3.0328713422673674        0.025622406824897668
3.040436697905731         0.02583830669207872
3.049902125509325         0.026107999335333552
3.0662810187545833        0.026573540287251993
3.0680972199129286        0.02662507414182554
3.0712327070755796        0.0267140005662649
3.085120475849558         0.02710091136773015
3.0876187220989237        0.027165866215837053
3.093430480442975         0.027316483884333193
3.118040314843725         0.027946691247896824
3.1351050864397347        0.028376483125458003
3.14421050451407          0.028620091349839803
3.189636197718321         0.02973514908232743
3.1907051625509575        0.029759376959831038
3.191524119820354         0.029777875879737813
3.201372947108785         0.029996092043809822
3.2021068256604885        0.0300120378948944
3.2151353938816425        0.0302878670228858
3.217310222976001         0.030332572125219004
3.23964726555773          0.03077322622407492
3.2579790011042964        0.031106670617827008
3.258417612068125         0.031112883693394464
3.2589745512711312        0.031120741518838476
3.2950274986966805        0.03155463806953627
3.2989516195317           0.03159551481570682
3.307324003455578         0.031678963359463956
3.308215220653741         0.03168848297989399
3.3137705128939414        0.03174545578324898
3.3167885950237923        0.03177469809562826
3.3228960342215355        0.03184106117397108
3.35692966060711          0.032071207365118995
3.3686199853612835        0.03209561623374754
3.3992761108775027        0.0320269119928639
3.3997154325534655        0.03202453086239744
3.399834568938496         0.032023878339656725
3.4084682529426025        0.03196886529448836
3.4165457734248204        0.031903596536044944
3.4224169077235076        0.03184778395843095
3.4589196276618956        0.031418534662948874
3.510580703643451         0.03031685263619073
3.513904459941178         0.030231945623502125
3.5150280340053186        0.03020285983039835
3.517015827547393         0.030150927411777502
3.522674471986308         0.030005401077637776
3.5255995784426326        0.029927912476386043
3.526614290968644         0.02990067168944333
3.543639047690137         0.029415958906787516
3.5847610108554884        0.02802975017580018
3.600528875402102         0.02741740370085748
3.607894259957839         0.027092128758982016
3.617956527172388         0.026623482725381235
3.6390410253428103        0.025550593274215987
3.643304187382659         0.025318705930617157
3.644214353784841         0.0252682989931131
3.644560252286555         0.02524918345476845
3.6455586008298884        0.025196620118114823
3.647200813490464         0.025110315177507316
3.671565763847096         0.02379417050997195
3.6943852065479295        0.022500904495795664
3.7133931694062605        0.02137889778963123
3.719720896674402         0.02099635920616944
3.7227348166855316        0.02081256987002933
3.7403345635006815        0.019668650047680838
3.7675631177507696        0.017849152942205626
3.7728374660396726        0.01748971869078847
3.7818950521186947        0.01686717596208747
3.7993926566232132        0.015653972276606812
3.816413701429501         0.014445810699725422
3.8559136939119565        0.011535685774743622
3.8810320540581627        0.009586153852500532
3.906916344128964         0.007547537861809696
3.9105740752013927        0.007257033461516806
3.9217799296244076        0.0063633026388505145
3.94167366105459          0.004762774744592375
3.9637646192227827        0.0029646497689214796
3.9755810198350727        0.0019938422763140684
3.987646165336858         9.961299725430414E-4
3.9904020201878554        7.673210137650743E-4
3.9961008045357063        2.930892935742459E-4
4.000538062630509         -8.005041220060559E-5
4.007132475076972         -6.265512551511161E-4
4.027657813256671         -0.0022848057491760073
4.05616058438199          -0.004583738436121356
4.068647140829772         -0.005583332304984055
4.079800308820538         -0.006471702881590243
4.0851273244283846        -0.006894517631321001
4.1110611471420055        -0.008939153812007484
4.1228863730689564        -0.009863872613273095
4.1314945745614775        -0.010534034623814633
4.135904043247625         -0.010876343186120081
4.145021438593965         -0.011582033775073112
4.17712560530814          -0.014044420754634326
4.18790502001244          -0.014864528282942838
4.209326741906734         -0.0164029759722033
4.2380136779848385        -0.01837283646651433
4.287106762334381         -0.021503920064979587
4.287793216699673         -0.02154555319494788
4.288808897985161         -0.021607045112078154
4.299753731723859         -0.02226144473855905
4.3071438317199116        -0.02269478732119155
4.31024156119471          -0.022872854400906712
4.311517977553852         -0.022945611083406956
4.320405289455658         -0.023442233688105777
4.327452617592037         -0.02382365476226651
4.342171966161445         -0.024584976405467168
4.3514312032714795        -0.025039404135630515
4.352088222407233         -0.025070931076826914
4.352235434065767         -0.025077981945429668
4.35252657694074          -0.02509330379743545
4.37131834274422          -0.02604599750007104
4.37960584538694          -0.02644346483439698
4.403458255067188         -0.027509922394427178
4.431197175045875         -0.028605473773021278
4.438564051830497         -0.02887028429979913
4.45434401545085          -0.02940058722516764
4.45468107606861          -0.02941136532991475
4.474874639066558         -0.030015177646327933
4.486631564459867         -0.030349543318672043
4.495800427283526         -0.03062021808238819
4.506559210076223         -0.030887714307237364
4.507362112771984         -0.030907022293230862
4.511443230240619         -0.031022632086845983
4.511934992021331         -0.0310363068872673
4.551693266327353         -0.031583845317236285
4.570529869741291         -0.03180864035708108
4.606078881639626         -0.032074992017269904
4.616043432117223         -0.03211261448953834
4.631277731325282         -0.03213878328421506
4.642632095015236         -0.03213363270286824
4.6688587893337345        -0.03204124400272115
4.682707850081736         -0.03194713266090531
4.687485585868974         -0.031907397808166635
4.695325867046913         -0.03183411370577941
4.698854149491021         -0.03179785867647844
4.714734320289183         -0.03160951116120977
4.716538876950426         -0.03158427934746312
4.719412849078191         -0.031543119436597516
4.756851404773575         -0.030897473994720374
4.759310621756031         -0.030847947222927493
4.760659822025486         -0.030820402668072847
4.770955280622534         -0.03060076464631373
4.78046150305373          -0.030416370833086764
4.826614704638277         -0.029433585916967445
4.828154856033373         -0.029398286728541723
4.829060876448898         -0.02937744584887495
4.846250238826041         -0.028971444675837912
4.853667991315473         -0.02878771576275699
4.854939979739184         -0.028755887870177396
4.858754251922449         -0.028659880950237106
4.909726136178485         -0.02729548076807194
4.91010674143729          -0.02728472301616124
4.916284182419046         -0.02710893744908223
4.948358346976141         -0.026190656439877932
4.987588648407685         -0.025027905161945672
4.987605253049666         -0.025027426283012865
4.988437462330961         -0.025003429063247533
4.992484253261154         -0.024886842371220116
5.018571167330254         -0.024139459049615085
5.020137814065027         -0.02409480495137035
5.023471675192953         -0.023999866685672812
5.089454169376944         -0.022145158344439603
5.098819856099238         -0.021890805178874536
5.105582419437096         -0.02170783559625558
5.1099135196862235        -0.021590955363514495
5.1168647330679615        -0.021401933003637085
5.130259228140131         -0.021041435415804843
5.152209548001858         -0.020461300854351144
5.162570153272824         -0.02019206404451521
5.16484092172697          -0.02013344763408947
5.17520193252323          -0.0198677877838642
5.18939719565457          -0.019508593975268346
5.212032565083378         -0.018947259696504806
5.219768323767716         -0.01875864077520457
5.2545002059493315        -0.017931998326090277
5.256522215995101         -0.01788489167465389
5.262317026275618         -0.0177560253427245
5.271584935539199         -0.01753215052447686
5.281773939899505         -0.01729279844094151
5.3182089813774           -0.01650101372866944
5.318707934775952         -0.016490419458395317
5.318880339439427         -0.016486760172559796
5.323954786548934         -0.01637937253971647
5.337392744262547         -0.016097958452262546
5.3449089751565655        -0.015941844588699794
5.357692044423249         -0.015679930946924214
5.359823178220742         -0.015636706107543714
5.362486618226433         -0.015582861592471218
5.365406854168242         -0.015524051470461762
5.36842034374568          -0.015463610969471325
5.373137022738212         -0.015369515147241119
5.394872286393607         -0.01494386793197221
5.409136309262086         -0.01467353578363182
5.414984522664387         -0.014561616500586308
5.423689820675226         -0.014397034082314113
5.436571980062647         -0.014160844337717974
5.462009302316938         -0.013713112400412508
5.4777820487301545        -0.013443078532209928
5.500153323532128         -0.013070037983715041
5.521095591055108         -0.012731415619939694
5.523054445108127         -0.012700265975018174
5.561187353928783         -0.012111725241577923
5.576491164998708         -0.011885074284669601
5.576679035649376         -0.011882325878833
5.576882864159136         -0.0118793449536263
5.578270683215864         -0.011859074341854082
5.584099587899318         -0.01177442791222183
5.587914623149452         -0.011719110792085497
5.593586540830984         -0.01163740405036608
5.596027179937676         -0.011602442217927247
5.634637427292363         -0.011065106639459407
5.637847296839166         -0.011021769162446427
5.638759287875312         -0.011009493436134823
5.656643155855676         -0.010772110647331802
5.656980633574667         -0.010767692222815092
5.686693588626031         -0.010388814316214903
5.691316343520135         -0.010331351858034082
5.697756673227129         -0.010251962250977513
5.720469842789792         -0.009978167189909508
5.734537234298129         -0.009813428307086102
5.742066306690808         -0.009727875714115914
5.7528270510970065        -0.00960519643574472
5.779766232573953         -0.00930898960209623
5.781164167520231         -0.00929388478723532
5.789214427748217         -0.00920741177808971
5.791418078890211         -0.009183892692674368
5.799519435922034         -0.009097989331074483
5.806432889540464         -0.009025379097886236
5.825175255388422         -0.008831762010418095
5.840334205569464         -0.008678614404493657
5.843727717391867         -0.008644753284301261
5.874837702656719         -0.008339534164417926
5.917284957578477         -0.007944163960219651
5.925852166573854         -0.007867316166203245
5.935599152470021         -0.007781197505272139
5.939252241213894         -0.007749239311413018
5.968928664962223         -0.007496054713401149
5.999636698581964         -0.007246128382550223
6.001929944181821         -0.007227956320052895
6.007050376587177         -0.00718712082632717
6.013018748839234         -0.00713981288879533
6.0299516504130315        -0.007007293815720929
6.033766331820505         -0.006977786291188015
6.054768895212158         -0.0068176091752178355
6.061273807446529         -0.00676878287855628
6.072376463573235         -0.006686495753734263
6.075850106497347         -0.0066609531767951305
6.108253146922044         -0.006427534657042628
6.117753395123849         -0.006360972874708313
6.134483167801855         -0.0062458246851815405
6.148147974361012         -0.006153727522947522
6.158173737392326         -0.006087274762073465
6.163725679675229         -0.0060508555245281075
6.173074663295361         -0.005990017943832915
6.191247186042395         -0.005873518420282886
6.199291539414535         -0.005822688696310843
6.204834596081389         -0.00578792836663956
6.221849368929227         -0.005682577149548717
6.229211580202203         -0.005637622431286599
6.251495454770451         -0.0055038738759841275
6.261153528682922         -0.0054469891687187804
6.274624002404592         -0.0053682104479985445
6.290270673190126         -0.005278245425195079
6.3027042703965           -0.005208815168439576
6.319191025308596         -0.0051179075029649775
6.3340690254682475        -0.005036869656607882
6.339760190398312         -0.005006178924361232
6.352160005211818         -0.004939900763996255
6.352603182835312         -0.004937545359891232
6.359221598900102         -0.00490250156620813
6.399595676239987         -0.004694076423078207
6.414269964037502         -0.0046206009635566345
6.415528132064571         -0.00461435774295473
6.447190869371524         -0.0044601823943789505
6.451748688657303         -0.0044384546289708065
6.4545947494023315        -0.004424946489752918
6.454671115082201         -0.004424583418444046
6.457137895464959         -0.004412869833429182
6.458873162510651         -0.004404646624990528
6.46112989431931          -0.004393972971563687
6.467540637066512         -0.004363779846747878
6.52003860406566          -0.004123635794617013
6.522543674779642         -0.004112493472026848
6.566559490090601         -0.003921422393033627
6.569766525530063         -0.003907848912759215
6.58035870675814          -0.003862980013974091
6.583315035311078         -0.003850538357169269
6.58814700138829          -0.003830393383631712
6.603494228163348         -0.003766932305901765
6.606809538775944         -0.003753327944097922
6.6574816218873245        -0.0035500162158991298
6.662393527146459         -0.0035307693433544174
6.675128287745317         -0.003481248890313283
6.678638581174228         -0.0034677172880115317
6.686778828610586         -0.0034365075768495075
6.690859685686457         -0.003420925470855037
6.721393906526142         -0.003306122212122994
6.746737817469472         -0.0032132277148932613
6.751514448899652         -0.0031959628808278973
6.757206836161322         -0.0031754888514063553
6.780836299737729         -0.003091671164238677
6.794062303882222         -0.0030453162089110414
6.802944263074129         -0.0030144533018498236
6.816809938848573         -0.0029667017446062417
6.821761071371874         -0.0029498325933706143
6.828119623076557         -0.002928254006016127
6.851580715645207         -0.002849470609885542
6.874823274526223         -0.0027726919595279995
6.9102838919624885        -0.0026581549923085437
6.9365780549327605        -0.0025752554496384214
6.943681487799878         -0.0025531565179536275
6.946282833620997         -0.002545095236211487
6.953086607960055         -0.0025240910931465586
6.971883106241284         -0.0024664365079006922
6.978169286784965         -0.002447323598349463
6.998982587611042         -0.002384645038768759
7.012536592737632         -0.00234436288765232
7.025017817032437         -0.0023075687152442196
7.0294470624294085        -0.002294580549666085
7.0471341534210445        -0.002243076315930299
7.062769138933547         -0.0021980282544812268
7.084697566440449         -0.0021356070125209594
7.090014538519794         -0.0021206053798793435
7.095285719231045         -0.0021057844211471097
7.098004426292715         -0.0020981602771499605
7.108915786739806         -0.002067640727582459
7.119526572044695         -0.0020381548463668693
7.136099622130516         -0.001992456536021656
7.149047357514021         -0.0019572739068086315
7.16674378506883          -0.0019095548379626948
7.179605761320058         -0.0018751381032849719
7.20990926676622          -0.0017949358889479488
7.247160400320909         -0.0016980493261699097
7.250863356047057         -0.0016885209556315472
7.2522517570807           -0.001684953135315116
7.261042545800995         -0.001662423726163455
7.277903752923078         -0.0016195145482562406
7.286068244665826         -0.0015988779461545799
7.323528768018459         -0.0015053701328536237
7.336690701524581         -0.0014728430846319943
7.3434760610163226        -0.0014561364025697336
7.347363212648515         -0.0014465928189812134
7.357689983556778         -0.001421373243665847
7.363677785847042         -0.00140679419931345
7.385813274270857         -0.0013532057457208973
7.397395546526376         -0.0013253785552861037
7.405269175344548         -0.0013065366569150279
7.424905315118557         -0.0012598111775041455
7.436644662907079         -0.0012320570244839786
7.455974808681858         -0.0011866508558521457
7.458500640022552         -0.0011807447600612375
7.491787595880128         -0.0011034944496948066
7.493445327705289         -0.001099675659524799
7.493743410888078         -0.001098989273596875
7.511732104700558         -0.001057728434906036
7.524498742027802         -0.0010285985503753973
7.528857981713262         -0.001018675331034288
7.545766079054166         -9.802987679157348E-4
7.554580378092308         -9.60363710588818E-4
7.556295051929526         -9.564913248602474E-4
7.565260033268011         -9.362749228906678E-4
7.582788605927579         -8.968924717743188E-4
7.592333740731842         -8.755276697801319E-4
7.596508537033418         -8.661928028186944E-4
7.600950882261631         -8.562729623958748E-4
7.613536532501835         -8.2824324479672E-4
7.631291526066203         -7.88875509523918E-4
7.6380429440256785        -7.739670042388844E-4
7.6715804422398675        -7.003473958696947E-4
7.672656286374236         -6.979941673461029E-4
7.672885566820402         -6.974927209813757E-4
7.673658912755858         -6.958015509711032E-4
7.689488972809262         -6.612421178145562E-4
7.696215514472623         -6.465905880517713E-4
7.716784710913221         -6.019115418167134E-4
7.735108666983432         -5.62266977141542E-4
7.735151474650063         -5.621745349309647E-4
7.735269508136431         -5.619196484202881E-4
7.74927201420425          -5.317322531553125E-4
7.757026563177993         -5.150509665980653E-4
7.782882514878925         -4.59618178729823E-4
7.795217304268499         -4.3327518051808106E-4
7.795792277312649         -4.320446399722065E-4
7.799890536596748         -4.232772017332717E-4
7.807466263365173         -4.0708672192656884E-4
7.822222585800168         -3.7570931430631655E-4
7.8447401003217125        -3.2787824850938135E-4
7.847785797565598         -3.2140931913749365E-4
7.870095931798646         -2.740666576979224E-4
7.8884608056483225        -2.3515285022873665E-4
7.889431461569285         -2.3309753216354756E-4
7.895811478762047         -2.195917202061367E-4
7.934235775863683         -1.3840574683584623E-4
7.980445135406294         -4.108264265077486E-5
7.983504589401358         -3.465103941077325E-5
7.997479297575139         -5.292298410415097E-6
7.999453728586406         -1.146828979331551E-6
8                         -3.44103393784417E-18
