0                         0
0.0137224450592681        4.10547906988416E-5
0.016966405533064752      5.076590305514788E-5
0.030149769142115507      9.025455369171783E-5
0.05376525523118598       1.6108310430975565E-4
0.07783947230245626       2.3340924317493046E-4
0.09271227525431121       2.7816000064968404E-4
0.09336438265685569       2.801227863141327E-4
0.10687673601920754       3.208132725832392E-4
0.10734141593838212       3.2221330281939604E-4
0.1175518759240618        3.5298495841984016E-4
0.12862387865889688       3.86371770530002E-4
0.16531902204377955       4.971623258269039E-4
0.1674434868003103        5.035830852806889E-4
0.19005249687244677       5.719601804704935E-4
0.20004607651345147       6.022661942686999E-4
0.21492743672688047       6.475091960409232E-4
0.2389048740497104        7.206948559884217E-4
0.2664784747324569        8.05296877985445E-4
0.28186892173445516       8.527228701359807E-4
0.294229369409534         8.909180063430798E-4
0.2971911863517595        9.000843890985662E-4
0.3125727405237838        9.477753271038295E-4
0.34418071236074527       0.0010462363621861139
0.34748459397122733       0.0010565638791945782
0.37844107716626724       0.0011536581556783616
0.38273562609469103       0.0011671609693015316
0.3858246167379231        0.0011768797204704403
0.38685519439404176       0.0011801392832816939
0.38744455879506723       0.0011820037439220282
0.39588153195255604       0.0012086890885455177
0.39892151855586067       0.0012183226885466687
0.4203510001448544        0.0012865042183906425
0.422882814972128         0.0012945903165066314
0.4316077494208846        0.0013225056720321483
0.44236886615675447       0.0013570418906373256
0.4451207153187632        0.0013658923628992374
0.4490950292045472        0.001378688042794432
0.4635345331499486        0.001425311945183815
0.4754065976097771        0.0014638213157932686
0.4799613313626395        0.001478638011976096
0.49294350558922717       0.0015209724507974686
0.5031643761280176        0.0015544331473964362
0.5140930691084798        0.0015903385447955652
0.5334214586268876        0.0016541630068993476
0.5390011504416554        0.0016726293787280332
0.5579481797029779        0.0017356921176776311
0.5662456256419484        0.0017634823935174556
0.5921830242290759        0.001851034117107756
0.5944103485683236        0.0018586005442208526
0.5989606597096506        0.001874082015153099
0.6153763745816341        0.001930196857099721
0.6165928473857496        0.001934371643504729
0.6247386014534341        0.001962385342054859
0.6490775515802311        0.0020467160529473514
0.6826147610874613        0.002164358249598737
0.6920986471178869        0.002197928820905238
0.7029630269588556        0.0022366471790993482
0.7052596878565011        0.002244857634513594
0.7260175075850144        0.002319545818375166
0.7463814810059062        0.00239354458422259
0.7511656744224786        0.0024110339715395636
0.7708054259082935        0.0024830371187684963
0.800865469452921         0.00259497875651871
0.807841369902419         0.002621256710341839
0.8183913629493487        0.0026612129470309637
0.8414587592759524        0.002749477560014918
0.8574500302235774        0.0028113918769721038
0.871981763233741         0.002868170527614433
0.884954445629718         0.00291924316583051
0.8880699380481157        0.0029315649196544847
0.9022183148332683        0.0029877958062818205
0.9314980757512676        0.0031055915608687143
0.9498406871242223        0.0031806640878006267
0.950072855230696         0.0031816176201430024
0.9502926304146855        0.0031825212235123265
0.992299439250437         0.0033578523673823387
1.000540132090762         0.0033928841616719446
1.0017489686222172        0.003398030705350767
1.0090137315208734        0.003429058397188489
1.0443832144911853        0.0035825321185576782
1.0498299821278767        0.0036065219775404367
1.0663503101454597        0.0036798647398384697
1.0985847771631296        0.0038254840979389465
1.1130881321309873        0.0038920869561213356
1.1296377331291143        0.003968908406072401
1.1309516516687026        0.003975045003402706
1.1342722489278265        0.003990640205706987
1.1371337962499557        0.004004111689048545
1.1434601122175052        0.0040340003146148605
1.1482347654172909        0.004056654632881371
1.158718755180701         0.0041066893471236095
1.1771844536123122        0.004195790043677319
1.1858301492466046        0.0042379340558945065
1.193306573699849         0.004274597854460185
1.2171390412955678        0.004392829052548385
1.2172371691339305        0.0043933209453469796
1.217282919778176         0.004393550222388471
1.2466454645601939        0.004542200216505474
1.2633730105006433        0.00462870723468413
1.265970656236422         0.00464225971432618
1.2906342966668214        0.004772524753325009
1.2934028125105699        0.0047873266615161385
1.2995720715286174        0.004820441041949963
1.3147395292654973        0.004902619601111626
1.3234627936118764        0.004950375657657848
1.366100543697936         0.005189020700930917
1.404427761847403         0.00541174698890821
1.4075197057569084        0.005430053542168382
1.4082248207114307        0.005434235416009089
1.439985096062333         0.005625757531483007
1.4424919134126513        0.005641110036594799
1.446021685312083         0.005662785911877167
1.4484175557187633        0.005677467815220157
1.4730091804612073        0.005830332506119851
1.5239907541874955        0.006159821456943187
1.524347942072241         0.006162194429133403
1.5243711349926405        0.006162348541046714
1.5306198038981789        0.0062040033242661986
1.5344900023581418        0.006229936422179532
1.5363635995970601        0.006242527587189216
1.572316376658503         0.006488782419604278
1.5758697349422919        0.006513599819249214
1.5817054303726032        0.006554544514589992
1.5910466120151965        0.006621180659593443
1.5967461899754793        0.0066621487107632995
1.608907811660073         0.0067503498639926015
1.6147048271113693        0.0067925813841820375
1.6372127445747227        0.0069586728123013615
1.6421099004160842        0.0069952567658653824
1.6666827248373062        0.007182686956971657
1.6673054543145573        0.007187506522690254
1.6690467518079495        0.007200846472145866
1.6809850514682045        0.007293137876075905
1.7265576166736585        0.007658813941659141
1.7344306785261738        0.007724133938499135
1.7522543715143348        0.00787434692085017
1.7861835601793572        0.008169248736211344
1.794302795907359         0.008241559927160098
1.7990742051753192        0.008284368569586819
1.8015559027377905        0.008306725941488796
1.80482457740545          0.008336268985068902
1.8226650178898924        0.008499033840539443
1.8296513347442835        0.008563598757852406
1.8668781453046057        0.008915117082417547
1.8779229129809702        0.0090242971030889
1.8918365989792993        0.009164088273390745
1.9373916567799674        0.009630993070208127
1.9552555476559847        0.009823106378336393
1.9565297596675681        0.009837002652382607
1.9592720938575714        0.009867115557639614
1.959522482805972         0.009869870305850357
1.9605795454949344        0.009881509731676822
1.9610493187748137        0.00988668404744088
1.9612144028736596        0.009888503090559796
1.9613239300520262        0.009889710166291196
2.0252167703778925        0.010622148692671808
2.0468477507441616        0.010882914213907115
2.0771634573467956        0.011259269974836662
2.090866701137172         0.011433562402608167
2.1113272640496685        0.011704229286395517
2.141540223385692         0.012117737930677207
2.1535983505851695        0.012288021853457976
2.1670269222870915        0.01247779071481847
2.1706423464603923        0.012529617593689665
2.181429796694717         0.01268610748115372
2.230964822190505         0.013440321848803774
2.262273078705384         0.013947195218787806
2.272896013734882         0.014124488904580769
2.2853614928339994        0.014335965621288214
2.3083312937958405        0.014735352585671154
2.3465409357546196        0.015427593492629173
2.3751496810093697        0.015968687453423818
2.3752763519335387        0.015971109728842053
2.3831988865963933        0.01612255017379585
2.3840094933181786        0.016138818139050628
2.399835105673513         0.01645588717479147
2.4179031072389128        0.01682722736067981
2.4326794723504883        0.01713751290518666
2.439146499358409         0.01727554481405806
2.454774331022929         0.017614715083752664
2.457908046574911         0.01768368131591423
2.481622711952214         0.018215934842946452
2.4875199427739743        0.01835113016616292
2.5095102473171966        0.01886522737797745
2.526293517702671         0.01926816648556027
2.5305659515539407        0.01937220241370659
2.535030013015384         0.01948281646305733
2.55783660191167          0.020061215167459293
2.569342218252304         0.020361438345658504
2.583161816464747         0.02072699549606649
2.591533227571917         0.020950250547294803
2.596468903737051         0.021082520121757046
2.6111332897102764        0.02147831251281967
2.6139677184571335        0.02155621871546988
2.635664393917134         0.0221658918126606
2.63566847407815          0.022166008681276057
2.635754204270118         0.02216846445576717
2.655140152962501         0.022733232938142986
2.657662271065001         0.022808092851385204
2.6610215604492984        0.022908295796424713
2.685424843113602         0.023653173677000844
2.7004904772066176        0.024123371469355604
2.7030211503578854        0.024203794458549012
2.7094295188159037        0.024408554551076607
2.7282669986874           0.025019637153581995
2.740544965627606         0.025425311688977045
2.7592165172096306        0.026053399986957843
2.7625030776795714        0.026165350108348473
2.775641732711407         0.026617061407922662
2.7941663524461506        0.02727398123875391
2.795297507944985         0.027314389403795984
2.8004540459457954        0.027499026339384586
2.8316597660344436        0.028631452847940317
2.833978698012138         0.02871663671147397
2.865443575884833         0.0298865813704334
2.865573958353351         0.029891484008299576
2.8657979302368073        0.029899513172010256
2.86606682482297          0.02990986678903302
2.893520663898255         0.030941870588479584
2.920327691127981         0.03198962867777434
2.936741844196615         0.0326507216872964
2.9490599343362667        0.03315659192651733
2.954315267786485         0.033374958112281874
2.9848676868564294        0.034636201830118056
3.0045236936391584        0.035443854374193576
3.008863403037613         0.03562177209105115
3.010298143270534         0.03568056133850969
3.0328713422673674        0.03660343832128246
3.040436697905731         0.036911866702969684
3.049902125509325         0.03729714190761944
3.0662810187545833        0.037962200410360074
3.0680972199129286        0.03803582020260799
3.0712327070755796        0.03816285795180707
3.085120475849558         0.03871558766818601
3.0876187220989237        0.038808380308338726
3.093430480442975         0.03902354840619035
3.118040314843725         0.039923844639852685
3.1351050864397347        0.040537833036368646
3.14421050451407          0.0408858447854855
3.189636197718321         0.04247878440332498
3.1907051625509575        0.04251339565690156
3.191524119820354         0.04253982268533982
3.201372947108785         0.04285156006258553
3.2021068256604885        0.04287433984984923
3.2151353938816425        0.043268381461265513
3.217310222976001         0.04333224589317009
3.23964726555773          0.04396175174867854
3.2579790011042964        0.0444381008826101
3.258417612068125         0.04444697670484932
3.2589745512711312        0.044458202169769354
3.2950274986966805        0.04507805438505189
3.2989516195317           0.045136449736724114
3.307324003455578         0.04525566194209144
3.308215220653741         0.04526926139984863
3.3137705128939414        0.0453506511189272
3.3167885950237923        0.04539242585089759
3.3228960342215355        0.045487230248530186
3.35692966060711          0.04581601052159865
3.3686199853612835        0.045850880333925134
3.3992761108775027        0.04575273141837708
3.3997154325534655        0.045749329803425
3.399834568938496         0.045748397628081125
3.4084682529426025        0.04566980756355489
3.4165457734248204        0.04557656648006429
3.4224169077235076        0.04549683422633003
3.4589196276618956        0.0448836209470699
3.510580703643451         0.04330978948027253
3.513904459941178         0.04318849374786024
3.5150280340053186        0.043146942614854834
3.517015827547393         0.0430727534453965
3.522674471986308         0.04286485868233975
3.5255995784426326        0.042754160680551566
3.526614290968644         0.04271524527063338
3.543639047690137         0.042022798438267936
3.5847610108554884        0.040042500251143164
3.600528875402102         0.03916771957265359
3.607894259957839         0.03870304108426005
3.617956527172388         0.03803354675054466
3.6390410253428103        0.0365008475345943
3.643304187382659         0.036169579900881675
3.644214353784841         0.036097569990161615
3.644560252286555         0.03607026207824068
3.6455586008298884        0.035995171597306926
3.647200813490464         0.035871878825010486
3.671565763847096         0.03399167215710282
3.6943852065479295        0.032144149279708115
3.7133931694062605        0.03054128255661605
3.719720896674402         0.02999479886595635
3.7227348166855316        0.029732242671470475
3.7403345635006815        0.028098071496686902
3.7675631177507696        0.025498789917436603
3.7728374660396726        0.02498531241541209
3.7818950521186947        0.02409596566012494
3.7993926566232132        0.022362817538009706
3.816413701429501         0.02063687242817914
3.8559136939119565        0.016479551106776555
3.8810320540581627        0.013694505503572126
3.906916344128964         0.010782196945442347
3.9105740752013927        0.010367190659309643
3.9217799296244076        0.009090432341214937
3.94167366105459          0.006803963920846158
3.9637646192227827        0.004235213955602009
3.9755810198350727        0.002848346109019988
3.987646165336858         0.001423042817918514
3.9904020201878554        0.0010961728768071307
3.9961008045357063        4.1869899082022937E-4
4.000538062630509         -1.1435773171527414E-4
4.007132475076972         -8.950732216445784E-4
4.027657813256671         -0.00326400821310872
4.05616058438199          -0.006548197765887804
4.068647140829772         -0.00797618900712024
4.079800308820538         -0.009245289830843368
4.0851273244283846        -0.009849310901887308
4.1110611471420055        -0.012770219731439443
4.1228863730689564        -0.014091246590390322
4.1314945745614775        -0.01504862089116395
4.135904043247625         -0.015537633123028883
4.145021438593965         -0.016545762535818933
4.17712560530814          -0.020063458220906397
4.18790502001244          -0.02123504040420427
4.209326741906734         -0.023432822817433523
4.2380136779848385        -0.026246909237877862
4.287106762334381         -0.03071988580711396
4.287793216699673         -0.030779361707068666
4.288808897985161         -0.03086720730296906
4.299753731723859         -0.03180206391222748
4.3071438317199116        -0.03242112474455963
4.31024156119471          -0.03267550628700987
4.311517977553852         -0.03277944440486735
4.320405289455658         -0.033488905268722814
4.327452617592037         -0.034033792517523864
4.342171966161445         -0.03512139486495337
4.3514312032714795        -0.03577057733661532
4.352088222407233         -0.035815615824038735
4.352235434065767         -0.03582568849347124
4.35252657694074          -0.0358475768534795
4.37131834274422          -0.03720856785724465
4.37960584538694          -0.037776378334853124
4.403458255067188         -0.03929988913489628
4.431197175045875         -0.040864962532887864
4.438564051830497         -0.04124326328542764
4.45434401545085          -0.04200083889309697
4.45468107606861          -0.04201623618559284
4.474874639066558         -0.042878825209040225
4.486631564459867         -0.043356490455246116
4.495800427283526         -0.04374316868912634
4.506559210076223         -0.04412530615319658
4.507362112771984         -0.04415288899033014
4.511443230240619         -0.044318045838351736
4.511934992021331         -0.04433758126752504
4.551693266327353         -0.045119779024623614
4.570529869741291         -0.045440914795830456
4.606078881639626         -0.04582141716752877
4.616043432117223         -0.04587516355648369
4.631277731325282         -0.045912547548879
4.642632095015236         -0.0459051895755264
4.6688587893337345        -0.04577320571817341
4.682707850081736         -0.04563876094415079
4.687485585868974         -0.04558199686880983
4.695325867046913         -0.04547730529397093
4.698854149491021         -0.045425512394969544
4.714734320289183         -0.0451564445160143
4.716538876950426         -0.045120399067804795
4.719412849078191         -0.045061599195139634
4.756851404773575         -0.044139248563886575
4.759310621756031         -0.04406849603275388
4.760659822025486         -0.044029146668675814
4.770955280622534         -0.04371537806616279
4.78046150305373          -0.043451958332981405
4.826614704638277         -0.04204797988138236
4.828154856033373         -0.041997552469345625
4.829060876448898         -0.04196777978410737
4.846250238826041         -0.04138777810834018
4.853667991315473         -0.04112530823251028
4.854939979739184         -0.041079839814539436
4.858754251922449         -0.04094268707176759
4.909726136178485         -0.03899354395438877
4.91010674143729          -0.038978175737373486
4.916284182419046         -0.03872705349868918
4.948358346976141         -0.03741522348554017
4.987588648407685         -0.03575415023135123
4.987605253049666         -0.035753466118590066
4.988437462330961         -0.035719184376068164
4.992484253261154         -0.03555263195888614
5.018571167330254         -0.03448494149945037
5.020137814065027         -0.03442114993052932
5.023471675192953         -0.0342855238366757
5.089454169376944         -0.03163594049205679
5.098819856099238         -0.03127257882696383
5.105582419437096         -0.03101119370893677
5.1099135196862235        -0.030844221947878073
5.1168647330679615        -0.03057419000519606
5.130259228140131         -0.03005919345114999
5.152209548001858         -0.029230429791930412
5.162570153272824         -0.02884580577787908
5.16484092172697          -0.02876206804869945
5.17520193252323          -0.028382553976949068
5.18939719565457          -0.027869419964669268
5.212032565083378         -0.02706751385214992
5.219768323767716         -0.026798058250292425
5.2545002059493315        -0.025617140465843426
5.256522215995101         -0.02554984524950572
5.262317026275618         -0.025365750489606598
5.271584935539199         -0.025045929320681396
5.281773939899505         -0.024703997772773753
5.3182089813774           -0.02357287675524223
5.318707934775952         -0.023557742083422054
5.318880339439427         -0.023552514532228456
5.323954786548934         -0.02339910362816655
5.337392744262547         -0.022997083503232374
5.3449089751565655        -0.02277406369814273
5.357692044423249         -0.02239990135274904
5.359823178220742         -0.022338151582205472
5.362486618226433         -0.02226123084638762
5.365406854168242         -0.022177216386374113
5.36842034374568          -0.022090872813530633
5.373137022738212         -0.02195645021034462
5.394872286393607         -0.02134838275996045
5.409136309262086         -0.02096219397661704
5.414984522664387         -0.02080230928655202
5.423689820675226         -0.02056719154616317
5.436571980062647         -0.020229777625311536
5.462009302316938         -0.019590160572018005
5.4777820487301545        -0.019204397903157176
5.500153323532128         -0.018671482833878754
5.521095591055108         -0.018187736599913965
5.523054445108127         -0.018143237107168943
5.561187353928783         -0.017302464630825715
5.576491164998708         -0.016978677549528115
5.576679035649376         -0.016974751255475828
5.576882864159136         -0.016970492790894832
5.578270683215864         -0.016941534774077373
5.584099587899318         -0.01682061130317416
5.587914623149452         -0.016741586845836536
5.593586540830984         -0.016624862929094507
5.596027179937676         -0.01657491745418189
5.634637427292363         -0.01580729519922783
5.637847296839166         -0.015745384517780715
5.638759287875312         -0.01572784776590699
5.656643155855676         -0.015388729496188393
5.656980633574667         -0.015382417461164522
5.686693588626031         -0.014841163308878535
5.691316343520135         -0.014759074082905933
5.697756673227129         -0.014645660358539408
5.720469842789792         -0.014254524557013683
5.734537234298129         -0.014019183295837385
5.742066306690808         -0.013896965305879977
5.7528270510970065        -0.013721709193921124
5.779766232573953         -0.013298556574423281
5.781164167520231         -0.01327697826747912
5.789214427748217         -0.013153445397271105
5.791418078890211         -0.013119846703820614
5.799519435922034         -0.01299712761582078
5.806432889540464         -0.01289339871126614
5.825175255388422         -0.012616802872025936
5.840334205569464         -0.012398020577848164
5.843727717391867         -0.012349647549001884
5.874837702656719         -0.01191362023488283
5.917284957578477         -0.011348805657456721
5.925852166573854         -0.011239023094576141
5.935599152470021         -0.01111599643610313
5.939252241213894         -0.011070341873447244
5.968928664962223         -0.01070864959057314
5.999636698581964         -0.010351611975071815
6.001929944181821         -0.010325651885789915
6.007050376587177         -0.010267315466181742
6.013018748839234         -0.01019973269827911
6.0299516504130315        -0.010010419736744252
6.033766331820505         -0.00996826613026866
6.054768895212158         -0.009739441678882688
6.061273807446529         -0.009669689826509037
6.072376463573235         -0.009552136791049014
6.075850106497347         -0.009515647395421678
6.108253146922044         -0.009182192367203816
6.117753395123849         -0.00908710410672622
6.134483167801855         -0.008922606693116546
6.148147974361012         -0.008791039318496518
6.158173737392326         -0.00869610680296215
6.163725679675229         -0.008644079320754495
6.173074663295361         -0.008557168491189935
6.191247186042395         -0.008390740600404178
6.199291539414535         -0.008318126709015545
6.204834596081389         -0.008268469095199427
6.221849368929227         -0.00811796735649822
6.229211580202203         -0.008053746330409478
6.251495454770451         -0.007862676965691665
6.261153528682922         -0.0077814130981697415
6.274624002404592         -0.0076688720685693995
6.290270673190126         -0.007540350607421588
6.3027042703965           -0.007441164526342298
6.319191025308596         -0.007311296432807157
6.3340690254682475        -0.007195528080868447
6.339760190398312         -0.007151684177658944
6.352160005211818         -0.007057001091423264
6.352603182835312         -0.007053636228416088
6.359221598900102         -0.007003573666011658
6.399595676239987         -0.006705823461540339
6.414269964037502         -0.006600858519366662
6.415528132064571         -0.006591939632792512
6.447190869371524         -0.006371689134827111
6.451748688657303         -0.006340649469958335
6.4545947494023315        -0.006321352128218494
6.454671115082201         -0.0063208334549201065
6.457137895464959         -0.006304099762041729
6.458873162510651         -0.0062923523214150805
6.46112989431931          -0.006277104245091021
6.467540637066512         -0.006233971209639865
6.52003860406566          -0.005890908278024342
6.522543674779642         -0.0058749906743241044
6.566559490090601         -0.005602031990048073
6.569766525530063         -0.0055826413039417695
6.58035870675814          -0.005518542877105877
6.583315035311078         -0.005500769081670417
6.58814700138829          -0.005471990548045334
6.603494228163348         -0.005381331865573983
6.606809538775944         -0.005361897062997065
6.6574816218873245        -0.005071451736998788
6.662393527146459         -0.005043956204792056
6.675128287745317         -0.004973212700447578
6.678638581174228         -0.004953881840016504
6.686778828610586         -0.00490929653835647
6.690859685686457         -0.0048870363869357985
6.721393906526142         -0.004723031731604306
6.746737817469472         -0.0045903253069904
6.751514448899652         -0.004565661258325594
6.757206836161322         -0.004536412644866248
6.780836299737729         -0.004416673091769564
6.794062303882222         -0.004350451727015798
6.802944263074129         -0.0043063618597854875
6.816809938848573         -0.004238145349437513
6.821761071371874         -0.004214046561958043
6.828119623076557         -0.004183220008594491
6.851580715645207         -0.004070672299836509
6.874823274526223         -0.003960988513611449
6.9102838919624885        -0.00379736427472651
6.9365780549327605        -0.0036789363566263355
6.943681487799878         -0.003647366454219488
6.946282833620997         -0.003635850337445001
6.953086607960055         -0.0036058444187808173
6.971883106241284         -0.003523480725572437
6.978169286784965         -0.00349617656907068
6.998982587611042         -0.0034066357696696747
7.012536592737632         -0.0033490898395033336
7.025017817032437         -0.0032965267360631893
7.0294470624294085        -0.003277972213808711
7.0471341534210445        -0.003204394737043302
7.062769138933547         -0.0031400403635446278
7.084697566440449         -0.003050867160744246
7.090014538519794         -0.0030294362569705077
7.095285719231045         -0.0030082634587816027
7.098004426292715         -0.0029973718244999618
7.108915786739806         -0.002953772467974959
7.119526572044695         -0.0029116497805241164
7.136099622130516         -0.0028463664800309546
7.149047357514021         -0.0027961055811552052
7.16674378506883          -0.0027279354828038662
7.179605761320058         -0.002678768718978547
7.20990926676622          -0.0025641941270685134
7.247160400320909         -0.0024257847516713136
7.250863356047057         -0.0024121727937593674
7.2522517570807           -0.002407075907593036
7.261042545800995         -0.0023748910373763777
7.277903752923078         -0.0023135922117946428
7.286068244665826         -0.002284111351649413
7.323528768018459         -0.0021505287612194747
7.336690701524581         -0.002104061549474289
7.3434760610163226        -0.0020801948608139163
7.347363212648515         -0.0020665611699731733
7.357689983556778         -0.0020305332052369352
7.363677785847042         -0.0020097059990192246
7.385813274270857         -0.001933151065315578
7.397395546526376         -0.0018933979361230155
7.405269175344548         -0.0018664809384500499
7.424905315118557         -0.001799730253577361
7.436644662907079         -0.0017600814635485506
7.455974808681858         -0.0016952155083602178
7.458500640022552         -0.0016867782286589205
7.491787595880128         -0.0015764206424211612
7.493445327705289         -0.0015709652278925784
7.493743410888078         -0.0015699846765669734
7.511732104700558         -0.0015110406212943462
7.524498742027802         -0.0014694265005362904
7.528857981713262         -0.0014552504729061341
7.545766079054166         -0.001400426811308201
7.554580378092308         -0.0013719481579840343
7.556295051929526         -0.00136641617837179
7.565260033268011         -0.0013375356041295334
7.582788605927579         -0.0012812749596776065
7.592333740731842         -0.001250753813971625
7.596508537033418         -0.0012374182897409995
7.600950882261631         -0.0012232470891369721
7.613536532501835         -0.0011832046354238932
7.631291526066203         -0.0011269650136056038
7.6380429440256785        -0.0011056671489126989
7.6715804422398675        -0.0010004962798138557
7.672656286374236         -9.97134524780153E-4
7.672885566820402         -9.964181728305426E-4
7.673658912755858         -9.940022156730106E-4
7.689488972809262         -9.446315968779432E-4
7.696215514472623         -9.237008400739647E-4
7.716784710913221         -8.598736311667387E-4
7.735108666983432         -8.032385387736364E-4
7.735151474650063         -8.031064784728118E-4
7.735269508136431         -8.027423548861309E-4
7.74927201420425          -7.596175045075942E-4
7.757026563177993         -7.357870951400977E-4
7.782882514878925         -6.565973981854656E-4
7.795217304268499         -6.189645435972623E-4
7.795792277312649         -6.172066285317275E-4
7.799890536596748         -6.046817167618202E-4
7.807466263365173         -5.815524598951018E-4
7.822222585800168         -5.367275918661698E-4
7.8447401003217125        -4.683974978705476E-4
7.847785797565598         -4.591561701964221E-4
7.870095931798646         -3.9152379671132E-4
7.8884608056483225        -3.359326431839116E-4
7.889431461569285         -3.329964745193556E-4
7.895811478762047         -3.1370245743734003E-4
7.934235775863683         -1.977224954797816E-4
7.980445135406294         -5.868948950110729E-5
7.983504589401358         -4.950148487253355E-5
7.997479297575139         -7.560426300593043E-6
7.999453728586406         -1.6383271133307977E-6
8                         -4.915762768348845E-18
