0                         0
0.0137224450592681        8.210958139768286E-5
0.016966405533064752      1.0153180611029536E-4
0.030149769142115507      1.8050910738343494E-4
0.05376525523118598       3.2216620861951015E-4
0.07783947230245626       4.668184863498591E-4
0.09271227525431121       5.563200012993659E-4
0.09336438265685569       5.602455726282633E-4
0.10687673601920754       6.416265451664759E-4
0.10734141593838212       6.444266056387896E-4
0.1175518759240618        7.059699168396777E-4
0.12862387865889688       7.727435410600012E-4
0.16531902204377955       9.943246516538038E-4
0.1674434868003103        0.0010071661705613744
0.19005249687244677       0.001143920360940983
0.20004607651345147       0.0012045323885373953
0.21492743672688047       0.0012950183920818416
0.2389048740497104        0.0014413897119768385
0.2664784747324569        0.0016105937559708849
0.28186892173445516       0.0017054457402719558
0.294229369409534         0.0017818360126861542
0.2971911863517595        0.001800168778197126
0.3125727405237838        0.0018955506542076524
0.34418071236074527       0.0020924727243722212
0.34748459397122733       0.0021131277583891495
0.37844107716626724       0.0023073163113567162
0.38273562609469103       0.0023343219386030563
0.3858246167379231        0.002353759440940873
0.38685519439404176       0.00236027856656338
0.38744455879506723       0.00236400748784405
0.39588153195255604       0.0024173781770910284
0.39892151855586067       0.00243664537709333
0.4203510001448544        0.0025730084367812764
0.422882814972128         0.0025891806330132546
0.4316077494208846        0.0026450113440642884
0.44236886615675447       0.0027140837812746413
0.4451207153187632        0.002731784725798466
0.4490950292045472        0.002757376085588855
0.4635345331499486        0.0028506238903676195
0.4754065976097771        0.0029276426315865277
0.4799613313626395        0.002957276023952182
0.49294350558922717       0.003041944901594927
0.5031643761280176        0.003108866294792863
0.5140930691084798        0.00318067708959112
0.5334214586268876        0.0033083260137986843
0.5390011504416554        0.003345258757456055
0.5579481797029779        0.00347138423535525
0.5662456256419484        0.0035269647870348987
0.5921830242290759        0.0037020682342155
0.5944103485683236        0.003717201088441692
0.5989606597096506        0.0037481640303061855
0.6153763745816341        0.0038603937141994294
0.6165928473857496        0.0038687432870094444
0.6247386014534341        0.003924770684109704
0.6490775515802311        0.00409343210589469
0.6826147610874613        0.00432871649919746
0.6920986471178869        0.0043958576418104646
0.7029630269588556        0.004473294358198684
0.7052596878565011        0.004489715269027174
0.7260175075850144        0.004639091636750318
0.7463814810059062        0.004787089168445166
0.7511656744224786        0.004822067943079113
0.7708054259082935        0.004966074237536977
0.800865469452921         0.005189957513037404
0.807841369902419         0.005242513420683661
0.8183913629493487        0.00532242589406191
0.8414587592759524        0.005498955120029818
0.8574500302235774        0.005622783753944188
0.871981763233741         0.005736341055228848
0.884954445629718         0.005838486331661
0.8880699380481157        0.00586312983930895
0.9022183148332683        0.005975591612563622
0.9314980757512676        0.006211183121737407
0.9498406871242223        0.006361328175601231
0.950072855230696         0.006363235240285983
0.9502926304146855        0.006365042447024632
0.992299439250437         0.006715704734764653
1.000540132090762         0.006785768323343867
1.0017489686222172        0.006796061410701511
1.0090137315208734        0.006858116794376954
1.0443832144911853        0.007165064237115332
1.0498299821278767        0.00721304395508085
1.0663503101454597        0.0073597294796769125
1.0985847771631296        0.007650968195877867
1.1130881321309873        0.007784173912242643
1.1296377331291143        0.007937816812144774
1.1309516516687026        0.007950090006805384
1.1342722489278265        0.007981280411413948
1.1371337962499557        0.008008223378097062
1.1434601122175052        0.008068000629229691
1.1482347654172909        0.008113309265762713
1.158718755180701         0.008213378694247188
1.1771844536123122        0.008391580087354609
1.1858301492466046        0.008475868111788984
1.193306573699849         0.00854919570892034
1.2171390412955678        0.008785658105096737
1.2172371691339305        0.00878664189069393
1.217282919778176         0.00878710044477691
1.2466454645601939        0.009084400433010916
1.2633730105006433        0.009257414469368227
1.265970656236422         0.009284519428652329
1.2906342966668214        0.009545049506649982
1.2934028125105699        0.009574653323032242
1.2995720715286174        0.009640882083899894
1.3147395292654973        0.009805239202223218
1.3234627936118764        0.009900751315315662
1.366100543697936         0.010378041401861798
1.404427761847403         0.010823493977816382
1.4075197057569084        0.010860107084336726
1.4082248207114307        0.01086847083201814
1.439985096062333         0.011251515062965975
1.4424919134126513        0.011282220073189561
1.446021685312083         0.011325571823754293
1.4484175557187633        0.011354935630440275
1.4730091804612073        0.011660665012239661
1.5239907541874955        0.012319642913886332
1.524347942072241         0.012324388858266762
1.5243711349926405        0.012324697082093381
1.5306198038981789        0.012408006648532354
1.5344900023581418        0.012459872844359019
1.5363635995970601        0.012485055174378387
1.572316376658503         0.01297756483920851
1.5758697349422919        0.013027199638498379
1.5817054303726032        0.013109089029179939
1.5910466120151965        0.013242361319186838
1.5967461899754793        0.01332429742152655
1.608907811660073         0.013500699727985156
1.6147048271113693        0.013585162768364028
1.6372127445747227        0.01391734562460268
1.6421099004160842        0.013990513531730722
1.6666827248373062        0.014365373913943266
1.6673054543145573        0.014375013045380459
1.6690467518079495        0.014401692944291684
1.6809850514682045        0.014586275752151764
1.7265576166736585        0.015317627883318231
1.7344306785261738        0.01544826787699822
1.7522543715143348        0.015748693841700283
1.7861835601793572        0.01633849747242264
1.794302795907359         0.016483119854320147
1.7990742051753192        0.01656873713917359
1.8015559027377905        0.01661345188297754
1.80482457740545          0.016672537970137753
1.8226650178898924        0.01699806768107883
1.8296513347442835        0.01712719751570476
1.8668781453046057        0.017830234164835042
1.8779229129809702        0.01804859420617775
1.8918365989792993        0.018328176546781434
1.9373916567799674        0.0192619861404162
1.9552555476559847        0.019646212756672735
1.9565297596675681        0.019674005304765166
1.9592720938575714        0.019734231115279183
1.959522482805972         0.019739740611700658
1.9605795454949344        0.019763019463353595
1.9610493187748137        0.019773368094881713
1.9612144028736596        0.019777006181119543
1.9613239300520262        0.01977942033258234
2.0252167703778925        0.02124429738534356
2.0468477507441616        0.021765828427814174
2.0771634573467956        0.022518539949673264
2.090866701137172         0.022867124805216278
2.1113272640496685        0.02340845857279097
2.141540223385692         0.02423547586135435
2.1535983505851695        0.024576043706915886
2.1670269222870915        0.024955581429636876
2.1706423464603923        0.025059235187379257
2.181429796694717         0.02537221496230737
2.230964822190505         0.02688064369760748
2.262273078705384         0.027894390437575554
2.272896013734882         0.028248977809161475
2.2853614928339994        0.028671931242576366
2.3083312937958405        0.029470705171342242
2.3465409357546196        0.030855186985258284
2.3751496810093697        0.03193737490684757
2.3752763519335387        0.03194221945768404
2.3831988865963933        0.03224510034759163
2.3840094933181786        0.03227763627810119
2.399835105673513         0.03291177434958286
2.4179031072389128        0.03365445472135954
2.4326794723504883        0.03427502581037324
2.439146499358409         0.034551089628116045
2.454774331022929         0.03522943016750524
2.457908046574911         0.03536736263182839
2.481622711952214         0.03643186968589282
2.4875199427739743        0.03670226033232576
2.5095102473171966        0.03773045475595481
2.526293517702671         0.038536332971120454
2.5305659515539407        0.0387444048274131
2.535030013015384         0.03896563292611457
2.55783660191167          0.0401224303349185
2.569342218252304         0.04072287669131692
2.583161816464747         0.04145399099213289
2.591533227571917         0.04190050109458952
2.596468903737051         0.04216504024351401
2.6111332897102764        0.04295662502563925
2.6139677184571335        0.04311243743093967
2.635664393917134         0.04433178362532109
2.63566847407815          0.04433201736255202
2.635754204270118         0.04433692891153425
2.655140152962501         0.045466465876285875
2.657662271065001         0.04561618570277031
2.6610215604492984        0.045816591592849336
2.685424843113602         0.04730634735400159
2.7004904772066176        0.04824674293871112
2.7030211503578854        0.04840758891709792
2.7094295188159037        0.048817109102153124
2.7282669986874           0.0500392743071639
2.740544965627606         0.050850623377954
2.7592165172096306        0.052106799973915596
2.7625030776795714        0.05233070021669685
2.775641732711407         0.05323412281584524
2.7941663524461506        0.054547962477507726
2.795297507944985         0.054628778807591864
2.8004540459457954        0.05499805267876908
2.8316597660344436        0.057262905695880544
2.833978698012138         0.057433273422947836
2.865443575884833         0.0597731627408667
2.865573958353351         0.05978296801659905
2.8657979302368073        0.059799026344020415
2.86606682482297          0.059819733578065935
2.893520663898255         0.061883741176959065
2.920327691127981         0.0639792573555486
2.936741844196615         0.0653014433745927
2.9490599343362667        0.06631318385303456
2.954315267786485         0.06674991622456367
2.9848676868564294        0.06927240366023603
3.0045236936391584        0.07088770874838704
3.008863403037613         0.0712435441821022
3.010298143270534         0.07136112267701927
3.0328713422673674        0.07320687664256481
3.040436697905731         0.07382373340593928
3.049902125509325         0.07459428381523876
3.0662810187545833        0.07592440082072006
3.0680972199129286        0.0760716404052159
3.0712327070755796        0.07632571590361407
3.085120475849558         0.07743117533637194
3.0876187220989237        0.07761676061667738
3.093430480442975         0.07804709681238063
3.118040314843725         0.07984768927970529
3.1351050864397347        0.08107566607273722
3.14421050451407          0.08177168957097092
3.189636197718321         0.0849575688066499
3.1907051625509575        0.08502679131380303
3.191524119820354         0.08507964537067955
3.201372947108785         0.08570312012517096
3.2021068256604885        0.08574867969969836
3.2151353938816425        0.08653676292253092
3.217310222976001         0.08666449178634009
3.23964726555773          0.08792350349735698
3.2579790011042964        0.08887620176522007
3.258417612068125         0.08889395340969851
3.2589745512711312        0.0889164043395386
3.2950274986966805        0.09015610877010363
3.2989516195317           0.09027289947344809
3.307324003455578         0.09051132388418273
3.308215220653741         0.09053852279969712
3.3137705128939414        0.09070130223785426
3.3167885950237923        0.09078485170179504
3.3228960342215355        0.09097446049706023
3.35692966060711          0.09163202104319716
3.3686199853612835        0.09170176066785013
3.3992761108775027        0.091505462836754
3.3997154325534655        0.09149865960684983
3.399834568938496         0.09149679525616208
3.4084682529426025        0.09133961512710961
3.4165457734248204        0.0911531329601284
3.4224169077235076        0.0909936684526599
3.4589196276618956        0.08976724189413961
3.510580703643451         0.08661957896054488
3.513904459941178         0.0863769874957203
3.5150280340053186        0.0862938852297095
3.517015827547393         0.08614550689079283
3.522674471986308         0.08572971736467933
3.5255995784426326        0.08550832136110295
3.526614290968644         0.0854304905412666
3.543639047690137         0.0840455968765357
3.5847610108554884        0.08008500050228613
3.600528875402102         0.078335439145307
3.607894259957839         0.07740608216851992
3.617956527172388         0.07606709350108914
3.6390410253428103        0.0730016950691884
3.643304187382659         0.07233915980176317
3.644214353784841         0.07219513998032304
3.644560252286555         0.07214052415648115
3.6455586008298884        0.07199034319461366
3.647200813490464         0.07174375765002078
3.671565763847096         0.06798334431420541
3.6943852065479295        0.064288298559416
3.7133931694062605        0.06108256511323187
3.719720896674402         0.05998959773191245
3.7227348166855316        0.0594644853429407
3.7403345635006815        0.056196142993373555
3.7675631177507696        0.05099757983487291
3.7728374660396726        0.0499706248308239
3.7818950521186947        0.04819193132024959
3.7993926566232132        0.044725635076019114
3.816413701429501         0.04127374485635798
3.8559136939119565        0.03295910221355277
3.8810320540581627        0.027389011007143898
3.906916344128964         0.02156439389088432
3.9105740752013927        0.020734381318618912
3.9217799296244076        0.01818086468242949
3.94167366105459          0.013607927841691918
3.9637646192227827        0.008470427911203605
3.9755810198350727        0.005696692218039556
3.987646165336858         0.0028460856358365995
3.9904020201878554        0.002192345753613832
3.9961008045357063        8.37397981640025E-4
4.000538062630509         -2.2871546343098564E-4
4.007132475076972         -0.0017901464432895987
4.027657813256671         -0.006528016426217893
4.05616058438199          -0.013096395531776083
4.068647140829772         -0.01595237801424096
4.079800308820538         -0.018490579661687226
4.0851273244283846        -0.019698621803775115
4.1110611471420055        -0.025540439462879396
4.1228863730689564        -0.02818249318078117
4.1314945745614775        -0.03009724178232842
4.135904043247625         -0.031075266246058292
4.145021438593965         -0.03309152507163839
4.17712560530814          -0.040126916441813355
4.18790502001244          -0.04247008080840912
4.209326741906734         -0.046865645634867614
4.2380136779848385        -0.05249381847575632
4.287106762334381         -0.06143977161422857
4.287793216699673         -0.06155872341413797
4.288808897985161         -0.06173441460593875
4.299753731723859         -0.0636041278244556
4.3071438317199116        -0.0648422494891199
4.31024156119471          -0.06535101257402037
4.311517977553852         -0.06555888880973537
4.320405289455658         -0.0669778105374463
4.327452617592037         -0.0680675850350484
4.342171966161445         -0.07024278972990743
4.3514312032714795        -0.07154115467323131
4.352088222407233         -0.07163123164807815
4.352235434065767         -0.07165137698694318
4.35252657694074          -0.0716951537069597
4.37131834274422          -0.07441713571448998
4.37960584538694          -0.07555275666970697
4.403458255067188         -0.07859977826979327
4.431197175045875         -0.08172992506577648
4.438564051830497         -0.08248652657085605
4.45434401545085          -0.08400167778619465
4.45468107606861          -0.08403247237118641
4.474874639066558         -0.08575765041808121
4.486631564459867         -0.08671298091049302
4.495800427283526         -0.08748633737825345
4.506559210076223         -0.08825061230639397
4.507362112771984         -0.08830577798066107
4.511443230240619         -0.08863609167670426
4.511934992021331         -0.08867516253505087
4.551693266327353         -0.090239558049248
4.570529869741291         -0.09088182959166166
4.606078881639626         -0.09164283433505828
4.616043432117223         -0.09175032711296809
4.631277731325282         -0.09182509509775871
4.642632095015236         -0.0918103791510535
4.6688587893337345        -0.09154641143634752
4.682707850081736         -0.09127752188830228
4.687485585868974         -0.09116399373762032
4.695325867046913         -0.09095461058794252
4.698854149491021         -0.09085102478993975
4.714734320289183         -0.09031288903202925
4.716538876950426         -0.09024079813561026
4.719412849078191         -0.09012319839027995
4.756851404773575         -0.08827849712777383
4.759310621756031         -0.08813699206550844
4.760659822025486         -0.08805829333735231
4.770955280622534         -0.08743075613232623
4.78046150305373          -0.08690391666596346
4.826614704638277         -0.08409595976276536
4.828154856033373         -0.08399510493869188
4.829060876448898         -0.08393555956821537
4.846250238826041         -0.08277555621668099
4.853667991315473         -0.08225061646502117
4.854939979739184         -0.08215967962907948
4.858754251922449         -0.0818853741435358
4.909726136178485         -0.07798708790877809
4.91010674143729          -0.07795635147474754
4.916284182419046         -0.07745410699737894
4.948358346976141         -0.07483044697108088
4.987588648407685         -0.07150830046270294
4.987605253049666         -0.07150693223718063
4.988437462330961         -0.07143836875213681
4.992484253261154         -0.07110526391777279
5.018571167330254         -0.06896988299890125
5.020137814065027         -0.06884229986105915
5.023471675192953         -0.06857104767335187
5.089454169376944         -0.06327188098411406
5.098819856099238         -0.06254515765392812
5.105582419437096         -0.062022387417874
5.1099135196862235        -0.061688443895756596
5.1168647330679615        -0.06114838001039256
5.130259228140131         -0.060118386902300425
5.152209548001858         -0.058460859583861255
5.162570153272824         -0.05769161155575858
5.16484092172697          -0.05752413609739932
5.17520193252323          -0.05676510795389855
5.18939719565457          -0.055738839929338944
5.212032565083378         -0.05413502770430024
5.219768323767716         -0.05359611650058526
5.2545002059493315        -0.05123428093168723
5.256522215995101         -0.051099690499011835
5.262317026275618         -0.050731500979213584
5.271584935539199         -0.05009185864136319
5.281773939899505         -0.049407995545547874
5.3182089813774           -0.04714575351048481
5.318707934775952         -0.04711548416684446
5.318880339439427         -0.04710502906445727
5.323954786548934         -0.04679820725633348
5.337392744262547         -0.045994167006465095
5.3449089751565655        -0.04554812739628582
5.357692044423249         -0.04479980270549843
5.359823178220742         -0.044676303164411284
5.362486618226433         -0.044522461692775586
5.365406854168242         -0.044354432772748566
5.36842034374568          -0.044181745627061605
5.373137022738212         -0.04391290042068958
5.394872286393607         -0.04269676551992125
5.409136309262086         -0.04192438795323442
5.414984522664387         -0.04160461857310438
5.423689820675226         -0.04113438309232667
5.436571980062647         -0.040459555250623405
5.462009302316938         -0.03918032114403633
5.4777820487301545        -0.038408795806314656
5.500153323532128         -0.03734296566775783
5.521095591055108         -0.036375473199828236
5.523054445108127         -0.03628647421433818
5.561187353928783         -0.034604929261651714
5.576491164998708         -0.0339573550990565
5.576679035649376         -0.03394950251095193
5.576882864159136         -0.033940985581789936
5.578270683215864         -0.03388306954815502
5.584099587899318         -0.033641222606348574
5.587914623149452         -0.03348317369167334
5.593586540830984         -0.03324972585818929
5.596027179937676         -0.033149834908364054
5.634637427292363         -0.031614590398455926
5.637847296839166         -0.031490769035561694
5.638759287875312         -0.031455695531814244
5.656643155855676         -0.030777458992377042
5.656980633574667         -0.030764834922329294
5.686693588626031         -0.029682326617757313
5.691316343520135         -0.02951814816581211
5.697756673227129         -0.02929132071707906
5.720469842789792         -0.028509049114027595
5.734537234298129         -0.028038366591675003
5.742066306690808         -0.027793930611760182
5.7528270510970065        -0.027443418387842474
5.779766232573953         -0.026597113148846784
5.781164167520231         -0.026553956534958467
5.789214427748217         -0.02630689079454243
5.791418078890211         -0.02623969340764145
5.799519435922034         -0.025994255231641773
5.806432889540464         -0.025786797422532502
5.825175255388422         -0.025233605744052083
5.840334205569464         -0.02479604115569654
5.843727717391867         -0.024699295098003983
5.874837702656719         -0.023827240469765868
5.917284957578477         -0.022697611314913643
5.925852166573854         -0.022478046189152483
5.935599152470021         -0.02223199287220646
5.939252241213894         -0.022140683746894686
5.968928664962223         -0.021417299181146477
5.999636698581964         -0.02070322395014382
6.001929944181821         -0.020651303771580025
6.007050376587177         -0.020534630932363674
6.013018748839234         -0.02039946539655841
6.0299516504130315        -0.020020839473488688
6.033766331820505         -0.019936532260537508
6.054768895212158         -0.019478883357765563
6.061273807446529         -0.019339379653018254
6.072376463573235         -0.019104273582098204
6.075850106497347         -0.019031294790843534
6.108253146922044         -0.018364384734407806
6.117753395123849         -0.018174208213452614
6.134483167801855         -0.01784521338623326
6.148147974361012         -0.01758207863699321
6.158173737392326         -0.017392213605924467
6.163725679675229         -0.01728815864150916
6.173074663295361         -0.017114336982380032
6.191247186042395         -0.01678148120080852
6.199291539414535         -0.01663625341803125
6.204834596081389         -0.01653693819039901
6.221849368929227         -0.016235934712996596
6.229211580202203         -0.016107492660819116
6.251495454770451         -0.015725353931383485
6.261153528682922         -0.015562826196339637
6.274624002404592         -0.015337744137138955
6.290270673190126         -0.015080701214843333
6.3027042703965           -0.014882329052684749
6.319191025308596         -0.014622592865614464
6.3340690254682475        -0.014391056161737045
6.339760190398312         -0.01430336835531804
6.352160005211818         -0.014114002182846674
6.352603182835312         -0.014107272456832323
6.359221598900102         -0.014007147332023458
6.399595676239987         -0.013411646923080814
6.414269964037502         -0.01320171703873346
6.415528132064571         -0.013183879265585162
6.447190869371524         -0.012743378269654356
6.451748688657303         -0.012681298939916803
6.4545947494023315        -0.012642704256437121
6.454671115082201         -0.012641666909840343
6.457137895464959         -0.01260819952408359
6.458873162510651         -0.012584704642830293
6.46112989431931          -0.012554208490182173
6.467540637066512         -0.012467942419279862
6.52003860406566          -0.011781816556048805
6.522543674779642         -0.011749981348648334
6.566559490090601         -0.011204063980096267
6.569766525530063         -0.011165282607883659
6.58035870675814          -0.011037085754211876
6.583315035311078         -0.011001538163340955
6.58814700138829          -0.010943981096090788
6.603494228163348         -0.010762663731148082
6.606809538775944         -0.010723794125994246
6.6574816218873245        -0.010142903473997683
6.662393527146459         -0.010087912409584222
6.675128287745317         -0.009946425400895261
6.678638581174228         -0.009907763680033113
6.686778828610586         -0.009818593076713043
6.690859685686457         -0.0097740727738717
6.721393906526142         -0.009446063463208714
6.746737817469472         -0.009180650613980901
6.751514448899652         -0.009131322516651287
6.757206836161322         -0.009072825289732597
6.780836299737729         -0.008833346183539226
6.794062303882222         -0.008700903454031695
6.802944263074129         -0.008612723719571072
6.816809938848573         -0.008476290698875122
6.821761071371874         -0.008428093123916182
6.828119623076557         -0.008366440017189076
6.851580715645207         -0.008141344599673112
6.874823274526223         -0.007921977027222988
6.9102838919624885        -0.007594728549453107
6.9365780549327605        -0.007357872713252753
6.943681487799878         -0.007294732908439057
6.946282833620997         -0.007271700674890084
6.953086607960055         -0.007211688837561714
6.971883106241284         -0.007046961451144953
6.978169286784965         -0.006992353138141437
6.998982587611042         -0.006813271539339426
7.012536592737632         -0.006698179679006743
7.025017817032437         -0.006593053472126452
7.0294470624294085        -0.006555944427617496
7.0471341534210445        -0.006408789474086678
7.062769138933547         -0.006280080727089326
7.084697566440449         -0.006101734321488561
7.090014538519794         -0.006058872513941085
7.095285719231045         -0.006016526917563272
7.098004426292715         -0.005994743648999991
7.108915786739806         -0.005907544935949985
7.119526572044695         -0.005823299561048299
7.136099622130516         -0.005692732960061973
7.149047357514021         -0.005592211162310473
7.16674378506883          -0.005455870965607794
7.179605761320058         -0.005357537437957154
7.20990926676622          -0.005128388254137084
7.247160400320909         -0.004851569503342681
7.250863356047057         -0.004824345587518789
7.2522517570807           -0.004814151815186128
7.261042545800995         -0.004749782074752809
7.277903752923078         -0.004627184423589337
7.286068244665826         -0.004568222703298877
7.323528768018459         -0.004301057522438998
7.336690701524581         -0.0042081230989486264
7.3434760610163226        -0.00416038972162788
7.347363212648515         -0.0041331223399463934
7.357689983556778         -0.0040610664104739165
7.363677785847042         -0.004019411998038495
7.385813274270857         -0.003866302130631201
7.397395546526376         -0.003786795872246075
7.405269175344548         -0.003732961876900143
7.424905315118557         -0.003599460507154763
7.436644662907079         -0.003520162927097142
7.455974808681858         -0.0033904310167204746
7.458500640022552         -0.00337355645731788
7.491787595880128         -0.0031528412848423593
7.493445327705289         -0.0031419304557851933
7.493743410888078         -0.0031399693531339833
7.511732104700558         -0.003022081242588727
7.524498742027802         -0.002938853001072614
7.528857981713262         -0.002910500945812303
7.545766079054166         -0.0028008536226164335
7.554580378092308         -0.002743896315968099
7.556295051929526         -0.002732832356743611
7.565260033268011         -0.002675071208259097
7.582788605927579         -0.002562549919355241
7.592333740731842         -0.0025015076279432773
7.596508537033418         -0.002474836579482027
7.600950882261631         -0.0024464941782739707
7.613536532501835         -0.002366409270847813
7.631291526066203         -0.002253930027211233
7.6380429440256785        -0.002211334297825422
7.6715804422398675        -0.002000992559627734
7.672656286374236         -0.0019942690495603284
7.672885566820402         -0.001992836345661108
7.673658912755858         -0.0019880044313460438
7.689488972809262         -0.0018892631937559076
7.696215514472623         -0.0018474016801479501
7.716784710913221         -0.0017197472623334967
7.735108666983432         -0.0016064770775472909
7.735151474650063         -0.0016062129569456417
7.735269508136431         -0.00160548470977228
7.74927201420425          -0.001519235009015205
7.757026563177993         -0.0014715741902802122
7.782882514878925         -0.001313194796370946
7.795217304268499         -0.0012379290871945385
7.795792277312649         -0.0012344132570634686
7.799890536596748         -0.001209363433523654
7.807466263365173         -0.0011631049197902167
7.822222585800168         -0.0010734551837323515
7.8447401003217125        -9.367949957411056E-4
7.847785797565598         -9.183123403928546E-4
7.870095931798646         -7.830475934226487E-4
7.8884608056483225        -6.718652863678307E-4
7.889431461569285         -6.659929490387189E-4
7.895811478762047         -6.27404914874687E-4
7.934235775863683         -3.9544499095956755E-4
7.980445135406294         -1.1737897900221588E-4
7.983504589401358         -9.900296974506821E-5
7.997479297575139         -1.5120852601186256E-5
7.999453728586406         -3.2766542266616315E-6
8                         -9.8315255366978E-18
