0                         0
0.01379679236324038       4.011033300692707E-5
0.015008469130710566      4.363413299548675E-5
0.016229385183562456      4.71849965595197E-5
0.01880102732470762       5.466489467595733E-5
0.044887554469500116      1.3049825981423512E-4
0.05692375875995625       1.6552683212811036E-4
0.0706088717877377        2.053843980384438E-4
0.09644917022995537       2.8073917933489796E-4
0.11207359623062074       3.263590668138614E-4
0.12048016210522208       3.5092196386451795E-4
0.12399183755040108       3.611862656529173E-4
0.15377196773893126       4.483170708143942E-4
0.18171143499410541       5.30202743685481E-4
0.18177520826383942       5.303898072942184E-4
0.18188262711558345       5.307053993864474E-4
0.18188993791006425       5.307268783205886E-4
0.19960569814537996       5.828224464178998E-4
0.2034933123041122        5.942670960091124E-4
0.2036573586709297        5.947501276922658E-4
0.21012579320356944       6.137939789648674E-4
0.21985989934078354       6.425019190854544E-4
0.2365208157749943        6.917766723237796E-4
0.24746405951539613       7.242281096482515E-4
0.2639200378365951        7.731477107983827E-4
0.29958129331501004       8.797936402395178E-4
0.3162001757847024        9.296723263238207E-4
0.32095487883927043       9.439790972933975E-4
0.3796948292466125        0.0011220602906007041
0.3896044771503746        0.0011523466254157633
0.4026654151885054        0.0011923714138398123
0.43209513700162383       0.0012830051321305028
0.43774781258502693       0.0013005052373295427
0.4567098225801371        0.001359399569251025
0.4670214708943064        0.0013915494481936313
0.48770845741018337       0.001456476416802193
0.5046697966555422        0.0015101021430866236
0.506676413228913         0.001516469707929455
0.5098041851172382        0.0015264048720608021
0.5173544997854425        0.001550429473160045
0.5337068055258356        0.0016026753826946017
0.5457028644373152        0.0016411774836833106
0.551764735091712         0.00166069066158297
0.5537958016976865        0.0016672372633846587
0.5781417618347284        0.0017460456864498003
0.5794182378847827        0.0017501947662511591
0.5826067824227602        0.0017605663091458021
0.609886402895655         0.0018498803755962459
0.610878710179418         0.0018531504512807303
0.6251186456467143        0.001900241332639492
0.6267663873626289        0.0019057122367585663
0.6331852327978748        0.0019270633584045507
0.638380866658359         0.001944391130252999
0.6583721835193902        0.002011442616402434
0.6856481184108549        0.0021037901901495653
0.7000927617424167        0.0021531758167312918
0.721861806962063         0.0022282320803538127
0.7614257984125108        0.0023665780922523523
0.7626298003214822        0.0023708273572875444
0.7791795018072073        0.0024294703226539057
0.7856890742681005        0.002452704895026374
0.7867093454813081        0.0024563537729945543
0.7988118054925476        0.0024997862560639144
0.8091256268186175        0.002537017402722791
0.8102463413175868        0.002541075053702656
0.8142363719089073        0.0025555405236301334
0.8248901244591265        0.0025943115140543782
0.8266972164245368        0.002600909052722285
0.8345447311606516        0.002629634979536672
0.8646373807175876        0.0027409429958595534
0.8674127366379452        0.002751314532439147
0.8699906159065279        0.002760964121511345
0.8786546836527227        0.002793508804906934
0.8907811079789185        0.0028393518396656516
0.9066203999151528        0.0028997454666679387
0.917240952399101         0.002940566892080691
0.9227646361447934        0.0029619014168341517
0.9456161748455164        0.003050915536341159
0.9457291956959634        0.0030513585455091514
0.9463622809315592        0.0030538405378944867
0.9651356623319136        0.003127774231461157
0.9682651361285948        0.003140240664240837
0.9708282331734857        0.0031504692254554017
0.9970292726765977        0.003255734514333181
1.0020567455277827        0.003276126804231682
1.015340619112084         0.003330178125712414
1.022383093404191         0.0033590929242458024
1.0248833424306714        0.003369392273782368
1.0508549166447962        0.003477428251537012
1.0752645181229408        0.0035807138550315487
1.0839211590684315        0.0036177497942352778
1.0906910013057847        0.00364686175660713
1.0965389543438446        0.0036721141988235477
1.1043154805785163        0.0037058450623932244
1.12814594284169          0.003810280288879592
1.1532776947715813        0.003922512217262071
1.1665482879980436        0.00398272582295139
1.169925079756503         0.0039981524329121675
1.1711654768175597        0.004003829772585648
1.175814935335373         0.00402516158118511
1.180199836934928         0.004045332920092178
1.1922562903694147        0.004101163376222453
1.2129854492156007        0.004198418722591575
1.2179669247792038        0.004222028552189512
1.2444129188064115        0.004348647978727593
1.2789056533983345        0.004517300501460191
1.28270148597058          0.004536102712492269
1.2846185447429768        0.0045456140371194715
1.3070616886528739        0.004658242377324735
1.3077559910635947        0.004661764223153475
1.3082546817409817        0.004664295220693862
1.3169351744204285        0.004708537541883862
1.353084053497288         0.004896569275667884
1.3552284456086652        0.0049079155691322965
1.3910872501099805        0.005100836756674705
1.3937302170949333        0.00511529395757068
1.3990454679271007        0.005144497490235399
1.4536996121974695        0.005452329791846838
1.46725979870491          0.00553074602709898
1.4678828168022902        0.005534368366863295
1.4682175567257876        0.00553633402126554
1.4748496488190412        0.005575408246877633
1.4749339385458882        0.00557590644074707
1.4759110962646678        0.005581684828831207
1.481174678311585         0.005612691521262223
1.4844429958546188        0.0056320297625485
1.491125014837976         0.005671769724592523
1.5264663196662625        0.005886497663778714
1.5400316253498265        0.005970827435440497
1.544219802275328         0.0059970775373530275
1.5743481755309228        0.006188482405394345
1.5772641356133668        0.0062073168334862575
1.5788123890981245        0.0062173393248599225
1.5812490358407782        0.006233143935066801
1.615979930994051         0.006462560899119783
1.6257868527835295        0.00652874359849974
1.6333062774781077        0.006579907307417576
1.6372092246184624        0.006606400711507671
1.6417010417064815        0.006637067445518147
1.6474222060527977        0.006676400033850576
1.6666953456722617        0.006811636198412041
1.696865878819956         0.007028867483319692
1.7065694214101388        0.007100168455849986
1.708993266570293         0.007118087676032388
1.7109251370341827        0.0071324009757058006
1.715399443125435         0.007165634144441794
1.7192012067532467        0.007193981417566606
1.7238574317237818        0.0072288368511481925
1.736441015060399         0.0073237893379296745
1.7687340142287522        0.007572505343543501
1.7807278487114628        0.00766672789850022
1.7925000312452786        0.007760583439145839
1.8003391608831363        0.007823793229008082
1.8234777900618682        0.008013684072392726
1.8293494803748072        0.008062658956987346
1.8436785132887579        0.00818351417488991
1.8448489532931962        0.008193469919228893
1.8450039383429568        0.008194789169830132
1.8779711120381515        0.008480460450194276
1.8920233876586732        0.008605284263898996
1.9104819540375857        0.008773200023299134
1.9207360344954436        0.008867928720126917
1.929643147304643         0.008951388415899743
1.9355804218848132        0.009007583666126043
1.9737770546632343        0.0093742459463263
1.9862566869648535        0.009498114561139378
1.9867866725807386        0.009503419418742482
1.9923917559270357        0.009559737099662569
1.9933107969324526        0.009569008539303073
1.9937483830238254        0.009573426671677867
2.025432422709856         0.009899654936263123
2.0454267661525454        0.010112181389266079
2.048513360200201         0.010145334839311465
2.0499453845857207        0.010160753127069502
2.055919814059961         0.01022532981908931
2.0601474472670267        0.01027127064340374
2.090917460876149         0.01061175883719146
2.108770789031833         0.010814247168026413
2.1111887761479378        0.010842597091338477
2.130786970953908         0.011074397546518863
2.1469223998363924        0.011268820342268433
2.156119910028952         0.011380242898838407
2.1647588783019365        0.011486053587035546
2.164919747369514         0.011488034529515353
2.169991971129714         0.011550692800347566
2.180498945462617         0.011681714201281335
2.1861630804170518        0.011753031957103087
2.1865864056805413        0.011758381401372416
2.1922120169807755        0.011829725665447896
2.196884914859312         0.011889348153119348
2.2114328989211005        0.012077064100833328
2.21620625080515          0.012139346782540965
2.2197267650480326        0.012185389901550487
2.2319765099311786        0.012347439126534618
2.2379593170611556        0.012427623745559144
2.2464909437752327        0.012543148837123465
2.2524648511622782        0.012624866017477991
2.270242237551967         0.012872066351681035
2.272756392373482         0.012907512584745156
2.282573294888253         0.013046847214223528
2.2888745516218516        0.01313711607727479
2.2897320266680263        0.013149450209247085
2.331416337971307         0.013763591606655162
2.3502248172534532        0.014050031373295769
2.356734449671994         0.014150520156948546
2.361202587524589         0.014219896805690819
2.372859343727996         0.014404722977888147
2.3813449973542715        0.014541024100864473
2.383197294969583         0.014570973322968236
2.399654818136664         0.014839919919542355
2.4007290119165705        0.014857631908790477
2.4160698983429967        0.015112690383534832
2.4374400011031683        0.01547685252550081
2.438235923620473         0.015490629789398028
2.443851475552667         0.015588270956788037
2.445166556265969         0.015610569542657287
2.455087568790008         0.01578048223122156
2.4803000975588994        0.0162257263643557
2.4973115707780424        0.01653704167528563
2.5014100890110096        0.016613358635287827
2.5337033726079543        0.017230647366707444
2.548609537360048         0.017522642363224986
2.5570458549031474        0.017689877085607222
2.5925969194375105        0.01841031017971173
2.599237216630284         0.018547686391264254
2.6127545720776246        0.01883049221892836
2.6187431099855605        0.01895693629601992
2.631435742119978         0.0192234247604266
2.6316561610819957        0.01922809901344567
2.6317635651910005        0.01923037722311599
2.6320751131328435        0.01923698995252855
2.656306999764632         0.019760530344714977
2.6615966877674264        0.01987723434060294
2.670108245102144         0.020066839904220424
2.6789719165160104        0.020266673931346617
2.689184489836812         0.02049993591860663
2.7014666535431493        0.020784746745428136
2.721379883968836         0.02124821652177766
2.7296486905514676        0.02144204570994256
2.729986994084111         0.021449993094742263
2.7498327307777166        0.021918573911183865
2.7639665998243856        0.02226737637508688
2.7742111724383247        0.02252188833837232
2.7796281212945426        0.02265593500251749
2.793776731954627         0.023009044543583466
2.8011359795691346        0.023194420866717955
2.827232637574131         0.023853194146674864
2.8311149297783786        0.023952477548991005
2.871490681619428         0.02500468163793594
2.8757188944855256        0.02511694492693822
2.8870876424729097        0.025420747320869345
2.8881591689141355        0.025449527932161042
2.8919952953955206        0.025550346139093533
2.9015406157841013        0.02580015699531822
2.9038310404132135        0.02585987646849691
2.949601463744836         0.027035153845549328
2.972759060601373         0.027616638774928825
2.9860851144437355        0.027942738603544064
3.002634307047826         0.02836559843782203
3.015874528346983         0.02870274301473171
3.0360560042506455        0.029214644335220002
3.054882936607906         0.02969001770929143
3.0575824003089855        0.029758006505851878
3.0775353953668176        0.03023915822829727
3.0783823989198185        0.030258648056534623
3.0862687080811773        0.0304379852780112
3.099652179550625         0.03073352896671634
3.1108858837039017        0.030973050211757377
3.1116607318600678        0.03098928359095899
3.1187845556805507        0.031136790923790587
3.138801826075726         0.03153447595025316
3.1619415368085977        0.031963320402746374
3.1670592252263594        0.03205369477473167
3.1720599761194146        0.03214043975607266
3.1797543982792886        0.03227812278373207
3.1865133231966025        0.03238540078521877
3.191184498115313         0.03246339204245148
3.2044268447038453        0.0326723498101841
3.219431436837622         0.03288742416457899
3.227451923158159         0.03299293794724545
3.2402341834987305        0.03314748697915691
3.245741835387983         0.0332089241011014
3.2593863326837407        0.03334775284841284
3.287671863461088         0.033574852524678185
3.2887641270014027        0.033581979920111145
3.290524019915446         0.03359141934034085
3.297772855478624         0.03362763445768812
3.3019828517312444        0.0336466988408971
3.304464682357363         0.03365725970167441
3.305685176897454         0.03366226883129338
3.314259005609836         0.03369311996734828
3.322604100972222         0.0337108874813072
3.335449157516784         0.03371459969350913
3.3379091577831637        0.03371204116591326
3.3509583843434037        0.03368089484930678
3.3709335216343574        0.03357593385957288
3.373293178668131         0.03355665597864605
3.3936185554192795        0.03336299965842618
3.4039251052356994        0.03324590101645387
3.4344909286710923        0.03287918248361267
3.445759606034497         0.03271777484943742
3.45426504171884          0.032586595862830324
3.458592588129825         0.03249792809630727
3.476948293014993         0.03208928505702845
3.4775482505572337        0.0320750394589223
3.4779376128205555        0.03206556224029769
3.482989979556756         0.031940028515262446
3.4832533412641826        0.03193335467800742
3.483434641508298         0.031928752858096335
3.4871897138330583        0.03183206555745135
3.505482554636561         0.03132353895810958
3.517422684676564         0.030958036055490103
3.520487099228255         0.030859953550828316
3.543386365821167         0.03007171697722702
3.5557323733463257        0.029618981858350275
3.559747489193383         0.029466311061420385
3.587745901091955         0.028296102759959887
3.601210545884632         0.02764672685202868
3.626185081607129         0.026441608380818875
3.6405224423348432        0.02570582154098541
3.6646053303643797        0.024397743358031746
3.669517982216884         0.024143120227075685
3.6744481227715236        0.023885428602020333
3.6787361378173813        0.023659538868184678
3.6930073179185214        0.02289594204738551
3.7202344039499216        0.021215926273997432
3.746286923063189         0.01953226113669313
3.748989634166974         0.019353334070655537
3.7877268782256404        0.016700783247611616
3.795077604210712         0.016178859431707136
3.7964148849471435        0.01608327127480278
3.82459360879106          0.013930052080930563
3.835978607913271         0.013050651539333526
3.837158003786139         0.012959661960748943
3.8719581382709674        0.010262988232398814
3.913575135932735         0.006994076896566889
3.916032363252834         0.006799569557291793
3.9187567207715905        0.006583721635815578
3.9442558333533233        0.00455349811732738
3.972797056391994         0.0022597258889397176
4.001129708580896         -7.202358578373928E-5
4.021153678770105         -0.0017530351421552756
4.072826763400547         -0.0059569081031911756
4.077776920142406         -0.006363603304744712
4.078531459358312         -0.006425569744084892
4.082957288061276         -0.006770968768552677
4.083798120125856         -0.006836533586200764
4.08392285470546          -0.006846258405172823
4.0865334971040905        -0.00705435098312035
4.093573071477884         -0.007613675467267827
4.143961606505726         -0.011540786860532493
4.156609890200051         -0.012505480078810279
4.159415904096284         -0.012718350630493617
4.179987239865324         -0.014266229408210651
4.1932442404393795        -0.015251893211272594
4.204761411543833         -0.016100659330359854
4.229638393058268         -0.017888043649429038
4.234434473849877         -0.018223447601476338
4.246065394878508         -0.01902449503553467
4.250030589174225         -0.01929359366424259
4.25284808946242          -0.019483569876946296
4.2681539216800815        -0.020497688265859057
4.287594587250705         -0.021742151345714368
4.313171811776528         -0.02325616145254019
4.314071828036207         -0.02330781801075569
4.328976212695014         -0.024149031995403355
4.332476858485472         -0.024342719993353964
4.366160346004392         -0.026130762658432404
4.386340210633163         -0.027136342041174995
4.389956806578219         -0.02731136268918877
4.389995037296217         -0.027313062232061005
4.3939054339378325        -0.027485409964100125
4.3943194741985545        -0.02750348585727947
4.39459033535201          -0.027515293048075415
4.402517101906478         -0.027854566623177153
4.426949314248            -0.028824071320616637
4.443486922515154         -0.029478431731755073
4.449305761648325         -0.029698099229717893
4.462295567076232         -0.030168622282992854
4.483097619099078         -0.0308649956141166
4.507074543299172         -0.0315803938280086
4.510539200325322         -0.031676041709630134
4.5194741808608025        -0.03191370331385795
4.539245923950156         -0.032393484011842805
4.550552457839235         -0.0326392904596267
4.568418048031342         -0.03301428023770015
4.573486260823159         -0.033109308711859915
4.582455213419924         -0.033115531489726534
4.587804559141948         -0.033165552693697226
4.594790313425786         -0.03322147368529716
4.607170520452167         -0.03344221107150483
4.626280941133695         -0.03355779785473355
4.63097997063295          -0.03357883678827381
4.651209281892975         -0.03373707729395532
4.657138218916147         -0.03374317509859221
4.676162353493356         -0.03373546274284303
4.678273608425845         -0.03373204271429565
4.679397478551476         -0.03373001322577088
4.720002633314131         -0.033567449684064485
4.739549613767254         -0.03341301219450105
4.771781508086268         -0.03305022157498509
4.7790232656827305        -0.032950189891320536
4.787022201639344         -0.03283180054235771
4.792430947259837         -0.032751305709451346
4.833646219714235         -0.032064420813379325
4.836375762303742         -0.032014342604888425
4.8377431176815096        -0.03198904180955501
4.839031769357929         -0.03196506638229059
4.839268184156153         -0.03196098990744568
4.8646698718105865        -0.03149992050976728
4.878162737173456         -0.031236418501819286
4.901268192795676         -0.030755235861689947
4.904573377404297         -0.030678250229210963
4.905956828966704         -0.03064587297761205
4.92326856900971          -0.030233069928365247
4.924259778122667         -0.030209005337316276
4.926853277489254         -0.03014582050288025
4.92745037009915          -0.030131082078930404
4.9300776252125385        -0.030066203906639326
4.956097314133263         -0.029421208747912965
4.959957486540033         -0.029325139654914876
4.987605586939436         -0.02863418200427453
4.987989746585629         -0.02862454590819241
4.990572523148995         -0.02855973538046176
5.003251503414853         -0.028240939213956644
5.044908926368182         -0.027186055213442566
5.048357896389618         -0.027098204570393372
5.048529123072108         -0.027093841116012117
5.049736924226388         -0.02706252119425795
5.057480311924595         -0.026861589912807196
5.060417555096809         -0.026785039685039102
5.099519665606274         -0.025763322457842474
5.105994088980336         -0.02559862261871724
5.113213921411112         -0.025414915632554436
5.118858084435471         -0.025271268123533672
5.134566036265611         -0.024871338074630617
5.141663325386307         -0.024690564843623364
5.150741529233912         -0.024459269356951283
5.166788403703709         -0.024050241665671674
5.177350809734078         -0.0237808826186895
5.195455882153099         -0.023318936537718035
5.195488969487488         -0.02331809204987634
5.195784587928069         -0.023310640888387302
5.213140930352127         -0.02287281117867877
5.217004781437643         -0.022775246357567336
5.2303759936358105        -0.02243802910771798
5.243899995810063         -0.02210377544190647
5.2694971206544965        -0.021489895052870397
5.276819483019475         -0.021318804886352852
5.286348247675779         -0.02109917051894235
5.295917927892804         -0.020882018387771865
5.29896682555934          -0.020813554814647275
5.303998881450777         -0.020701407866160877
5.336975555692085         -0.01996961762002897
5.356987396805474         -0.01952388117175271
5.36491668090594          -0.0193487904618348
5.376956447892571         -0.019084587016319744
5.377826044265578         -0.019065581574418494
5.396171529030757         -0.018667055943599534
5.414138682340944         -0.01829418645509157
5.414552432091291         -0.01828568158349099
5.420334445534611         -0.018167213299521954
5.436172879471481         -0.017846372668176895
5.449517677464625         -0.017580225041450234
5.453575431771339         -0.01749919302484438
5.454619674213063         -0.017478422972811544
5.466314941666376         -0.01724812795982572
5.5062402673672874        -0.016494102573903623
5.508011543724555         -0.01646180277747407
5.514531312313513         -0.016343756092635196
5.5151543254884725        -0.01633254527114059
5.540846901258033         -0.01588076881764976
5.543780411790641         -0.015829622586063838
5.547775137635345         -0.015760121326384283
5.560836758568788         -0.015534058685341169
5.578352544292269         -0.015233759138431186
5.580482388413744         -0.01519746690062996
5.587557661540008         -0.015077787763786482
5.612269341731704         -0.014667587658866877
5.6186330401596           -0.014563917761479375
5.624798971979104         -0.014464416600374603
5.629237937476276         -0.014393403396601724
5.632581445213795         -0.014340257406748342
5.6351784404023215        -0.014299180458720483
5.642178851829421         -0.014189338334973739
5.668775867004664         -0.013783768764411918
5.6742160501474785        -0.013703070693319419
5.6803092091645775        -0.013613076315573135
5.708234542887304         -0.013205894991578749
5.713867365994802         -0.013124810738955354
5.721336176932803         -0.013017833639580303
5.726198893274195         -0.012948597423838814
5.735357991880573         -0.012819073791222067
5.737910940232745         -0.012783207711091933
5.746963014106523         -0.012657004758921491
5.755754006994763         -0.012535888066738773
5.758268037415187         -0.01250151341453393
5.782118981770363         -0.012181194544821253
5.792033988095748         -0.012051122625884031
5.8004433829000615        -0.011942223202036998
5.851287295462298         -0.011307229591189483
5.852960198589036         -0.011287094848618215
5.853363194242473         -0.01128222828661243
5.86586145779286          -0.011132497858044812
5.869875951151938         -0.011084896429154544
5.897808325297893         -0.010760322245590695
5.90412355257517          -0.010688546471039383
5.907121774165622         -0.01065467765443641
5.9225015358890145        -0.010483043557720992
5.924303476786091         -0.010463077318165016
5.928400020994365         -0.010417807733546032
5.930857102826103         -0.010390736482808857
5.9352488376624954        -0.010342501523802077
5.956227281198948         -0.010114775393106302
5.961566128845737         -0.010057529103105783
5.967870420573722         -0.009990300728286486
5.990074432896            -0.009759589046247841
5.992593951611168         -0.009733756064659227
6.0205273091594504        -0.009452078817320186
6.024749028454388         -0.009410486667691136
6.028835499987733         -0.00937038684399443
6.050543487647837         -0.009160006915464933
6.079337540331068         -0.008887985712780433
6.095324625161815         -0.00874071734507916
6.101795892547988         -0.008681869963482528
6.126424101060066         -0.008461936488501019
6.130734478086923         -0.008424099958063758
6.134082679047291         -0.008394844225493851
6.1684195152343495        -0.008101620363777175
6.179454160892053         -0.00801002063188212
6.188096518574573         -0.007939016670103521
6.203605840637943         -0.007812958761052832
6.214536830953585         -0.007725165215756462
6.226417369196071         -0.007630731943273447
6.236594998172518         -0.007550651699807681
6.250967058998072         -0.007438691301812146
6.271022338561947         -0.007285436479822898
6.276539792417061         -0.0072438828965142804
6.294624187088871         -0.007109666428073852
6.313272890908834         -0.006974174814533142
6.319308092857818         -0.006930959715259248
6.323254108104579         -0.006902656833970513
6.330751253227916         -0.00684916719532435
6.339625075083777         -0.00678633599436047
6.345211038653043         -0.006747094107583669
6.363400475358459         -0.006620814777379332
6.3881767276273616        -0.006452506670840179
6.390072600572204         -0.00643980352558686
6.393647278643009         -0.006415919647847334
6.407592783206109         -0.006323468800366315
6.422844358880698         -0.0062238169949682225
6.433731469344784         -0.006153613504458254
6.436950077583562         -0.006133007518328243
6.453508507187471         -0.006028070000171256
6.46192634086126          -0.0059754501299973
6.474865144796231         -0.005895293760555085
6.484703304821771         -0.00583493317343033
6.50832408760716          -0.0056920822640908145
6.518047237670711         -0.005634129315529277
6.529652072259442         -0.005565510740155283
6.564929587962805         -0.005361705394728672
6.570665081066191         -0.005329198900745634
6.586964801305715         -0.005237778380972172
6.597520566168988         -0.0051793316325796715
6.601898077267904         -0.005155268261258103
6.616776248209614         -0.005074247892263649
6.625957824338112         -0.005024839157138957
6.628838956999967         -0.005009389151860099
6.635068605165178         -0.004976093743797125
6.6482951631042955        -0.004905905138320961
6.650623918360272         -0.0048936180693521895
6.657951393623491         -0.004855094852307041
6.682562562409848         -0.004727241272677041
6.683304081086443         -0.004723423146731755
6.687132625781276         -0.004703745858733951
6.691536998203127         -0.004681170049227957
6.6918456827302615        -0.004679590895121284
6.69515568976642          -0.00466273278482816
6.700055762932452         -0.004637855743368609
6.715910238680467         -0.004558013986746434
6.765938281283598         -0.004312581664825266
6.777061640051096         -0.004259354013583448
6.78870583890015          -0.004204157220207969
6.788847234399302         -0.004203490254246789
6.793981190387646         -0.004179308207839473
6.798876263032341         -0.004156339534734476
6.8097112678283995        -0.004105805633501823
6.837901057352686         -0.003976305925066655
6.846219220038206         -0.003938638991348505
6.847450844269224         -0.003933080104503464
6.864514301049787         -0.003856524845369566
6.889666293953842         -0.00374524483587591
6.894404945533796         -0.003724496756851842
6.898770860491715         -0.003705441451907131
6.906452665656919         -0.003672055194338098
6.9167922234939105        -0.003627402750882279
6.935814023818558         -0.0035460605112536234
6.957452230085526         -0.0034548592625501355
6.958864792065557         -0.003448954761911889
6.960215697554684         -0.00344331362605178
6.962716085134114         -0.003432887012810863
6.977080155469388         -0.0033732774442437924
6.982532647500517         -0.0033508026333010713
7.011486640422497         -0.003233056539310465
7.033262158608398         -0.0031458143546970177
7.042283790207711         -0.0031099996388407156
7.053919588149486         -0.0030640923872275526
7.05487405342648          -0.003060340958080227
7.066310096235072         -0.0030155609773288255
7.093767940760494         -0.002909312499961254
7.096542523091626         -0.0028986758056624455
7.125306528798456         -0.0027894825600552967
7.1279208088628305        -0.002779655681190519
7.141656167303703         -0.002728292131881425
7.200444406067765         -0.0025120135549490294
7.203069382728031         -0.0025024891993087293
7.204575816511309         -0.002497028862517318
7.204787289423831         -0.002496262665038968
7.208884275207354         -0.002481434408369695
7.21088943034189          -0.002474188033417163
7.212741312097564         -0.002467501932313722
7.215349679391754         -0.002458094952912104
7.221314942523853         -0.002436628444430925
7.231865236747626         -0.00239901133253929
7.236384037712023         -0.0023829589408822863
7.259109301765104         -0.002302770866893209
7.268488992967124         -0.002269936536703639
7.268922181339619         -0.002268423836168889
7.286249412920368         -0.0022081853633437406
7.29913688567656          -0.0021637215298966972
7.300222094118743         -0.0021599906172649853
7.316529420155384         -0.002104173992779734
7.325037677613663         -0.0020752361852250786
7.338823068247754         -0.002028461943950324
7.349118185970259         -0.0019937132438412703
7.375181822468868         -0.0019063423150530172
7.37718199464096          -0.0018996858725918693
7.389593782816615         -0.0018584993181681064
7.395489935684001         -0.001839005720517896
7.428043334074988         -0.0017322122711182866
7.43106193454518          -0.0017223810381736073
7.434239518006594         -0.0017120451215086947
7.441419011848986         -0.0016887414457536162
7.466535706160191         -0.0016077559600951264
7.471744458114856         -0.0015910661641375219
7.47890467350902          -0.0015681824727904682
7.500789832295945         -0.0014986231526606475
7.509493936585694         -0.001471072720134027
7.536729901498915         -0.0013852857892861625
7.546833164756969         -0.0013536251106242103
7.550885741003729         -0.0013409501912176732
7.552558353661862         -0.0013357230123797104
7.560343574845798         -0.0013114246324624165
7.616781602324015         -0.0011369268777626468
7.62902475763352          -0.001099446363591332
7.653996606606354         -0.0010233241014746333
7.665641833249711         -9.88046153900435E-4
7.666455302181237         -9.855785751447532E-4
7.6776943149243           -9.515236028914466E-4
7.7088234495517955        -8.575968963419107E-4
7.723325090523456         -8.140882745858467E-4
7.723924382884189         -8.122925516279044E-4
7.723981324849789         -8.121219399315605E-4
7.724318839727204         -8.111106988787024E-4
7.738967543798164         -7.673039253009656E-4
7.745322136619172         -7.483360716857282E-4
7.772200249451341         -6.68344917557193E-4
7.776024759519832         -6.569941212573378E-4
7.799213830027091         -5.883376019770554E-4
7.801864793842642         -5.805070301952231E-4
7.808991252207314         -5.594750039040659E-4
7.828184896103762         -5.029638770817799E-4
7.844031635651034         -4.5639948644203706E-4
7.8590161862665715        -4.123981342344707E-4
7.867941177231211         -3.8620401893312917E-4
7.885596210568902         -3.3441797664485824E-4
7.896598407097549         -3.0216632437306403E-4
7.90256839666044          -2.8467248228093755E-4
7.917997371159118         -2.3948213395239457E-4
7.919929958391644         -2.3382387313295545E-4
7.955463470770771         -1.299178837988444E-4
7.983676585504196         -4.7579485889960624E-5
7.988004331398833         -3.495964354013792E-5
7.993182415690402         -1.9865240790322896E-5
8                         -1.5916424631253515E-18
