0                         0
0.019153469918087904      4.0832273546833776E-5
0.035184978985276304      7.504977528223113E-5
0.03673454655024136       7.835912686380138E-5
0.04132768492130566       8.81705544188041E-5
0.043509022094748176      9.283118861937014E-5
0.08395237955060128       1.7941631519732959E-4
0.08754763355928612       1.8711897938305383E-4
0.10847392120090006       2.3197947684568845E-4
0.14294592392238176       3.059785653351055E-4
0.14296778520055622       3.060255332302989E-4
0.14297522017911252       3.0604150693231417E-4
0.14297940826332484       3.060505221847694E-4
0.15063414657472868       3.225358860918639E-4
0.15251257117853603       3.2658367506846676E-4
0.1606477114878659        3.440598332890786E-4
0.16313188039359983       3.4940212129485265E-4
0.16949330397337165       3.630947759662199E-4
0.17443092317907138       3.73734858188803E-4
0.19485800043163626       4.1787224301444604E-4
0.20291690632015635       4.3532770617479063E-4
0.2311038382876196        4.9656862595451E-4
0.23539367931708727       5.059147385753091E-4
0.24912196221350072       5.358696546480881E-4
0.25775207043510595       5.547360220203094E-4
0.2815854901449183        6.069812337875883E-4
0.2941126028140928        6.345259294051226E-4
0.30413237701887275       6.565897808093289E-4
0.3135882139856099        6.774457744806646E-4
0.3180786049597433        6.873614203195959E-4
0.31911785492650757       6.896573432740134E-4
0.34184714962167473       7.401771277879115E-4
0.3456327628802034        7.486198636666874E-4
0.34746230039005815       7.526963827684289E-4
0.35618694303349097       7.721653129607312E-4
0.3651072189536284        7.921202819603698E-4
0.36949288953463844       8.019495272349194E-4
0.39095201224435916       8.502184739964418E-4
0.39824216735482154       8.666824337485025E-4
0.4165348111555509        9.081413544292403E-4
0.43975028378465664       9.610955756944711E-4
0.4478271189408488        9.796215443046872E-4
0.4555968386574516        9.974931571505772E-4
0.47735655352075784       0.0010478053786799899
0.48150429460638444       0.0010574393808286428
0.48499803408359454       0.0010655621680608406
0.48677094325041503       0.0010696876933618215
0.5138890454373473        0.0011330923196768389
0.5191565768761729        0.0011455118840529791
0.5245229954327968        0.0011581871181025188
0.5440738283835338        0.0012045125541817374
0.5494365492367571        0.0012172818054870397
0.5534019943950196        0.001226741247896468
0.5775057308275748        0.0012845557109387902
0.5939955649282752        0.0013244201233288022
0.610898913423348         0.0013655964109044272
0.6162591148969521        0.0013787262477153903
0.6275493403004573        0.0014064807503776733
0.6290604955021992        0.0014102067832034836
0.6292892729613454        0.0014107711067196107
0.6312528998878333        0.0014156172607216965
0.6356576443618921        0.0014265042295113423
0.6462501803163077        0.0014527771574186971
0.6629335834586232        0.001494420747012779
0.6847700795386542        0.0015494137720868926
0.7239467587406722        0.0016495873637297463
0.7240012089203247        0.0016497281462659903
0.7242387194015113        0.0016503424353802377
0.7385039043777896        0.0016873733970163268
0.743994159836836         0.0017016968221306562
0.7493510091305335        0.001715695671117499
0.7659503146995656        0.0017593485374718441
0.7829708944282829        0.001804540318850905
0.7922327969182303        0.0018293152028204152
0.8048853438242012        0.0018633686663981578
0.8212306059847114        0.001907717856252737
0.825704674638256         0.0019199274001370364
0.83031426633672          0.00193253832187985
0.8459624517431388        0.0019755874171817154
0.8624868079447296        0.0020215904614481923
0.8938731012968977        0.0021102788767136922
0.8972937425766818        0.00212004835689157
0.9067022789187222        0.0021470246773272385
0.9107302903008234        0.002158621027053419
0.9116840857100417        0.0021613731718680895
0.9131747560363964        0.0021656779921874654
0.9604077385957048        0.002304260085504359
0.962085990424219         0.002309267387674159
0.9663282171084754        0.0023219501576255026
0.9915039599564556        0.0023979683119053955
1.0036875940415646        0.0024352186624162268
1.0136201205718312        0.0024658093572069778
1.024305169640086         0.002498899911179155
1.028310999160422         0.002511381158809277
1.0336137872113902        0.0025279668313154774
1.051129678744864         0.0025832651082205367
1.0583190906217732        0.0026061904578446268
1.083625222180465         0.0026879419726445
1.0837794516888484        0.0026884452548388968
1.0886392369178979        0.0027043350170858956
1.0987895498018716        0.002737718599883183
1.1111815402083365        0.0027787567160271606
1.1113535917977195        0.0027793291189282757
1.1214856043274708        0.0028132353631171955
1.1215230059883448        0.002813360979968689
1.1292319028341762        0.0028391942235198725
1.1305974722323213        0.002843809331417627
1.1413495711257615        0.0028803313399793987
1.1703829369926817        0.0029806004152199976
1.1735104035710648        0.0029915491024293446
1.1855223883516448        0.003033867956690798
1.2018521255111478        0.003092025595294146
1.2074258338774073        0.0031120558902895767
1.2185463774669716        0.003152293290586511
1.2304720712239712        0.0031958486906083724
1.252708399655367         0.0032781795534881403
1.2564248624183407        0.0032920819349348987
1.264772436560789         0.0033234564729551774
1.2726516041201017        0.0033532357280571046
1.2788551813657358        0.0033768502938602662
1.3057179629717877        0.003480816347743101
1.3233323073659327        0.0035504967770507395
1.3288632039419452        0.0035726228540684415
1.3554006422732348        0.0036804229232656016
1.3586337835718012        0.0036937418568172963
1.3644468071019191        0.003717789859201918
1.3818921781710771        0.003790741082453138
1.4116571411448262        0.0039179143977006135
1.4152831839122015        0.003933640068893928
1.4270886977246433        0.003985274613213471
1.431633097857124         0.004005389622250216
1.4523139376605347        0.004097780517761833
1.4531869296483062        0.004101734450629725
1.4555282731220278        0.004112357981262092
1.459777345490016         0.004131658179681843
1.4803511613764253        0.0042264963704961985
1.483571065722388         0.004241523460479916
1.4952674586435037        0.004296529804711943
1.519026145194039         0.004410291211718554
1.5331821686317177        0.004479365244693469
1.5398331567911634        0.004512151766739872
1.5524530500814322        0.0045749479139671825
1.5580016003094734        0.004602799995851523
1.579186575065072         0.004710505756224548
1.5960952478599388        0.004798021186855213
1.6077661941167602        0.0048594263331893
1.6124253639576462        0.0048841928432475125
1.6368212717593091        0.005016229014316824
1.6488682464142723        0.005082889266172259
1.6554313122393092        0.005119611057492618
1.688711199756602         0.005310226768953955
1.6969683473633643        0.0053586749370942745
1.70305717882367          0.005394735111182276
1.71319421921106          0.005455327454850436
1.7144218876768613        0.005462712893351373
1.7204208888726478        0.005498948714496025
1.7221809610989052        0.005509614697852709
1.7371593569803316        0.005601186135452461
1.7534103293307723        0.005702162656011797
1.7568456848121081        0.005723725028568209
1.758380382677677         0.005733382146550565
1.7602791180294095        0.005745472884288507
1.7664327900567567        0.005784846403224625
1.7686841712583092        0.005799323484393618
1.7780263943707744        0.005859808382950199
1.8020244426630323        0.0060180445177582
1.8247434463986671        0.006172698511982581
1.8274677438562728        0.006191560332478551
1.8465150649140414        0.006324641775578777
1.8519688480276262        0.006363348593179883
1.882447339517909         0.00658459459411608
1.8858460222648628        0.006609784523852222
1.8969044768886616        0.0066924662836750585
1.9010287512595916        0.006723584663304307
1.9400047148295416        0.007025231611014818
1.943596746479927         0.0070537500089547225
1.9455135408426207        0.0070690402987880685
1.9504299850801663        0.0071084885000454335
1.982299557305268         0.007373617478480973
1.9980666123797768        0.007509026525106963
2.000323601433044         0.007528483092891202
2.0136037597778884        0.007644312676786072
2.0362871076729974        0.00784748179811529
2.045612367993578         0.007932954201286868
2.0780208831350517        0.008238828981993572
2.0790163657232794        0.008248441502211433
2.0792564720630144        0.008250761939385114
2.120827482499465         0.008663858255451455
2.121830517818976         0.008674245859261874
2.1298798614165197        0.008758147113016354
2.1563697312978816        0.009041052373567263
2.1633224104801605        0.009116867157966458
2.189762223500865         0.009413316681907735
2.1912900643086894        0.009430841123213246
2.198167833538686         0.00951026257938767
2.2090252549718596        0.009637179155128735
2.236045769469567         0.009962827258242012
2.23727375140654          0.009977958731006955
2.2376490440752335        0.00998257717102213
2.239264672799715         0.01000249098835314
2.2560330169985874        0.010212193000039414
2.2604355559985603        0.010268163428547496
2.2664205605700944        0.010344861092429058
2.291275451009025         0.010670884618781566
2.307604514547238         0.010891661940747172
2.3255471816929703        0.011140279796217978
2.340642041099097         0.01135748825906031
2.3490448141890687        0.011481013738651706
2.3616905896128264        0.011670436617193006
2.3707477965190833        0.011805291509750949
2.3794380698247535        0.01193712114901384
2.3829508940012265        0.011991087617366069
2.3944394778618747        0.012170307764248508
2.404186293818823         0.012325628543644586
2.4120066630184773        0.012452422114736038
2.4138890039109424        0.012483437894571658
2.4185300498110096        0.01256049498576635
2.431519343593534         0.012778576832904886
2.4359938554191407        0.012854558910598656
2.4485973794987563        0.013070943602478608
2.4651030840066004        0.013359598247845359
2.47462564055167          0.013528851572107103
2.482423465061537         0.013673601527581392
2.4954031480094296        0.013917770843573783
2.4960495922544           0.013930037003407373
2.539733337378303         0.014781504127799331
2.5585033375735513        0.015166073472907165
2.5608731866334344        0.015215858799877307
2.5666198107834504        0.015337393876317945
2.568529315145573         0.01537803212548888
2.5722553843637663        0.01545769584426862
2.6118988667594483        0.016335176543835924
2.613219282232219         0.016365333897910495
2.6175668023305065        0.016465112514575227
2.627563537059857         0.016697363041217095
2.6429355276833024        0.017062159909705533
2.6790753083658663        0.017956393742929355
2.6835712282425512        0.018071230613013453
2.68905367009095          0.0182096669051908
2.7223826472588173        0.01909693036840692
2.73714927071476          0.019515117750680107
2.7516984961845417        0.01994074043361274
2.7526112349678757        0.019967732520927182
2.7531343840132436        0.01998269203931032
2.7532301473197407        0.019985432062250987
2.7652250881158027        0.02033269401348947
2.785521019137488         0.020946331913062055
2.7903297029482506        0.02109397267162408
2.8022733335655827        0.02146441059766609
2.8279222757465603        0.022277916729824314
2.837805230063486         0.022597926029979107
2.843069027194277         0.022775658895813525
2.8538698104774154        0.02314115917218507
2.8692186543573595        0.023662440914410707
2.893095709859009         0.02447773401534397
2.908778064066603         0.025026338150799885
2.910888403892752         0.025100833728826804
2.9449838230939536        0.02632647550670249
2.950835263982574         0.02654099750577331
2.965335393496198         0.027077867020950636
2.9744270447298824        0.027427205767465403
2.977090971770459         0.02753047009163686
2.993711249777937         0.028184002662757293
2.995383874068736         0.028250657066415823
3.0236235858236182        0.029400433437830074
3.029747705817988         0.029615005615716238
3.0399441806850396        0.029958229332799634
3.0469919050885292        0.030194514751242425
3.0480516473028914        0.030236172739388383
3.0535302358272993        0.030450906429818063
3.078243124543072         0.03143258529862591
3.088600290507239         0.03183479224206199
3.1115102272931825        0.0327051351640266
3.119797428771992         0.03301340528153358
3.1257087019753005        0.03323116562683426
3.1281744317332727        0.033321474546137646
3.140539625484771         0.03376970539821689
3.1405985118859387        0.0337717993725372
3.140605107841283         0.03377203391701405
3.168867682163762         0.03476819255059458
3.17171308402221          0.03487408261104495
3.1773755062782163        0.035079867080700315
3.187083764881326         0.035411499109326214
3.2090366054683255        0.036139763758428124
3.2199813556071755        0.036491635500708976
3.2227679311570157        0.03658003211265141
3.22555961583926          0.03666810595738714
3.2301575608995834        0.036812107012914555
3.23671968656749          0.037015343337107
3.239394070802387         0.03708949940857693
3.2513853520313982        0.03740993786442127
3.2837755389782197        0.03817691420742475
3.2913887416445515        0.03832675164265883
3.293892198188236         0.03837321746888039
3.311200284034764         0.03865648505962292
3.322112757444169         0.03880096935476653
3.322793554196509         0.03880910905245632
3.324878784815005         0.03883340146724858
3.344882806280157         0.039017498193843994
3.3542115407934814        0.03909812607955588
3.364273248627643         0.039171316650842954
3.366928516574284         0.03918766107817317
3.41279428527801          0.03927421582164706
3.41501524690374          0.03926901210141147
3.429329363435887         0.03921465316749069
3.4368190884039103        0.03917184463868505
3.437631591338256         0.03916431247492346
3.4381245808010745        0.03915966720638617
3.4717527360832765        0.03870891321871677
3.479983779605476         0.03853582656066407
3.48059622779958          0.03852243778108407
3.4837590377403274        0.03845217121756429
3.505715431959043         0.03791245404064824
3.5112548510533648        0.03774783037496872
3.5132088508183354        0.03768637734514001
3.5159896389680014        0.03759587994521465
3.5187307945979387        0.03751424875806888
3.524502445651664         0.03733583926224659
3.5621419361186515        0.03595516839626874
3.5625797109980293        0.03593689454419067
3.5627289379788203        0.035930653782187724
3.5645674646705903        0.03585327973923265
3.5968539006243527        0.03431224821958649
3.609108945712854         0.03365472528299354
3.620673699963753         0.03299760592438212
3.6311887557951747        0.032369256684550526
3.645024461057557         0.03158199278287396
3.6606395336672577        0.03054261440660178
3.6680275682552304        0.030001994248955888
3.6956543541072526        0.028006574527148526
3.6982434004850147        0.02781539327644836
3.7068252360335046        0.027192979194129798
3.7305468350950948        0.025424617583529915
3.7599654269316236        0.02308753459740315
3.7715067915000224        0.022127107264327282
3.78575584055866          0.020907499553369038
3.793232501936144         0.02025259001128588
3.797690027909509         0.019857237022933925
3.8154778118159323        0.018243122471535478
3.8346865058404824        0.016434596572020847
3.855918168777194         0.01435649936479804
3.859729821168896         0.014005003501250944
3.866032387030583         0.013428815080883954
3.876669591088355         0.01239685857575173
3.88333022729498          0.011747736358233516
3.8926668866631067        0.010833996589596436
3.904309360051456         0.00968834681935706
3.9121244060153773        0.008915435079839728
3.930334043764538         0.007102367547837193
3.9367399288916296        0.006460522128685343
3.950696734763902         0.005054831239659735
3.962747561829689         0.0038330859069811056
3.973178326187108         0.002757742436182471
3.973743139216248         0.002699076924939453
3.9831943768833025        0.0017107430567154542
3.987694203220565         0.0012357704426521987
3.9962569370816494        3.499260498042259E-4
3.9975566780410414        2.1555651664972625E-4
4.012770569175105         -0.0013554567849232166
4.02394760815845          -0.002507473913606866
4.0430554568550585        -0.004472713911976514
4.047733861406063         -0.004953078543397723
4.05422316781605          -0.0056091261978672554
4.058879056347525         -0.0060769141058523435
4.066247457962173         -0.006812270660288328
4.093796441288454         -0.009560534996752374
4.112371005709246         -0.011378484316635087
4.123833054107351         -0.012486231220625109
4.135583769922044         -0.01361072201453257
4.135635279204395         -0.013615626361828566
4.140012996580008         -0.014031648540547855
4.166740452374066         -0.01652037767207533
4.18480895209354          -0.018180995398072903
4.184852400795864         -0.01818496740228354
4.184916691545646         -0.01819084456310705
4.2018298840961785        -0.019733754796201833
4.236617954126328         -0.022813611916931622
4.24013139819794          -0.023117653988635155
4.240173946577126         -0.023121418751488532
4.243842590038584         -0.023443720652148257
4.262702965325694         -0.025028673283525985
4.278923464340358         -0.02631231003390323
4.3094218839465           -0.028570432518326794
4.33230115597463          -0.030131216328497037
4.366603229137357         -0.03225729153593528
4.370555680248428         -0.03248404115331109
4.372294847790506         -0.03258284832811585
4.375287352493057         -0.032751476899110885
4.419700753037062         -0.035048341222146395
4.440757931160126         -0.03600254086486968
4.446608730150341         -0.03625227625243243
4.462854730419555         -0.036881601904105034
4.484684529821897         -0.03752285507813182
4.489836455540123         -0.03769631746986946
4.49528988600627          -0.037850091872614525
4.503487921002957         -0.03806716872267443
4.5210902295833355        -0.03849081300751221
4.535037955089642         -0.03876819417036879
4.537396113719977         -0.03880999650665169
4.555217570594662         -0.03907826127472362
4.582128007792344         -0.039323845468419806
4.585483749284329         -0.03934101259702158
4.606605195900868         -0.03938056352364343
4.621894709003607         -0.0393354309719556
4.621948869165602         -0.03933516098989656
4.637394666411625         -0.039226444050041734
4.649877268985319         -0.03909239223844738
4.654755497808846         -0.03905140232192148
4.658785604468376         -0.03901488891502292
4.671762986640884         -0.0388810206708078
4.694680377530597         -0.03858389793926899
4.69949523461053          -0.038511617785096375
4.706191000264063         -0.038382130317938634
4.7229560636979855        -0.0379825164645962
4.729156193146849         -0.03782910432551593
4.76025944143705          -0.03701366752663348
4.762897475831469         -0.03694098944946046
4.811384383887634         -0.03550723917464988
4.813022804385128         -0.03545673753794609
4.8133599245428735        -0.0354459551523684
4.817254282850068         -0.03532017734804552
4.820219778960497         -0.035222891613812514
4.8205785205590335        -0.0352110343864883
4.822059774140375         -0.035161873567836066
4.836165914682571         -0.034677412472589396
4.862900918545355         -0.033678295793180706
4.875770102960986         -0.03320718949196409
4.891824811462834         -0.032570069555849845
4.904897843499508         -0.03205584128983036
4.9195848752949045        -0.031483015039822385
4.920503285829614         -0.031447366880494376
4.923611818093265         -0.03132685911466816
4.956471250821956         -0.03010117554014037
4.965167959400687         -0.02978156083583822
4.965862336161715         -0.02975565939509632
4.966554459054077         -0.029729832846069146
4.978489220346469         -0.029283045673976438
4.990125393029947         -0.028844812213932616
5.00319029671995          -0.02834968321474217
5.0121224345914195        -0.02800929641228614
5.031208016170858         -0.02728011523983023
5.035980919029257         -0.0271061268477943
5.057619079143727         -0.026300520740454785
5.059805609831747         -0.026219872001941275
5.072271801855443         -0.025762721101771278
5.0856736841559185        -0.0252762988014475
5.087476333075911         -0.025211270108309404
5.110028278184978         -0.024405719302255473
5.1132271340125595        -0.02429265472896807
5.114934300051187         -0.024232436201606197
5.139150930157378         -0.023387348928986033
5.1473091552233345        -0.02310649243752919
5.150754323766722         -0.022988469796810025
5.162437477226232         -0.022590805215494312
5.163540388672218         -0.02255401600213889
5.170561638145081         -0.02232124404884406
5.206664592483216         -0.021163426896611864
5.209457362550079         -0.021076590170078974
5.210464499592957         -0.021045370928381966
5.210799781275209         -0.02103510551306976
5.210869544516197         -0.021032970597635748
5.215408829601935         -0.02089483228715198
5.222744618751246         -0.020674815255986394
5.2388417207165405        -0.02020598538072096
5.252353669227548         -0.01982725377309005
5.258923732859628         -0.019640196048345597
5.289587144022239         -0.01879041308804834
5.308153041726807         -0.018308386185233273
5.340103237839001         -0.017501847262190715
5.364300335970152         -0.01691037245155428
5.369217213304013         -0.01679326209929706
5.376633974467597         -0.016618555612248117
5.393324044124357         -0.01623397055030096
5.41624685375684          -0.01572508494211609
5.41958596223151          -0.0156528225174466
5.43290642119779          -0.015369272656547112
5.441170499005166         -0.015191901316345272
5.449406119959197         -0.015018431322732577
5.459897628352961         -0.01480220255231382
5.4769313593268745        -0.014461591066137647
5.484410810334534         -0.014316410365748568
5.48627298170045          -0.014280680114248172
5.487915122900242         -0.014249452099318792
5.492902715701963         -0.014155027260153039
5.5195980040208354        -0.013660438768317693
5.531008114490512         -0.013454596164281149
5.543323704691313         -0.013236151309533364
5.549556499539548         -0.013127075540669744
5.5617181430385925        -0.012917101106357722
5.585814385434083         -0.012512233878065866
5.5922624109828885        -0.012406409703111902
5.612840017378646         -0.012075797368657456
5.615843254982007         -0.012028450271109421
5.624628096641175         -0.011893456024366382
5.630348459605094         -0.01180712569003071
5.631412691104611         -0.011791201438270973
5.63334458340794          -0.011761573902719777
5.6396587733694465        -0.011665420320608319
5.6746758098482735        -0.011151102932468578
5.686248688868491         -0.010988416876974747
5.696150098276188         -0.010853183920237635
5.705549067300513         -0.010726558661498554
5.720898569836528         -0.010523421348157957
5.740713815347196         -0.010267137982467374
5.755225891047469         -0.010084354578120633
5.762757228144825         -0.00999113192361625
5.777194937432275         -0.00981554905365345
5.804554170267134         -0.00949409468841406
5.811267536395738         -0.009417471547796558
5.829685991841812         -0.009211815085383173
5.879433103611457         -0.008676094695349051
5.886110823974766         -0.00860700988155619
5.891797905624065         -0.008549299054457659
5.902295908235697         -0.008443975793328567
5.905786505400778         -0.008409302667117159
5.907484967218284         -0.00839249397471423
5.922442281808386         -0.008246240364475509
5.926634722478033         -0.008205816895100422
5.927267560063452         -0.008199736780411138
5.927864805894068         -0.008194003841126014
5.938579186062258         -0.008092018141983471
5.96290486080162          -0.007866697586366716
5.9809024571620535        -0.00770512516892114
5.987797804401293         -0.0076442316790838434
6.000257766449794         -0.007535614347979648
6.014701485248417         -0.007411988517041535
6.0223996632298356        -0.007347100813890688
6.040451862539563         -0.007197672249397292
6.047351112246156         -0.007141575192044538
6.0494898439970894        -0.007124299034372053
6.0711733073644565        -0.0069515644859703815
6.0830578957358545        -0.006858731472047894
6.08754830100899          -0.006823995451842262
6.1040903888649005        -0.006697638621892316
6.113550732792793         -0.0066265114372666975
6.130335285271792         -0.006502155721297102
6.143734657084727         -0.006404929592531262
6.146228221014575         -0.006387058453751723
6.149590745600674         -0.006363059648692677
6.161140210404937         -0.006281504959434624
6.163449480995762         -0.006265298542232628
6.16779007318723          -0.006234979171180036
6.1766041724597285        -0.006173985720284348
6.186846406747796         -0.006104625733577541
6.228061748619719         -0.005833030867571101
6.238485493032652         -0.005766248986309931
6.241096722632546         -0.005749640189584675
6.269737789967893         -0.005570639063308241
6.280855610188335         -0.005502776155612905
6.289385980525506         -0.005451286211165904
6.309708971933112         -0.005330871573758655
6.36964447160688          -0.004992815700764045
6.369754713646385         -0.004992217382416978
6.369930454661752         -0.0049912637587463445
6.38724688319757          -0.0048983741475207305
6.39668958079098          -0.004848270132400715
6.400341386794907         -0.004829011633428989
6.420077393744416         -0.004726072850865115
6.439281283218127         -0.004627760954463962
6.441126785624353         -0.004618409317795939
6.458613234757232         -0.00453063794279264
6.459104382891408         -0.004528195134331201
6.459283085595247         -0.004527306033424537
6.487075620154612         -0.004391221471687262
6.504371769612265         -0.004308730667414998
6.504935804362314         -0.004306069010230358
6.530509752697083         -0.004187271271169127
6.532470605742088         -0.0041783148201290365
6.534238428371293         -0.004170222327458049
6.558446203942635         -0.004060726861859493
6.570070210777978         -0.004009023723422465
6.575791213629854         -0.0039837851513823234
6.583230184410734         -0.003951173083744931
6.604804254001587         -0.0038579069416368465
6.607006690668972         -0.003848491099093205
6.621171021459129         -0.0037884159902056634
6.621198571815389         -0.0037882999508134785
6.62123264885646          -0.00378815642601607
6.62810593767284          -0.0037593144567308703
6.633333387698757         -0.0037375124031337804
6.639956854451672         -0.0037100537622504525
6.644873086291765         -0.0036897925404899275
6.667186162831605         -0.0035991228702145863
6.680553380665346         -0.003545771519243448
6.701027770146036         -0.0034650225678549305
6.763632750732233         -0.003226696286052
6.77055597452049          -0.0032011349793380148
6.775213648226118         -0.0031840273303170787
6.7752498830453565        -0.0031838946474586293
6.778246402759147         -0.0031729378053286677
6.7822953026225345        -0.003158182082611532
6.809704111551574         -0.0030597802395230396
6.823556996561241         -0.0030110315183458263
6.845223596904178         -0.002935546843834236
6.846606720277885         -0.0029307881092173822
6.846862566113651         -0.002929908363038123
6.879639132086326         -0.0028185194978925547
6.898018156406707         -0.0027572024237751524
6.912606796677705         -0.002709115604328724
6.9326895071236025        -0.0026437656386479424
6.9362749034719275        -0.002632201753996667
6.950812715909237         -0.0025856335662146597
6.957796864558753         -0.0025634443182200504
6.961608226355077         -0.0025514072329424035
6.9643033399404874        -0.002542919454728001
6.969094707709859         -0.0025278689685170187
6.971731263922164         -0.0025196067371765947
6.977108075798504         -0.0025027807066853756
7.009261197916423         -0.002403464520730887
7.026363180256176         -0.002351548502767397
7.030883649136571         -0.0023379313677870965
7.035023084916617         -0.002325500731575444
7.051192622839735         -0.002277298797034391
7.067798402272122         -0.002228370215536591
7.079713965565661         -0.002193619553456143
7.087098445619173         -0.0021722336428233197
7.088223245485324         -0.002168986243682678
7.109380459699553         -0.0021081670888649425
7.132175091420368         -0.0020434597373198853
7.134044518674441         -0.0020381961475801815
7.139229650557313         -0.0020236260596965517
7.141804066405296         -0.0020164185184461014
7.153588262271704         -0.0019835654023254543
7.179317252786143         -0.001912627754887986
7.184449270467065         -0.0018986081997159595
7.1978826101432745        -0.0018621159155335877
7.200055011820575         -0.0018562423095710991
7.229713537927547         -0.0017768281907421253
7.233343750031236         -0.001767207056188232
7.237611599488126         -0.0017559236578571146
7.2539611538812565        -0.0017129751264289932
7.283774241673291         -0.0016356069775624257
7.286156070531195         -0.001629469972876644
7.315745960816363         -0.001553772866296609
7.3186379521346225        -0.0015464285675517164
7.341096339763075         -0.0014897222054512627
7.367051195571048         -0.0014249100000127573
7.37677303281295          -0.0014008329236890856
7.385640286196884         -0.0013789673062603043
7.394492694656994         -0.0013572299617597673
7.42684769380176          -0.0012784989586826338
7.444474317235262         -0.0012361351471074085
7.472982331779445         -0.0011681422980889902
7.481514404463528         -0.00114791122049917
7.484777281668752         -0.0011401895295675957
7.488471210481068         -0.00113147451921069
7.493560672783082         -0.0011194786754377677
7.511142423999796         -0.001078203938470696
7.526914208738006         -0.0010413965245674919
7.547825945565086         -9.92912032735238E-4
7.557271826753206         -9.711304517018165E-4
7.568549273814902         -9.452223686819316E-4
7.5754033194206265        -9.295278875747199E-4
7.624257539105193         -8.187901010774546E-4
7.625956123630012         -8.149755501955716E-4
7.627951567217961         -8.104911897367531E-4
7.651592972774853         -7.574879832630711E-4
7.688923385304301         -6.742681489909075E-4
7.695704442577114         -6.592157930284461E-4
7.7230758431089415        -5.986742852098786E-4
7.744268533436981         -5.520376249661393E-4
7.745213441905204         -5.49963537273317E-4
7.752841314848594         -5.332340160373514E-4
7.785471681634547         -4.619454101361611E-4
7.806379606938259         -4.1650290532334447E-4
7.81871809779729          -3.897720879703E-4
7.822668539986127         -3.8122717239909856E-4
7.831003323812078         -3.6318796831305875E-4
7.843249331842479         -3.367338373657994E-4
7.855071257386191         -3.1121721243663884E-4
7.869017240775077         -2.8114300714923783E-4
7.8847655169697815        -2.472173564832061E-4
7.892575792467759         -2.3040594090408814E-4
7.904473139125004         -2.0481483921813633E-4
7.920773667095712         -1.6980496382936884E-4
7.921078477589515         -1.691505422298625E-4
7.921369451899901         -1.6852583494002932E-4
7.92167635987936          -1.6786692766653134E-4
7.96405286181503          -7.69747257662497E-5
7.966744276809146         -7.120780485781338E-5
7.996954940335416         -6.522830981852833E-6
8                         -7.314312263459614E-20
