0                         0
0.019153469918087904      2.3332727741047596E-4
0.035184978985276304      4.288558587556015E-4
0.03673454655024136       4.47766439221717E-4
0.04132768492130566       5.038317395360177E-4
0.043509022094748176      5.304639349678233E-4
0.08395237955060128       0.0010252360868418715
0.08754763355928612       0.0010692513107602951
0.10847392120090006       0.0013255970105467759
0.14294592392238176       0.0017484489447720118
0.14296778520055622       0.0017487173327445451
0.14297522017911252       0.0017488086110417755
0.14297940826332484       0.001748860126770091
0.15063414657472868       0.0018430622062392018
0.15251257117853603       0.0018661924289626462
0.1606477114878659        0.001966056190223284
0.16313188039359983       0.0019965835502562786
0.16949330397337165       0.0020748272912355183
0.17443092317907138       0.00213562776107885
0.19485800043163626       0.0023878413886539497
0.20291690632015635       0.0024875868924273464
0.2311038382876196        0.00283753500545431
0.23539367931708727       0.002890941363287447
0.24912196221350072       0.003062112312274754
0.25775207043510595       0.003169920125830303
0.2815854901449183        0.0034684641930718928
0.2941126028140928        0.003625862453743516
0.30413237701887275       0.003751941604624693
0.3135882139856099        0.003871118711318039
0.3180786049597433        0.00392777954468336
0.31911785492650757       0.003940899104422888
0.34184714962167473       0.004229583587359447
0.3456327628802034        0.0042778277923810224
0.34746230039005815       0.004301122187248116
0.35618694303349097       0.004412373216918414
0.3651072189536284        0.004526401611202062
0.36949288953463844       0.004582568727056629
0.39095201224435916       0.004858391279979612
0.39824216735482154       0.004952471049991387
0.4165348111555509        0.005189379168167028
0.43975028378465664       0.005491974718254058
0.4478271189408488        0.00559783739602672
0.4555968386574516        0.005699960898003234
0.47735655352075784       0.005987459306742732
0.48150429460638444       0.006042510747592174
0.48499803408359454       0.0060889266746333055
0.48677094325041503       0.006112501104924624
0.5138890454373473        0.006474813255296149
0.5191565768761729        0.006545782194588378
0.5245229954327968        0.006618212103442888
0.5440738283835338        0.006882928881038423
0.5494365492367571        0.006955896031354434
0.5534019943950196        0.00700994998797974
0.5775057308275748        0.007340318348221576
0.5939955649282752        0.0075681149904502166
0.610898913423348         0.007803408062310927
0.6162591148969521        0.007878435701230715
0.6275493403004573        0.0080370328593009
0.6290604955021992        0.00805832447544839
0.6292892729613454        0.008061549181254828
0.6312528998878333        0.008089241489838177
0.6356576443618921        0.008151452740064723
0.6462501803163077        0.008301583756678178
0.6629335834586232        0.008539547125787214
0.6847700795386542        0.008853792983353575
0.7239467587406722        0.009426213507027017
0.7240012089203247        0.009427017978662697
0.7242387194015113        0.009430528202172682
0.7385039043777896        0.009642133697236047
0.743994159836836         0.0097239818407465
0.7493510091305335        0.009803975263528457
0.7659503146995656        0.010053420214124713
0.7829708944282829        0.010311658964862202
0.7922327969182303        0.010453229730402256
0.8048853438242012        0.010647820950846503
0.8212306059847114        0.010901244892872666
0.825704674638256         0.010971013715068664
0.83031426633672          0.011043076125027597
0.8459624517431388        0.011289070955323968
0.8624868079447296        0.01155194549398955
0.8938731012968977        0.01205873643836383
0.8972937425766818        0.012114562039380274
0.9067022789187222        0.012268712441869807
0.9107302903008234        0.012334977297447975
0.9116840857100417        0.012350703839246096
0.9131747560363964        0.012375302812499673
0.9604077385957048        0.013167200488596197
0.962085990424219         0.013195813643852196
0.9663282171084754        0.013268286615002732
0.9915039599564556        0.013702676068030684
1.0036875940415646        0.01391553521380686
1.0136201205718312        0.014090339184039725
1.024305169640086         0.014279428063880734
1.028310999160422         0.014350749478910005
1.0336137872113902        0.014445524750374002
1.051129678744864         0.0147615149041172
1.0583190906217732        0.01489251690196914
1.083625222180465         0.015359668415111265
1.0837794516888484        0.015362544313364963
1.0886392369178979        0.015453342954776381
1.0987895498018716        0.015644106285046595
1.1111815402083365        0.015878609805869318
1.1113535917977195        0.015881880679589976
1.1214856043274708        0.016075630646383805
1.1215230059883448        0.016076348456963766
1.1292319028341762        0.016223966991541952
1.1305974722323213        0.016250339036671984
1.1413495711257615        0.016459036228453537
1.1703829369926817        0.017032002372685533
1.1735104035710648        0.017094566299596083
1.1855223883516448        0.017336388323947256
1.2018521255111478        0.017668717687394947
1.2074258338774073        0.017783176515940264
1.2185463774669716        0.01801310451763703
1.2304720712239712        0.01826199251776195
1.252708399655367         0.018732454591360623
1.2564248624183407        0.018811896771056377
1.264772436560789         0.018991179845457975
1.2726516041201017        0.019161347017468987
1.2788551813657358        0.019296287393487047
1.3057179629717877        0.019890379129960382
1.3233323073659327        0.020288553011718308
1.3288632039419452        0.02041498773753375
1.3554006422732348        0.021030988132946085
1.3586337835718012        0.021107096324670054
1.3644468071019191        0.021244513481153603
1.3818921781710771        0.021661377614017707
1.4116571411448262        0.022388082272574703
1.4152831839122015        0.02247794325082221
1.4270886977246433        0.02277299778979102
1.431633097857124         0.022887940698572425
1.4523139376605347        0.023415888672924535
1.4531869296483062        0.02343848257502677
1.4555282731220278        0.02349918846435458
1.459777345490016         0.02360947531246744
1.4803511613764253        0.02415140783140661
1.483571065722388         0.024237276917027855
1.4952674586435037        0.02455159888406801
1.519026145194039         0.025201664066962927
1.5331821686317177        0.025596372826819584
1.5398331567911634        0.025783724381370443
1.5524530500814322        0.026142559508383647
1.5580016003094734        0.026301714262008457
1.579186575065072         0.026917175749854298
1.5960952478599388        0.02741726392488667
1.6077661941167602        0.027768150475367157
1.6124253639576462        0.027909673389985526
1.6368212717593091        0.028664165796095882
1.6488682464142723        0.029045081520984076
1.6554313122393092        0.02925492032852899
1.688711199756602         0.03034415296545091
1.6969683473633643        0.03062099964053845
1.70305717882367          0.030827057778184185
1.71319421921106          0.03117329974200224
1.7144218876768613        0.03121550224772187
1.7204208888726478        0.03142256408283416
1.7221809610989052        0.031483512559158086
1.7371593569803316        0.03200677791687094
1.7534103293307723        0.03258378660578143
1.7568456848121081        0.03270700016324664
1.758380382677677         0.032762183694574364
1.7602791180294095        0.03283127362450548
1.7664327900567567        0.033056265161283294
1.7686841712583092        0.03313899133939182
1.7780263943707744        0.033484619331143724
1.8020244426630323        0.03438882581576086
1.8247434463986671        0.035272562925614453
1.8274677438562728        0.03538034475701999
1.8465150649140414        0.03614081014616414
1.8519688480276262        0.036361991961027594
1.882447339517909         0.037626254823520146
1.8858460222648628        0.03777019727915524
1.8969044768886616        0.038242664478142875
1.9010287512595916        0.03842048379031
1.9400047148295416        0.04014418063437006
1.943596746479927         0.04030714290831236
1.9455135408426207        0.04039451599307435
1.9504299850801663        0.04061993428597356
1.982299557305268         0.04213495701989094
1.9980666123797768        0.04290872300061088
2.000323601433044         0.04301990338794939
2.0136037597778884        0.043681786724491495
2.0362871076729974        0.04484275313208703
2.045612367993578         0.045331166864496036
2.0780208831350517        0.04707902275424862
2.0790163657232794        0.04713395144120783
2.0792564720630144        0.0471472110822003
2.120827482499465         0.04950776145972223
2.121830517818976         0.049567119195781766
2.1298798614165197        0.05004655493152165
2.1563697312978816        0.051663156420383986
2.1633224104801605        0.052096383759807935
2.189762223500865         0.05379038103947236
2.1912900643086894        0.053890520704075295
2.198167833538686         0.05434435759650059
2.2090252549718596        0.05506959517216378
2.236045769469567         0.05693044147566822
2.23727375140654          0.057016907034325055
2.2376490440752335        0.057043298120126054
2.239264672799715         0.05715709136201754
2.2560330169985874        0.05835538857165339
2.2604355559985603        0.05867521959169956
2.2664205605700944        0.05911349195673706
2.291275451009025         0.06097648353589422
2.307604514547238         0.06223806823284055
2.3255471816929703        0.06365874169267373
2.340642041099097         0.06489993290891562
2.3490448141890687        0.06560579279229503
2.3616905896128264        0.06668820924110247
2.3707477965190833        0.06745880862714784
2.3794380698247535        0.06821212085150721
2.3829508940012265        0.0685205006706628
2.3944394778618747        0.06954461579570531
2.404186293818823         0.07043216310654005
2.4120066630184773        0.0711566977984912
2.4138890039109424        0.07133393082612333
2.4185300498110096        0.07177425706152155
2.431519343593534         0.07302043904517032
2.4359938554191407        0.07345462234627757
2.4485973794987563        0.07469110629987731
2.4651030840066004        0.07634056141625874
2.47462564055167          0.07730772326918295
2.482423465061537         0.07813486587189317
2.4954031480094296        0.07953011910613542
2.4960495922544           0.07960021144804164
2.539733337378303         0.08446573787313848
2.5585033375735513        0.08666327698804037
2.5608731866334344        0.0869477645707269
2.5666198107834504        0.08764225072181625
2.568529315145573         0.08787446928850733
2.5722553843637663        0.08832969053867729
2.6118988667594483        0.0933438659647761
2.613219282232219         0.09351619370234508
2.6175668023305065        0.09408635722614357
2.627563537059857         0.09541350309266852
2.6429355276833024        0.09749805662688814
2.6790753083658663        0.10260796424530996
2.6835712282425512        0.10326417493150482
2.68905367009095          0.10405523945823249
2.7223826472588173        0.10912531639089607
2.73714927071476          0.11151495857531425
2.7516984961845417        0.11394708819207218
2.7526112349678757        0.1141013286910118
2.7531343840132436        0.11418681165320117
2.7532301473197407        0.11420246892714786
2.7652250881158027        0.11618682293422483
2.785521019137488         0.11969332521749675
2.7903297029482506        0.12053698669499402
2.8022733335655827        0.12265377484380549
2.8279222757465603        0.1273023813132811
2.837805230063486         0.1291310058855942
2.843069027194277         0.13014662226179086
2.8538698104774154        0.13223519526962824
2.8692186543573595        0.13521394808234613
2.893095709859009         0.13987276580196475
2.908778064066603         0.14300764657599854
2.910888403892752         0.14343333559329524
2.9449838230939536        0.150437002895442
2.950835263982574         0.15166284289013238
2.965335393496198         0.15473066869114566
2.9744270447298824        0.1567268900998015
2.977090971770459         0.15731697195220978
2.993711249777937         0.1610514437871837
2.995383874068736         0.16143232609380387
3.0236235858236182        0.16800247678759958
3.029747705817988         0.1692286035183777
3.0399441806850396        0.1711898819017114
3.0469919050885292        0.17254008429281303
3.0480516473028914        0.17277812993936134
3.0535302358272993        0.1740051795989595
3.078243124543072         0.17961477313500424
3.088600290507239         0.18191309852606755
3.1115102272931825        0.18688648665157964
3.119797428771992         0.18864803018019088
3.1257087019753005        0.1898923750104805
3.1281744317332727        0.19040842597792834
3.140539625484771         0.1929697451326669
3.1405985118859387        0.19298171070021153
3.140605107841283         0.192983050954365
3.168867682163762         0.1986753860033966
3.17171308402221          0.19928047206311297
3.1773755062782163        0.2004563833182865
3.187083764881326         0.20235142348186305
3.2090366054683255        0.20651293576244537
3.2199813556071755        0.20852363143262162
3.2227679311570157        0.20902875492943557
3.22555961583926          0.2095320340422111
3.2301575608995834        0.21035489721665357
3.23671968656749          0.21151624764061036
3.239394070802387         0.21193999662043847
3.2513853520313982        0.21377107351097754
3.2837755389782197        0.21815379547099734
3.2913887416445515        0.21901000938662069
3.293892198188236         0.219275528393601
3.311200284034764         0.22089420034070126
3.322112757444169         0.22171982488437889
3.322793554196509         0.22176633744260632
3.324878784815005         0.22190515124141916
3.344882806280157         0.2229571325362501
3.3542115407934814        0.22341786331174662
3.364273248627643         0.22383609514767275
3.366928516574284         0.22392949187527392
3.41279428527801          0.2244240904094104
3.41501524690374          0.22439435486520704
3.429329363435887         0.2240837323856597
3.4368190884039103        0.22383911222105607
3.437631591338256         0.22379607128527557
3.4381245808010745        0.2237695268936339
3.4717527360832765        0.22119378982123725
3.479983779605476         0.22020472320379322
3.48059622779958          0.22012821589190756
3.4837590377403274        0.21972669267179454
3.505715431959043         0.2166425945179885
3.5112548510533648        0.21570188785696265
3.5132088508183354        0.21535072768651287
3.5159896389680014        0.21483359968693935
3.5187307945979387        0.21436713576039215
3.524502445651664         0.21334765292712193
3.5621419361186515        0.20545810512153415
3.5625797109980293        0.20535368310965946
3.5627289379788203        0.20531802161249968
3.5645674646705903        0.204875884224185
3.5968539006243527        0.19606998982620683
3.609108945712854         0.1923127159028185
3.620673699963753         0.18855774813932458
3.6311887557951747        0.18496718105457263
3.645024461057557         0.18046853018784934
3.6606395336672577        0.1745292251805797
3.6680275682552304        0.17143996713688886
3.6956543541072526        0.16003756872656102
3.6982434004850147        0.15894510443684576
3.7068252360335046        0.15538845253788258
3.7305468350950948        0.14528352904874042
3.7599654269316236        0.13192876912801596
3.7715067915000224        0.12644061293901104
3.78575584055866          0.1194714260192496
3.793232501936144         0.11572908577877444
3.797690027909509         0.11346992584533466
3.8154778118159323        0.10424641412305777
3.8346865058404824        0.09391198041154555
3.855918168777194         0.08203713922741518
3.859729821168896         0.08002859143571746
3.866032387030583         0.07673608617647752
3.876669591088355         0.07083919186143622
3.88333022729498          0.0671299220470464
3.8926668866631067        0.06190855194054877
3.904309360051456         0.05536198182489516
3.9121244060153773        0.05094534331336751
3.930334043764538         0.04058495741621013
3.9367399288916296        0.03691726930677095
3.950696734763902         0.0288847499409103
3.962747561829689         0.021903348039889525
3.973178326187108         0.015758528206754434
3.973743139216248         0.015423296713937183
3.9831943768833025        0.009775674609800018
3.987694203220565         0.007061545386581398
3.9962569370816494        0.001999577427450097
3.9975566780410414        0.001231751523710097
4.012770569175105         -0.007745467342421051
4.02394760815845          -0.014328422363470508
4.0430554568550585        -0.025558365211297136
4.047733861406063         -0.028303305962275493
4.05422316781605          -0.03205214970210141
4.058879056347525         -0.034725223462016216
4.066247457962173         -0.03892726091593615
4.093796441288454         -0.05463162855287366
4.112371005709246         -0.06501991038077493
4.123833054107351         -0.07134989268928937
4.135583769922044         -0.07777555436876063
4.135635279204395         -0.07780357921045203
4.140012996580008         -0.08018084880313368
4.166740452374066         -0.09440215812614788
4.18480895209354          -0.10389140227470549
4.184852400795864         -0.1039140994416235
4.184916691545646         -0.1039476832177578
4.2018298840961785        -0.1127643131211566
4.236617954126328         -0.1303634966681841
4.24013139819794          -0.13210087993506145
4.240173946577126         -0.13212239286565214
4.243842590038584         -0.13396411801227914
4.262702965325694         -0.14302099019158054
4.278923464340358         -0.1503560573365934
4.3094218839465           -0.1632596143904424
4.33230115597463          -0.17217837901998673
4.366603229137357         -0.1843273802053482
4.370555680248428         -0.18562309230463855
4.372294847790506         -0.18618770473209426
4.375287352493057         -0.18715129656635163
4.419700753037062         -0.20027623555512608
4.440757931160126         -0.20572880494211634
4.446608730150341         -0.20715586429961777
4.462854730419555         -0.21075201088060402
4.484684529821897         -0.21441631473218578
4.489836455540123         -0.215407528399258
4.49528988600627          -0.2162862392720869
4.503487921002957         -0.2175266784152864
4.5210902295833355        -0.2199475029000737
4.535037955089642         -0.22153253811639698
4.537396113719977         -0.22177140860944217
4.555217570594662         -0.22330435014128178
4.582128007792344         -0.22470768839097424
4.585483749284329         -0.2248057862686987
4.606605195900868         -0.22503179156368058
4.621894709003607         -0.22477389126832156
4.621948869165602         -0.2247723485136985
4.637394666411625         -0.22415110885738523
4.649877268985319         -0.22338509850541746
4.654755497808846         -0.22315087041098366
4.658785604468376         -0.22294222237156341
4.671762986640884         -0.22217726097604837
4.694680377530597         -0.22047941679582655
4.69949523461053          -0.2200663873434116
4.706191000264063         -0.21932645895965314
4.7229560636979855        -0.2170429512262677
4.729156193146849         -0.21616631043152323
4.76025944143705          -0.21150667158076622
4.762897475831469         -0.2110913682826347
4.811384383887634         -0.20289850956943123
4.813022804385128         -0.20260992878826672
4.8133599245428735        -0.2025483151563942
4.817254282850068         -0.2018295848459776
4.820219778960497         -0.20127366636464625
4.8205785205590335        -0.20120591077993644
4.822059774140375         -0.20092499181620938
4.836165914682571         -0.1981566427005141
4.862900918545355         -0.19244740453246445
4.875770102960986         -0.1897553685255123
4.891824811462834         -0.18611468317628793
4.904897843499508         -0.1831762359418908
4.9195848752949045        -0.17990294308470228
4.920503285829614         -0.1796992393171137
4.923611818093265         -0.17901062351239247
4.956471250821956         -0.17200671737223353
4.965167959400687         -0.170180347633364
4.965862336161715         -0.1700323394005532
4.966554459054077         -0.16988475912039788
4.978489220346469         -0.16733168956558245
4.990125393029947         -0.16482749836533192
5.00319029671995          -0.16199818979852937
5.0121224345914195        -0.1600531223559235
5.031208016170858         -0.15588637279903247
5.035980919029257         -0.15489215341597004
5.057619079143727         -0.1502886899454584
5.059805609831747         -0.1498278400110955
5.072271801855443         -0.14721554915298118
5.0856736841559185        -0.14443599315113098
5.087476333075911         -0.14406440061891335
5.110028278184978         -0.1394612531557479
5.1132271340125595        -0.1388151698798199
5.114934300051187         -0.13847106400918058
5.139150930157378         -0.13364199387992248
5.1473091552233345        -0.13203709964302618
5.150754323766722         -0.1313626845532024
5.162437477226232         -0.12909031551711259
5.163540388672218         -0.12888009144079587
5.170561638145081         -0.12754996599339685
5.206664592483216         -0.12093386798064135
5.209457362550079         -0.1204376581147391
5.210464499592957         -0.1202592624478991
5.210799781275209         -0.12020060293182931
5.210869544516197         -0.12018840341506351
5.215408829601935         -0.11939904164087056
5.222744618751246         -0.11814180146278144
5.2388417207165405        -0.11546277360412179
5.252353669227548         -0.113298592989088
5.258923732859628         -0.11222969170483395
5.289587144022239         -0.1073737890745638
5.308153041726807         -0.10461934962990622
5.340103237839001         -0.10001055578394871
5.364300335970152         -0.09663069972316904
5.369217213304013         -0.09596149771027063
5.376633974467597         -0.09496317492713378
5.393324044124357         -0.09276554600172143
5.41624685375684          -0.08985762824066498
5.41958596223151          -0.08944470009969649
5.43290642119779          -0.08782441518027082
5.441170499005166         -0.08681086466483173
5.449406119959197         -0.08581960755847345
5.459897628352961         -0.08458401458465195
5.4769313593268745        -0.0826376632350738
5.484410810334534         -0.0818080592328505
5.48627298170045          -0.08160388636713393
5.487915122900242         -0.08142544056753746
5.492902715701963         -0.08088587005801887
5.5195980040208354        -0.078059650104674
5.531008114490512         -0.07688340665303654
5.543323704691313         -0.07563515034019207
5.549556499539548         -0.07501186023239992
5.5617181430385925        -0.0738120063220455
5.585814385434083         -0.07149847930323486
5.5922624109828885        -0.07089376973206934
5.612840017378646         -0.06900455639232965
5.615843254982007         -0.06873400154919798
5.624628096641175         -0.06796260585352348
5.630348459605094         -0.06746928965731962
5.631412691104611         -0.06737829393297826
5.63334458340794          -0.06720899372982857
5.6396587733694465        -0.06665954468919165
5.6746758098482735        -0.06372058818553594
5.686248688868491         -0.06279095358271403
5.696150098276188         -0.062018193829930526
5.705549067300513         -0.06129462092285006
5.720898569836528         -0.0601338362751895
5.740713815347196         -0.0586693598998147
5.755225891047469         -0.0576248833035476
5.762757228144825         -0.05709218242066538
5.777194937432275         -0.05608885173516363
5.804554170267134         -0.0542519696480814
5.811267536395738         -0.053814123130267066
5.829685991841812         -0.05263894334504772
5.879433103611457         -0.04957768397342413
5.886110823974766         -0.049182913608893486
5.891797905624065         -0.04885313745404474
5.902295908235697         -0.048251290247592775
5.905786505400778         -0.048053158097813305
5.907484967218284         -0.04795710842693941
5.922442281808386         -0.04712137351128959
5.926634722478033         -0.046890382257717654
5.927267560063452         -0.04685563874520746
5.927864805894068         -0.04682287909214961
5.938579186062258         -0.04624010366847792
5.96290486080162          -0.04495255763638218
5.9809024571620535        -0.04402928667955028
5.987797804401293         -0.04368132388048
6.000257766449794         -0.043060653417027445
6.014701485248417         -0.04235422009738106
6.0223996632298356        -0.04198343322223337
6.040451862539563         -0.04112955571084252
6.047351112246156         -0.0408090010973982
6.0494898439970894        -0.04071028019641256
6.0711733073644565        -0.03972322563411729
6.0830578957358545        -0.039192751268845916
6.08754830100899          -0.038994259724813726
6.1040903888649005        -0.038272220696528324
6.113550732792793         -0.03786577964152477
6.130335285271792         -0.037155175550269925
6.143734657084727         -0.03659959767160798
6.146228221014575         -0.03649747687858204
6.149590745600674         -0.03636034084967321
6.161140210404937         -0.03589431405391289
6.163449480995762         -0.03580170595561578
6.16779007318723          -0.03562845240674382
6.1766041724597285        -0.03527991840162559
6.186846406747796         -0.03488357562044384
6.228061748619719         -0.03333160495754986
6.238485493032652         -0.03294999420748603
6.241096722632546         -0.03285508679762742
6.269737789967893         -0.03183222321890492
6.280855610188335         -0.03144443517493156
6.289385980525506         -0.03115020692094869
6.309708971933112         -0.03046212327862155
6.36964447160688          -0.028530375432938026
6.369754713646385         -0.02852695647095478
6.369930454661752         -0.028521507192836876
6.38724688319757          -0.027990709414404787
6.39668958079098          -0.02770440075657611
6.400341386794907         -0.027594352191023405
6.420077393744416         -0.027006130576372668
6.439281283218127         -0.026444348311223206
6.441126785624353         -0.026390910387405937
6.458613234757232         -0.025889359673101353
6.459104382891408         -0.025875400767607425
6.459283085595247         -0.025870320190997904
6.487075620154612         -0.02509269412392776
6.504371769612265         -0.024621318099514806
6.504935804362314         -0.024606108629888296
6.530509752697083         -0.023927264406681255
6.532470605742088         -0.023876084686452165
6.534238428371293         -0.023829841871189368
6.558446203942635         -0.02320415349634047
6.570070210777978         -0.022908706990986023
6.575791213629854         -0.02276448657932806
6.583230184410734         -0.022578131907114385
6.604804254001587         -0.022045182523639597
6.607006690668972         -0.021991377709104525
6.621171021459129         -0.02164809137260427
6.621198571815389         -0.021647428290363212
6.62123264885646          -0.02164660814866374
6.62810593767284          -0.02148179689560545
6.633333387698757         -0.0213572137321935
6.639956854451672         -0.021200307212860207
6.644873086291765         -0.021084528802800054
6.667186162831605         -0.020566416401226664
6.680553380665346         -0.020261551538534435
6.701027770146036         -0.01980012895917147
6.763632750732233         -0.01843826449172612
6.77055597452049          -0.01829219988193192
6.775213648226118         -0.018194441887526565
6.7752498830453565        -0.018193683699764002
6.778246402759147         -0.018131073173307075
6.7822953026225345        -0.018046754757780583
6.809704111551574         -0.017484458511560615
6.823556996561241         -0.01720589439054796
6.845223596904178         -0.016774553393338873
6.846606720277885         -0.016747360624099702
6.846862566113651         -0.016742333503075364
6.879639132086326         -0.01610582570224353
6.898018156406707         -0.015755442421572653
6.912606796677705         -0.015480660596164484
6.9326895071236025        -0.015107232220845729
6.9362749034719275        -0.01504115287998129
6.950812715909237         -0.014775048949798385
6.957796864558753         -0.014648253246972042
6.961608226355077         -0.014579469902528345
6.9643033399404874        -0.01453096831273176
6.969094707709859         -0.014444965534383285
6.971731263922164         -0.014397752783866577
6.977108075798504         -0.01430160403820247
7.009261197916423         -0.013734082975605381
7.026363180256176         -0.013437420015814005
7.030883649136571         -0.013359607815926574
7.035023084916617         -0.013288575609002845
7.051192622839735         -0.01301313598305396
7.067798402272122         -0.01273354408878081
7.079713965565661         -0.012534968876892533
7.087098445619173         -0.012412763673276393
7.088223245485324         -0.012394207106758441
7.109380459699553         -0.012046669079228517
7.132175091420368         -0.011676912784685326
7.134044518674441         -0.011646835129029873
7.139229650557313         -0.011563577483980559
7.141804066405296         -0.011522391533977987
7.153588262271704         -0.011334659441859992
7.179317252786143         -0.010929301456503024
7.184449270467065         -0.010849189712662872
7.1978826101432745        -0.010640662374477883
7.200055011820575         -0.01060709891183509
7.229713537927547         -0.010153303947098086
7.233343750031236         -0.010098326035361553
7.237611599488126         -0.010033849473469452
7.2539611538812565        -0.009788429293880184
7.283774241673291         -0.009346325586071218
7.286156070531195         -0.00931125698786675
7.315745960816363         -0.008878702093123683
7.3186379521346225        -0.008836734671724297
7.341096339763075         -0.008512698316864553
7.367051195571048         -0.008142342857215943
7.37677303281295          -0.008004759563937818
7.385640286196884         -0.00787981317863049
7.394492694656994         -0.007755599781484559
7.42684769380176          -0.007305708335329503
7.444474317235262         -0.007063629412042494
7.472982331779445         -0.006675098846222952
7.481514404463528         -0.006559492688566836
7.484777281668752         -0.006515368740386412
7.488471210481068         -0.0064655686812040885
7.493560672783082         -0.006397021002501675
7.511142423999796         -0.006161165362689831
7.526914208738006         -0.005950837283242947
7.547825945565086         -0.0056737830442014905
7.557271826753206         -0.00554931686686765
7.568549273814902         -0.005401270678182591
7.5754033194206265        -0.005311587928998523
7.624257539105193         -0.004678800577585565
7.625956123630012         -0.004657003143974804
7.627951567217961         -0.004631378227067269
7.651592972774853         -0.004328502761503364
7.688923385304301         -0.0038529608513767047
7.695704442577114         -0.0037669473887340663
7.7230758431089415        -0.0034209959154851
7.744268533436981         -0.0031545007140922976
7.745213441905204         -0.003142648784419028
7.752841314848594         -0.0030470515202135067
7.785471681634547         -0.0026396880579209817
7.806379606938259         -0.0023800166018477387
7.81871809779729          -0.002227269074116053
7.822668539986127         -0.0021784409851377568
7.831003323812078         -0.0020753598189318127
7.843249331842479         -0.0019241933563760413
7.855071257386191         -0.0017783840710665494
7.869017240775077         -0.0016065314694242534
7.8847655169697815        -0.001412670608475496
7.892575792467759         -0.00131660537659482
7.904473139125004         -0.001170370509817949
7.920773667095712         -9.703140790249873E-4
7.921078477589515         -9.665745270278083E-4
7.921369451899901         -9.63004771085904E-4
7.92167635987936          -9.592395866659156E-4
7.96405286181503          -4.398555758071512E-4
7.966744276809146         -4.0690174204465753E-4
7.996954940335416         -3.727331989630276E-5
8                         -4.1796070076913057E-19
