0                         0
0.019153469918087904      5.833181935261976E-5
0.035184978985276304      1.0721396468890178E-4
0.03673454655024136       1.1194160980543072E-4
0.04132768492130566       1.2595793488400604E-4
0.043509022094748176      1.326159837419576E-4
0.08395237955060128       2.563090217104713E-4
0.08754763355928612       2.6731282769007736E-4
0.10847392120090006       3.3139925263669825E-4
0.14294592392238176       4.371122361930088E-4
0.14296778520055622       4.371793331861422E-4
0.14297522017911252       4.372021527604496E-4
0.14297940826332484       4.372150316925285E-4
0.15063414657472868       4.6076555155980653E-4
0.15251257117853603       4.6654810724066763E-4
0.1606477114878659        4.915140475558274E-4
0.16313188039359983       4.991458875640763E-4
0.16949330397337165       5.187068228088865E-4
0.17443092317907138       5.339069402697196E-4
0.19485800043163626       5.969603471634955E-4
0.20291690632015635       6.218967231068451E-4
0.2311038382876196        7.09383751363587E-4
0.23539367931708727       7.227353408218713E-4
0.24912196221350072       7.655280780686988E-4
0.25775207043510595       7.924800314575863E-4
0.2815854901449183        8.671160482679849E-4
0.2941126028140928        9.06465613435891E-4
0.30413237701887275       9.37985401156186E-4
0.3135882139856099        9.677796778295229E-4
0.3180786049597433        9.819448861708533E-4
0.31911785492650757       9.852247761057353E-4
0.34184714962167473       0.0010573958968398758
0.3456327628802034        0.0010694569480952701
0.34746230039005815       0.0010752805468120434
0.35618694303349097       0.0011030933042296181
0.3651072189536284        0.0011316004028005307
0.36949288953463844       0.0011456421817641728
0.39095201224435916       0.0012145978199949192
0.39824216735482154       0.0012381177624978634
0.4165348111555509        0.0012973447920417744
0.43975028378465664       0.0013729936795635327
0.4478271189408488        0.0013994593490066981
0.4555968386574516        0.001424990224500827
0.47735655352075784       0.0014968648266857022
0.48150429460638444       0.0015106276868980634
0.48499803408359454       0.001522231668658346
0.48677094325041503       0.001528125276231176
0.5138890454373473        0.001618703313824058
0.5191565768761729        0.0016364455486471154
0.5245229954327968        0.0016545530258607432
0.5440738283835338        0.001720732220259628
0.5494365492367571        0.0017389740078386307
0.5534019943950196        0.001752487496994957
0.5775057308275748        0.0018350795870554172
0.5939955649282752        0.0018920287476125776
0.610898913423348         0.0019508520155777568
0.6162591148969521        0.0019696089253077036
0.6275493403004573        0.0020092582148252508
0.6290604955021992        0.0020145811188621225
0.6292892729613454        0.0020153872953137327
0.6312528998878333        0.00202231037245957
0.6356576443618921        0.0020378631850162063
0.6462501803163077        0.0020753959391695705
0.6629335834586232        0.0021348867814468308
0.6847700795386542        0.0022134482458384215
0.7239467587406722        0.0023565533767567846
0.7240012089203247        0.002356754494665704
0.7242387194015113        0.002357632050543201
0.7385039043777896        0.002410533424309043
0.743994159836836         0.0024309954601866557
0.7493510091305335        0.0024509938158821455
0.7659503146995656        0.0025133550535312104
0.7829708944282829        0.0025779147412155834
0.7922327969182303        0.0026133074326005977
0.8048853438242012        0.0026619552377116595
0.8212306059847114        0.0027253112232182007
0.825704674638256         0.0027427534287672007
0.83031426633672          0.0027607690312569334
0.8459624517431388        0.0028222677388310266
0.8624868079447296        0.002887986373497423
0.8938731012968977        0.003014684109590995
0.8972937425766818        0.0030286405098451053
0.9067022789187222        0.003067178110467489
0.9107302903008234        0.003083744324362031
0.9116840857100417        0.0030876759598115608
0.9131747560363964        0.003093825703124956
0.9604077385957048        0.0032918001221490896
0.962085990424219         0.0032989534109630885
0.9663282171084754        0.0033170716537507237
0.9915039599564556        0.0034256690170077126
1.0036875940415646        0.0034788838034517577
1.0136201205718312        0.003522584796009974
1.024305169640086         0.003569857015970227
1.028310999160422         0.0035876873697275446
1.0336137872113902        0.003611381187593545
1.051129678744864         0.0036903787260293445
1.0583190906217732        0.0037231292254923313
1.083625222180465         0.003839917103777864
1.0837794516888484        0.0038406360783412885
1.0886392369178979        0.003863335738694143
1.0987895498018716        0.003911026571261697
1.1111815402083365        0.003969652451467379
1.1113535917977195        0.003970470169897543
1.1214856043274708        0.004018907661596001
1.1215230059883448        0.004019087114240992
1.1292319028341762        0.004055991747885539
1.1305974722323213        0.004062584759168046
1.1413495711257615        0.004114759057113435
1.1703829369926817        0.0042580005931714335
1.1735104035710648        0.004273641574899071
1.1855223883516448        0.004334097080986865
1.2018521255111478        0.00441717942184879
1.2074258338774073        0.004445794128985119
1.2185463774669716        0.004503276129409312
1.2304720712239712        0.004565498129440542
1.252708399655367         0.00468311364784021
1.2564248624183407        0.0047029741927641505
1.264772436560789         0.00474779496136455
1.2726516041201017        0.0047903367543673005
1.2788551813657358        0.004824071848371818
1.3057179629717877        0.004972594782490155
1.3233323073659327        0.005072138252929638
1.3288632039419452        0.005103746934383498
1.3554006422732348        0.005257747033236584
1.3586337835718012        0.005276774081167577
1.3644468071019191        0.005311128370288465
1.3818921781710771        0.005415344403504493
1.4116571411448262        0.005597020568143743
1.4152831839122015        0.005619485812705619
1.4270886977246433        0.005693249447447824
1.431633097857124         0.005721985174643173
1.4523139376605347        0.005853972168231202
1.4531869296483062        0.005859620643756759
1.4555282731220278        0.005874797116088714
1.459777345490016         0.005902368828116929
1.4803511613764253        0.006037851957851723
1.483571065722388         0.006059319229257034
1.4952674586435037        0.006137899721017074
1.519026145194039         0.006300416016740805
1.5331821686317177        0.006399093206704971
1.5398331567911634        0.006445931095342687
1.5524530500814322        0.006535639877095988
1.5580016003094734        0.0065754285655021906
1.579186575065072         0.0067292939374636535
1.5960952478599388        0.006854315981221746
1.6077661941167602        0.006942037618841868
1.6124253639576462        0.006977418347496461
1.6368212717593091        0.007166041449024051
1.6488682464142723        0.0072612703802461005
1.6554313122393092        0.007313730082132327
1.688711199756602         0.00758603824136281
1.6969683473633643        0.007655249910134695
1.70305717882367          0.007706764444546128
1.71319421921106          0.007793324935500644
1.7144218876768613        0.007803875561930552
1.7204208888726478        0.007855641020708626
1.7221809610989052        0.007870878139789603
1.7371593569803316        0.008001694479217822
1.7534103293307723        0.008145946651445444
1.7568456848121081        0.008176750040811746
1.758380382677677         0.008190545923643678
1.7602791180294095        0.008207818406126458
1.7664327900567567        0.008264066290320912
1.7686841712583092        0.008284747834848045
1.7780263943707744        0.00837115483278602
1.8020244426630323        0.008597206453940305
1.8247434463986671        0.008818140731403704
1.8274677438562728        0.008845086189255093
1.8465150649140414        0.009035202536541128
1.8519688480276262        0.009090497990256996
1.882447339517909         0.009406563705880135
1.8858460222648628        0.009442549319788909
1.8969044768886616        0.009560666119535816
1.9010287512595916        0.009605120947577598
1.9400047148295416        0.01003604515859262
1.943596746479927         0.010076785727078196
1.9455135408426207        0.010098628998268692
1.9504299850801663        0.010154983571493494
1.982299557305268         0.010533739254972843
1.9980666123797768        0.010727180750152832
2.000323601433044         0.010754975846987461
2.0136037597778884        0.010920446681122986
2.0362871076729974        0.01121068828302187
2.045612367993578         0.011332791716124125
2.0780208831350517        0.011769755688562271
2.0790163657232794        0.011783487860302077
2.0792564720630144        0.011786802770550194
2.120827482499465         0.01237694036493068
2.121830517818976         0.012391779798945565
2.1298798614165197        0.012511638732880536
2.1563697312978816        0.012915789105096123
2.1633224104801605        0.01302409593995211
2.189762223500865         0.013447595259868224
2.1912900643086894        0.01347263017601895
2.198167833538686         0.013586089399125277
2.2090252549718596        0.013767398793041079
2.236045769469567         0.014232610368917193
2.23727375140654          0.014254226758581397
2.2376490440752335        0.01426082453003165
2.239264672799715         0.014289272840504522
2.2560330169985874        0.014588847142913485
2.2604355559985603        0.014668804897925028
2.2664205605700944        0.014778372989184404
2.291275451009025         0.0152441208839737
2.307604514547238         0.015559517058210284
2.3255471816929703        0.01591468542316858
2.340642041099097         0.016224983227229057
2.3490448141890687        0.016401448198073907
2.3616905896128264        0.016672052310275767
2.3707477965190833        0.016864702156787113
2.3794380698247535        0.01705303021287696
2.3829508940012265        0.017130125167665856
2.3944394778618747        0.01738615394892648
2.404186293818823         0.017608040776635164
2.4120066630184773        0.01778917444962296
2.4138890039109424        0.017833482706530984
2.4185300498110096        0.017943564265380543
2.431519343593534         0.018255109761292736
2.4359938554191407        0.018363655586569553
2.4485973794987563        0.018672776574969484
2.4651030840066004        0.019085140354064847
2.47462564055167          0.019326930817295904
2.482423465061537         0.019533716467973465
2.4954031480094296        0.01988252977653403
2.4960495922544           0.019900052862010582
2.539733337378303         0.021116434468284807
2.5585033375735513        0.02166581924701029
2.5608731866334344        0.02173694114268192
2.5666198107834504        0.021910562680454264
2.568529315145573         0.021968617322127026
2.5722553843637663        0.022082422634669512
2.6118988667594483        0.02333596649119423
2.613219282232219         0.02337904842558648
2.6175668023305065        0.02352158930653609
2.627563537059857         0.02385337577316734
2.6429355276833024        0.024374514156722243
2.6790753083658663        0.025651991061327702
2.6835712282425512        0.025816043732876423
2.68905367009095          0.026013809864558347
2.7223826472588173        0.027281329097724242
2.73714927071476          0.02787873964382879
2.7516984961845417        0.028486772048018274
2.7526112349678757        0.02852533217275319
2.7531343840132436        0.028546702913300526
2.7532301473197407        0.028550617231787194
2.7652250881158027        0.029046705733556447
2.785521019137488         0.029923331304374426
2.7903297029482506        0.030134246673748755
2.8022733335655827        0.030663443710951626
2.8279222757465603        0.03182559532832053
2.837805230063486         0.03228275147139881
2.843069027194277         0.03253665556544798
2.8538698104774154        0.03305879881740732
2.8692186543573595        0.03380348702058681
2.893095709859009         0.03496819145049147
2.908778064066603         0.035751911643999934
2.910888403892752         0.035858333898324095
2.9449838230939536        0.0376092507238608
2.950835263982574         0.0379157107225334
2.965335393496198         0.03868266717278673
2.9744270447298824        0.03918172252495068
2.977090971770459         0.03932924298805275
2.993711249777937         0.040262860946796236
2.995383874068736         0.04035808152345127
3.0236235858236182        0.0420006191969002
3.029747705817988         0.04230715087959472
3.0399441806850396        0.04279747047542816
3.0469919050885292        0.04313502107320358
3.0480516473028914        0.04319453248484066
3.0535302358272993        0.043501294899740195
3.078243124543072         0.04490369328375139
3.088600290507239         0.045478274631517226
3.1115102272931825        0.04672162166289526
3.119797428771992         0.04716200754504807
3.1257087019753005        0.04747309375262049
3.1281744317332727        0.047602106494482446
3.140539625484771         0.04824243628316708
3.1405985118859387        0.048245427675053236
3.140605107841283         0.0482457627385916
3.168867682163762         0.04966884650084952
3.17171308402221          0.04982011801577862
3.1773755062782163        0.050114095829571985
3.187083764881326         0.05058785587046614
3.2090366054683255        0.05162823394061173
3.2199813556071755        0.0521309078581558
3.2227679311570157        0.05225718873235929
3.22555961583926          0.05238300851055318
3.2301575608995834        0.05258872430416379
3.23671968656749          0.052879061910153
3.239394070802387         0.05298499915511003
3.2513853520313982        0.05344276837774479
3.2837755389782197        0.05453844886774975
3.2913887416445515        0.05475250234665558
3.293892198188236         0.054818882098400655
3.311200284034764         0.055223550085175724
3.322112757444169         0.055429956221095145
3.322793554196509         0.055441584360651996
3.324878784815005         0.05547628781035521
3.344882806280157         0.055739283134062984
3.3542115407934814        0.0558544658279371
3.364273248627643         0.055959023786918624
3.366928516574284         0.05598237296881893
3.41279428527801          0.05610602260235304
3.41501524690374          0.0560985887163022
3.429329363435887         0.05602093309641537
3.4368190884039103        0.05595977805526445
3.437631591338256         0.055949017821319315
3.4381245808010745        0.055942381723408895
3.4717527360832765        0.05529844745530975
3.479983779605476         0.05505118080094877
3.48059622779958          0.05503205397297734
3.4837590377403274        0.05493167316794909
3.505715431959043         0.05416064862949757
3.5112548510533648        0.05392547196424111
3.5132088508183354        0.053837681921628674
3.5159896389680014        0.05370839992173529
3.5187307945979387        0.053591783940098475
3.524502445651664         0.05333691323178093
3.5621419361186515        0.05136452628038401
3.5625797109980293        0.05133842077741533
3.5627289379788203        0.0513295054031254
3.5645674646705903        0.05121897105604672
3.5968539006243527        0.049017497456552206
3.609108945712854         0.048078178975705134
3.620673699963753         0.047139437034831665
3.6311887557951747        0.046241795263643685
3.645024461057557         0.04511713254696287
3.6606395336672577        0.043632306295145445
3.6680275682552304        0.04285999178422274
3.6956543541072526        0.040009392181640784
3.6982434004850147        0.03973627610921197
3.7068252360335046        0.03884711313447118
3.7305468350950948        0.036320882262185626
3.7599654269316236        0.032982192282004504
3.7715067915000224        0.03161015323475326
3.78575584055866          0.029867856504812905
3.793232501936144         0.0289322714446941
3.797690027909509         0.028367481461334162
3.8154778118159323        0.026061603530764935
3.8346865058404824        0.023477995102886885
3.855918168777194         0.020509284806854294
3.859729821168896         0.020007147858929864
3.866032387030583         0.019184021544119877
3.876669591088355         0.017709797965359556
3.88333022729498          0.0167824805117621
3.8926668866631067        0.015477137985137694
3.904309360051456         0.013840495456224292
3.9121244060153773        0.012736335828342384
3.930334043764538         0.010146239354053035
3.9367399288916296        0.009229317326693244
3.950696734763902         0.007221187485228083
3.962747561829689         0.0054758370099728905
3.973178326187108         0.00393963205168912
3.973743139216248         0.0038558241784848067
3.9831943768833025        0.002443918652450518
3.987694203220565         0.0017653863466458649
3.9962569370816494        4.99894356863041E-4
3.9975566780410414        3.079378809280411E-4
4.012770569175105         -0.0019363668356047442
4.02394760815845          -0.0035821055908671065
4.0430554568550585        -0.006389591302823762
4.047733861406063         -0.0070758264905683484
4.05422316781605          -0.008013037425524826
4.058879056347525         -0.008681305865503528
4.066247457962173         -0.00973181522898351
4.093796441288454         -0.01365790713821788
4.112371005709246         -0.016254977595193194
4.123833054107351         -0.017837473172321806
4.135583769922044         -0.019443888592189616
4.135635279204395         -0.019450894802612466
4.140012996580008         -0.02004521220078288
4.166740452374066         -0.023600539531536426
4.18480895209354          -0.025972850568675824
4.184852400795864         -0.025978524860405312
4.184916691545646         -0.025986920804438898
4.2018298840961785        -0.0281910782802886
4.236617954126328         -0.03259087416704547
4.24013139819794          -0.03302521998376479
4.240173946577126         -0.033030598216412486
4.243842590038584         -0.03349102950306923
4.262702965325694         -0.03575524754789457
4.278923464340358         -0.03758901433414778
4.3094218839465           -0.04081490359761003
4.33230115597463          -0.043044594754996106
4.366603229137357         -0.046081845051336466
4.370555680248428         -0.04640577307615906
4.372294847790506         -0.04654692618302299
4.375287352493057         -0.04678782414158733
4.419700753037062         -0.05006905888878094
4.440757931160126         -0.0514322012355285
4.446608730150341         -0.05178896607490385
4.462854730419555         -0.05268800272015044
4.484684529821897         -0.05360407868304586
4.489836455540123         -0.05385188209981391
4.49528988600627          -0.05407155981802115
4.503487921002957         -0.054381669603821015
4.5210902295833355        -0.05498687572501785
4.535037955089642         -0.05538313452909868
4.537396113719977         -0.05544285215235997
4.555217570594662         -0.05582608753531988
4.582128007792344         -0.056176922097743
4.585483749284329         -0.05620144656717412
4.606605195900868         -0.05625794789091959
4.621894709003607         -0.056193472817079836
4.621948869165602         -0.05619308712842408
4.637394666411625         -0.056037777214345746
4.649877268985319         -0.0558462746263538
4.654755497808846         -0.05578771760274537
4.658785604468376         -0.055735555592890305
4.671762986640884         -0.055544315244011544
4.694680377530597         -0.055119854198956104
4.69949523461053          -0.055016596835852374
4.706191000264063         -0.054831614739912764
4.7229560636979855        -0.05426073780656641
4.729156193146849         -0.05404157760788031
4.76025944143705          -0.05287666789519106
4.762897475831469         -0.0527728420706582
4.811384383887634         -0.05072462739235735
4.813022804385128         -0.05065248219706622
4.8133599245428735        -0.050637078789098094
4.817254282850068         -0.050457396211493956
4.820219778960497         -0.05031841659116111
4.8205785205590335        -0.05030147769498365
4.822059774140375         -0.05023124795405191
4.836165914682571         -0.04953916067512808
4.862900918545355         -0.04811185113311567
4.875770102960986         -0.04743884213137765
4.891824811462834         -0.04652867079407155
4.904897843499508         -0.045794058985472286
4.9195848752949045        -0.04497573577117516
4.920503285829614         -0.04492480982927802
4.923611818093265         -0.0447526558780977
4.956471250821956         -0.043001679343057986
4.965167959400687         -0.04254508690834062
4.965862336161715         -0.042508084850137906
4.966554459054077         -0.04247118978009908
4.978489220346469         -0.041832922391395216
4.990125393029947         -0.0412068745913326
5.00319029671995          -0.04049954744963196
5.0121224345914195        -0.040013280588980495
5.031208016170858         -0.03897159319975776
5.035980919029257         -0.03872303835399214
5.057619079143727         -0.037572172486364255
5.059805609831747         -0.03745696000277351
5.072271801855443         -0.03680388728824494
5.0856736841559185        -0.0361089982877824
5.087476333075911         -0.036016100154727976
5.110028278184978         -0.03486531328893663
5.1132271340125595        -0.034703792469954635
5.114934300051187         -0.034617766002294804
5.139150930157378         -0.03341049846998028
5.1473091552233345        -0.03300927491075621
5.150754323766722         -0.03284067113830027
5.162437477226232         -0.032272578879277806
5.163540388672218         -0.032220022860198635
5.170561638145081         -0.03188749149834888
5.206664592483216         -0.03023346699516002
5.209457362550079         -0.03010941452868446
5.210464499592957         -0.030064815611974452
5.210799781275209         -0.030050150732957012
5.210869544516197         -0.030047100853765565
5.215408829601935         -0.029849760410217332
5.222744618751246         -0.029535450365695052
5.2388417207165405        -0.02886569340103015
5.252353669227548         -0.028324648247271704
5.258923732859628         -0.0280574229262082
5.289587144022239         -0.02684344726864067
5.308153041726807         -0.02615483740747628
5.340103237839001         -0.025002638945986904
5.364300335970152         -0.024157674930791996
5.369217213304013         -0.0239903744275674
5.376633974467597         -0.023740793731783186
5.393324044124357         -0.023191386500430105
5.41624685375684          -0.022464407060166
5.41958596223151          -0.022361175024923872
5.43290642119779          -0.02195610379506746
5.441170499005166         -0.021702716166207694
5.449406119959197         -0.021454901889618117
5.459897628352961         -0.021146003646162755
5.4769313593268745        -0.020659415808768213
5.484410810334534         -0.020452014808212394
5.48627298170045          -0.02040097159178325
5.487915122900242         -0.020356360141884144
5.492902715701963         -0.020221467514504488
5.5195980040208354        -0.01951491252616827
5.531008114490512         -0.019220851663258917
5.543323704691313         -0.018908787585047798
5.549556499539548         -0.018752965058099764
5.5617181430385925        -0.018453001580511164
5.585814385434083         -0.017874619825808506
5.5922624109828885        -0.017723442433017128
5.612840017378646         -0.017251139098082204
5.615843254982007         -0.01718350038729929
5.624628096641175         -0.016990651463380666
5.630348459605094         -0.016867322414329703
5.631412691104611         -0.016844573483244363
5.63334458340794          -0.01680224843245694
5.6396587733694465        -0.01666488617229771
5.6746758098482735        -0.015930147046383795
5.686248688868491         -0.015697738395678323
5.696150098276188         -0.01550454845748244
5.705549067300513         -0.015323655230712328
5.720898569836528         -0.015033459068797191
5.740713815347196         -0.014667339974953493
5.755225891047469         -0.01440622082588672
5.762757228144825         -0.014273045605166174
5.777194937432275         -0.014022212933790737
5.804554170267134         -0.013562992412020181
5.811267536395738         -0.0134535307825666
5.829685991841812         -0.013159735836261763
5.879433103611457         -0.012394420993355876
5.886110823974766         -0.012295728402223217
5.891797905624065         -0.012213284363511028
5.902295908235697         -0.01206282256189804
5.905786505400778         -0.01201328952445317
5.907484967218284         -0.011989277106734699
5.922442281808386         -0.011780343377822244
5.926634722478033         -0.011722595564429259
5.927267560063452         -0.011713909686301713
5.927864805894068         -0.01170571977303725
5.938579186062258         -0.011560025917119328
5.96290486080162          -0.011238139409095394
5.9809024571620535        -0.011007321669887422
5.987797804401293         -0.010920330970119853
6.000257766449794         -0.010765163354256715
6.014701485248417         -0.010588555024345124
6.0223996632298356        -0.0104958583055582
6.040451862539563         -0.010282388927710487
6.047351112246156         -0.010202250274349409
6.0494898439970894        -0.010177570049102998
6.0711733073644565        -0.009930806408529181
6.0830578957358545        -0.009798187817211342
6.08754830100899          -0.009748564931203296
6.1040903888649005        -0.009568055174131944
6.113550732792793         -0.00946644491038106
6.130335285271792         -0.009288793887567346
6.143734657084727         -0.009149899417901862
6.146228221014575         -0.009124369219645377
6.149590745600674         -0.009090085212418168
6.161140210404937         -0.00897357851347809
6.163449480995762         -0.00895042648890381
6.16779007318723          -0.008907113101685824
6.1766041724597285        -0.008819979600406268
6.186846406747796         -0.008720893905110834
6.228061748619719         -0.008332901239387342
6.238485493032652         -0.008237498551871386
6.241096722632546         -0.008213771699406734
6.269737789967893         -0.00795805580472611
6.280855610188335         -0.007861108793732774
6.289385980525506         -0.007787551730237056
6.309708971933112         -0.007615530819655272
6.36964447160688          -0.0071325938582343954
6.369754713646385         -0.007131739117738583
6.369930454661752         -0.007130376798209108
6.38724688319757          -0.006997677353601087
6.39668958079098          -0.00692610018914392
6.400341386794907         -0.006898588047755742
6.420077393744416         -0.006751532644093062
6.439281283218127         -0.006611087077805698
6.441126785624353         -0.006597727596851381
6.458613234757232         -0.0064723399182752385
6.459104382891408         -0.006468850191901757
6.459283085595247         -0.006467580047749377
6.487075620154612         -0.006273173530981843
6.504371769612265         -0.006155329524878604
6.504935804362314         -0.0061515271574719785
6.530509752697083         -0.005981816101670217
6.532470605742088         -0.0059690211716129475
6.534238428371293         -0.0059574604677972475
6.558446203942635         -0.005801038374085025
6.570070210777978         -0.005727176747746413
6.575791213629854         -0.0056911216448319235
6.583230184410734         -0.005644532976778506
6.604804254001587         -0.005511295630909812
6.607006690668972         -0.005497844427276041
6.621171021459129         -0.005412022843150979
6.621198571815389         -0.005411857072590715
6.62123264885646          -0.005411652037165846
6.62810593767284          -0.0053704492239012745
6.633333387698757         -0.005339303433048288
6.639956854451672         -0.005300076803214965
6.644873086291765         -0.005271132200699927
6.667186162831605         -0.005141604100306582
6.680553380665346         -0.0050653878846335255
6.701027770146036         -0.0049500322397927855
6.763632750732233         -0.004609566122931455
6.77055597452049          -0.004573049970482905
6.775213648226118         -0.0045486104718815675
6.7752498830453565        -0.004548420924940925
6.778246402759147         -0.004532768293326695
6.7822953026225345        -0.004511688689445072
6.809704111551574         -0.004371114627890082
6.823556996561241         -0.004301473597636918
6.845223596904178         -0.004193638348334648
6.846606720277885         -0.004186840156024857
6.846862566113651         -0.0041855833757687725
6.879639132086326         -0.004026456425560817
6.898018156406707         -0.003938860605393098
6.912606796677705         -0.003870165149041057
6.9326895071236025        -0.003776808055211369
6.9362749034719275        -0.00376028821999526
6.950812715909237         -0.0036937622374495355
6.957796864558753         -0.0036620633117429493
6.961608226355077         -0.003644867475632026
6.9643033399404874        -0.0036327420781828803
6.969094707709859         -0.003611241383595762
6.971731263922164         -0.003599438195966584
6.977108075798504         -0.003575401009550558
7.009261197916423         -0.003433520743901288
7.026363180256176         -0.003359355003953445
7.030883649136571         -0.0033399019539815883
7.035023084916617         -0.0033221439022506558
7.051192622839735         -0.0032532839957634357
7.067798402272122         -0.0031833860221951497
7.079713965565661         -0.003133742219223081
7.087098445619173         -0.0031031909183190467
7.088223245485324         -0.003098551776689559
7.109380459699553         -0.0030116672698070786
7.132175091420368         -0.002919228196171282
7.134044518674441         -0.0029117087822574193
7.139229650557313         -0.0028908943709950907
7.141804066405296         -0.0028805978834944477
7.153588262271704         -0.0028336648604649507
7.179317252786143         -0.0027323253641257095
7.184449270467065         -0.0027122974281656724
7.1978826101432745        -0.002660165593619426
7.200055011820575         -0.0026517747279587284
7.229713537927547         -0.002538325986774479
7.233343750031236         -0.0025245815088403467
7.237611599488126         -0.002508462368367321
7.2539611538812565        -0.0024471073234700047
7.283774241673291         -0.0023365813965177647
7.286156070531195         -0.002327814246966648
7.315745960816363         -0.002219675523280883
7.3186379521346225        -0.002209183667931037
7.341096339763075         -0.002128174579216103
7.367051195571048         -0.0020355857143039514
7.37677303281295          -0.0020011898909844204
7.385640286196884         -0.001969953294657589
7.394492694656994         -0.0019388999453711071
7.42684769380176          -0.0018264270838323448
7.444474317235262         -0.001765907353010593
7.472982331779445         -0.0016687747115557094
7.481514404463528         -0.0016398731721416803
7.484777281668752         -0.0016288421850965745
7.488471210481068         -0.0016163921703009944
7.493560672783082         -0.001599255250625391
7.511142423999796         -0.0015402913406724315
7.526914208738006         -0.0014877093208107111
7.547825945565086         -0.0014184457610503481
7.557271826753206         -0.0013873292167168889
7.568549273814902         -0.0013503176695456249
7.5754033194206265        -0.0013278969822496079
7.624257539105193         -0.0011697001443963712
7.625956123630012         -0.001164250785993681
7.627951567217961         -0.0011578445567667975
7.651592972774853         -0.0010821256903758229
7.688923385304301         -9.632402128441598E-4
7.695704442577114         -9.417368471835005E-4
7.7230758431089415        -8.552489788712606E-4
7.744268533436981         -7.886251785230609E-4
7.745213441905204         -7.856621961047435E-4
7.752841314848594         -7.617628800533638E-4
7.785471681634547         -6.599220144802342E-4
7.806379606938259         -5.950041504619245E-4
7.81871809779729          -5.568172685290036E-4
7.822668539986127         -5.446102462844299E-4
7.831003323812078         -5.188399547329444E-4
7.843249331842479         -4.8104833909400215E-4
7.855071257386191         -4.4459601776662976E-4
7.869017240775077         -4.016328673560565E-4
7.8847655169697815        -3.531676521188681E-4
7.892575792467759         -3.2915134414869947E-4
7.904473139125004         -2.925926274544823E-4
7.920773667095712         -2.4257851975624279E-4
7.921078477589515         -2.41643631756948E-4
7.921369451899901         -2.4075119277147195E-4
7.92167635987936          -2.398098966664749E-4
7.96405286181503          -1.0996389395178601E-4
7.966744276809146         -1.0172543551116268E-4
7.996954940335416         -9.318329974075534E-6
8                         -1.044901751922809E-19
