0                         0
0.028062422325876232      3.54303479469184E-4
0.04065759172534948       5.134890008022691E-4
0.047953801177498506      6.057853086990619E-4
0.0596046733215833        7.532329188280163E-4
0.07168895329779446       9.062503169052704E-4
0.09842844204079312       0.0012451464508270438
0.10837926776065035       0.0013713710982068336
0.11077814301568971       0.001401809209031775
0.11505964853658775       0.0014561451346056507
0.1366052186438763        0.0017297600411764359
0.15496106550044844       0.0019626716570323786
0.15963094034514372       0.002022022541223748
0.18943364287684183       0.0024018555032917035
0.18977627896674887       0.0024062300448272262
0.1905561794482716        0.0024161879272252456
0.23780209428564583       0.003020991016266888
0.2502838456429764        0.0031813169476085593
0.2581265124034715        0.003282171144207478
0.2597317735773149        0.0033028253765960166
0.2820239464615275        0.003590038920611141
0.3109083274837147        0.003963267231073442
0.3297671728890742        0.004208118813047875
0.3412838444401259        0.0043580545484628004
0.35676086975993343       0.004560040315043973
0.36180686876511436       0.004626090206223783
0.36580038663280434       0.004678410482134064
0.38942328597652587       0.004988748675400064
0.4011661810030721        0.005143556665737153
0.412127099208819         0.005288379046783837
0.4213992551537199        0.005411098668682457
0.4259455664448485        0.005471356106828638
0.44532292718205707       0.00572881882180963
0.4637961130786144        0.005975026612731021
0.46385440262858535       0.005975805541536156
0.4645565631623355        0.005985189595224046
0.4972627461191543        0.006424371069349772
0.49744423931630927       0.006426819529143908
0.5075414298913637        0.006563258388563316
0.5145564763514           0.006658259624127627
0.5187275782976234        0.006714828385829576
0.5289258425046196        0.006853394308023883
0.5527746005552887        0.00717885291828572
0.5643817645679334        0.007337973281726225
0.5891857184986793        0.007680377832081733
0.6081218632718861        0.007943583304048835
0.617170858050115         0.008069912179917677
0.6215316357050087        0.008130918275406244
0.6234165246880213        0.008157312982870467
0.6261950484724643        0.008196152954570754
0.6712014466054547        0.008831169988472437
0.6736327201050701        0.008865789817056944
0.688669431405112         0.009080622507533706
0.7104399444123958        0.009393856660848828
0.7149697307687448        0.009459357395556782
0.7171567241544594        0.009491017801747182
0.7256980472517172        0.009614895316736607
0.7257929948039193        0.00961627440699167
0.7294896752477307        0.009670062358705746
0.7357140283012903        0.009760772286062347
0.7892290787155037        0.010548096285447355
0.7907531348751875        0.010570713406135019
0.8013906385911909        0.010728875443531133
0.8044560319053401        0.010774525232293442
0.8054491709578271        0.010789387537200283
0.8154946670509209        0.010940286410810492
0.8244438782057034        0.011075238836653279
0.8265260966043539        0.011106708760798549
0.8391791227273759        0.011298514124748726
0.8456086822631719        0.011396355239110744
0.8486641690775494        0.011442940675372219
0.8643992120967441        0.011683751767530191
0.87687301241025          0.011876076596140558
0.8836570680111414        0.011981127445634917
0.8851671775976867        0.01200455479170852
0.893319777582111         0.012131269880229006
0.8950225837031681        0.012157795471618556
0.9023152931735052        0.012271291468448292
0.9318609305943127        0.012735063430473096
0.9434300866060127        0.012918655985421796
0.9595748264560833        0.013176917339015486
0.982156143111475         0.013541217438124609
0.9833919696891731        0.013561258800549496
0.9839029616920179        0.013569548708028154
0.995798247315334         0.013763051249935893
0.9960556564456085        0.013767249659905226
1.029152814218692         0.014310987931271488
1.0293584876731035        0.014314382326546273
1.0397537922142854        0.014486522922177838
1.0496681107951438        0.014651755642456575
1.0537239700217307        0.014719648307763055
1.0724139106065826        0.015034738366257735
1.079848927760757         0.015161103501945425
1.0878693204205336        0.015298068349738713
1.090101219745558         0.015336269355613982
1.0914902322569817        0.015360064586255898
1.1305450413028224        0.01603571123896612
1.155488394971046         0.016473897559430392
1.1672592798617913        0.016683169716789764
1.1690725247597966        0.01671551459172787
1.1819409421134723        0.016945887978843208
1.1822661302868478        0.016951739116951314
1.1865782202042197        0.017029432071199557
1.2135975068363225        0.017520703185302668
1.2395098635271677        0.01799906081792871
1.2440334443987244        0.01808329287007279
1.2654987560610902        0.018485924809102758
1.29001516716912          0.018951012914068668
1.300399464525766         0.0191498190386356
1.308692549694521         0.01930936315907398
1.3121887655799793        0.01937683006347554
1.3125608655685774        0.019384033333456695
1.3374013176489368        0.019868041802500427
1.3690052206623238        0.020496576528254387
1.3709698927743594        0.020536210540182374
1.3786078298015685        0.020690742091346373
1.4157336548750885        0.021447501452509028
1.4189419203016655        0.021513940207011088
1.4214274316833837        0.021565498430945323
1.4467270238912737        0.022094607718098423
1.4677744502645338        0.022540765111084576
1.4810320576190779        0.02282458271289537
1.484427502307101         0.022897618520962483
1.507398623864007         0.023395436900115085
1.5213151069939894        0.023700173078508486
1.5376460852310194        0.024060807234696727
1.5499130843125364        0.02433384667686655
1.5548507952262454        0.024444360030702925
1.5733572984923163        0.02486223950309196
1.5921939571939658        0.025293534129122174
1.5957329911872098        0.025375235482120277
1.5969240142698506        0.02540277802026567
1.6016820253428417        0.02551304290522078
1.617232800152643         0.025876051539763592
1.6319609026573572        0.026223564267853546
1.645344032082912         0.02654247032393815
1.6487147177929626        0.026623259824960468
1.6518976304768742        0.026699434711968048
1.6682350300155524        0.027092953727301413
1.6702358006560813        0.02714143680677789
1.6797092105814762        0.027371859058031515
1.6951610339438898        0.027750744043319557
1.6957474102430838        0.027765196690763168
1.6976202822188842        0.027811394571810494
1.705681436834464         0.028010872044129675
1.733484523432166         0.02870676904995563
1.734239479149244         0.028725867314688115
1.7358475165110008        0.028766583246129303
1.7440146364305482        0.02897415617742595
1.744228415437091         0.02897960700587482
1.7463999195499151        0.029035532187374025
1.748467613637057         0.029088847470558964
1.7569421559145857        0.02930801131223208
1.7603462619977166        0.029396054889222166
1.768469589241044         0.02960691089992674
1.8222802313781616        0.031030529542297645
1.8355738697264066        0.031388820656083644
1.8404386072512948        0.031520502590994294
1.8430634226219307        0.03159167905225093
1.851858333873929         0.03183161380285402
1.8835918071385556        0.03270746525759734
1.8922181404354987        0.032947262346011114
1.9018598627915009        0.03321721392250349
1.902708031155647         0.03324105858377133
1.903054094013825         0.03325079201617764
1.9412915894877252        0.03434242025224034
1.9717318620501672        0.03523433721931937
1.9722355188452965        0.03524926527943477
1.9877061942089405        0.03571053300963908
1.9895778573363243        0.03576651662387411
2.004290674372941         0.03620867659644105
2.008054686306785         0.036322388920010995
2.0242635701853167        0.03681482893896139
2.031195182746399         0.037026835330014336
2.0379952810376296        0.03723561230232388
2.0507468090221823        0.03762922766693137
2.0623485409033           0.03799118349072653
2.085084401310736         0.03870697106677594
2.102053308735778         0.03924677791318727
2.102083828683748         0.03924775309533824
2.126528836488292         0.04003378117739734
2.1265460466759305        0.0400343380561942
2.129524376452067         0.040130783262720224
2.133771760131525         0.040268577496564206
2.137423328307008         0.0403872810324567
2.166331599521657         0.04133481197197141
2.172168316007912         0.041529432367832186
2.1791195480468675        0.04175916549768094
2.2093832340182837        0.0427824198859536
2.2144384604040592        0.04295433635648576
2.2154376793948662        0.04298835110303178
2.2334410183635507        0.04360311091713025
2.2382432229777334        0.04376770066646484
2.2622663068994706        0.04459491298266104
2.2777831990863526        0.04513408449247896
2.2956734664350287        0.04576010696254622
2.314152613583384         0.04641166371869343
2.32463656376806          0.04678354410386769
2.327269658495047         0.04687719691195968
2.3507634037036675        0.047717313399371526
2.3582038221995854        0.047985064153364405
2.3585477231918937        0.047997251557967725
2.3603622359032217        0.04806159984543017
2.3936928285009333        0.049256860718795814
2.3955748546016626        0.04932510146148888
2.4214978425956994        0.05028345910441493
2.4251792139825614        0.05041970556371108
2.44836824121989          0.05127877255608697
2.4581653444599767        0.051641940711144176
2.4986184791151973        0.05313892374958722
2.4997340492948266        0.05318014717039997
2.5111931744645024        0.05360341143601062
2.5136082220426808        0.05369257335870002
2.5235925303210145        0.05406103065985178
2.5417247486145707        0.054729530569397965
2.5629552021638093        0.05551119929220821
2.5740181077091155        0.05591806448312929
2.586548888257872         0.05637854034490666
2.5873184095678954        0.056406805443779844
2.588541785453436         0.0564522637353903
2.590749346066137         0.05653543720726087
2.6067167250346888        0.057131510067176726
2.624142682079498         0.0577786306236144
2.6495460343849584        0.05871417898314758
2.6617890273364204        0.05914323278407092
2.6698361675044473        0.05942402089838264
2.6737108353571712        0.05956061969384657
2.684788758465775         0.05994942121353022
2.693089440566477         0.06023905721023082
2.719394999853802         0.061147357999793144
2.7269287027167075        0.06140480528178566
2.741667773001266         0.06190502503226244
2.7460269336897025        0.06205209164612972
2.7769656043529425        0.063084388502552
2.780146570076244         0.06318938215060615
2.7834426756779265        0.06329496235361293
2.7961340963467785        0.06369469641207172
2.8224087664252564        0.06448796741219633
2.833664414098931         0.06483002146238484
2.843853267214958         0.06513232163836041
2.8468588282228753        0.06522016452079728
2.8756207749337754        0.06603011265891263
2.875660279730629         0.06603118693639395
2.875808194941652         0.06603520835228283
2.905688016274221         0.06681744202153421
2.911495796647727         0.06696315687272768
2.9165581969849947        0.06708795127044855
2.9432537677014654        0.06771184069519502
2.9481786490316266        0.06782065771806954
2.9665304849154457        0.0682089215587181
2.989040406584839         0.06864806396294074
2.991192495415036         0.06868216820854482
2.9968329630574377        0.06876982700064461
3.0132455089955728        0.06901068253317995
3.0378907809356117        0.06937928228150922
3.0557820946869887        0.06959676833128912
3.0713778899746877        0.06975025730052749
3.0774272871986392        0.06979810322416939
3.098757604848461         0.06991866782075908
3.1024442347361045        0.06993335365210132
3.118396567366936         0.06997600292027163
3.1298352030206043        0.0699856852891519
3.133533821284878         0.06998508148631521
3.139013148904179         0.06998083251405754
3.1622319716629947        0.06991838011408576
3.1768583158905255        0.06982049086998256
3.1938074961810017        0.06966227074885457
3.2023885165933828        0.06956595125985351
3.2087796001510824        0.06948713037680196
3.247985704961611         0.06887127928139436
3.2511325087538894        0.06881198407167902
3.2550584136481175        0.06873595297122301
3.2552092935075736        0.06873275803995348
3.2564232212040896        0.06870690244108128
3.2581685726043137        0.06866925949956039
3.2922950725343343        0.06782219718758685
3.2949515262863525        0.06774739784458589
3.3027897383732157        0.06751923143828556
3.316979266560429         0.06709170060615856
3.339733493212666         0.06627906131650896
3.3470987842293747        0.06599256941492498
3.351829383609611         0.06580251206260357
3.356051158904646         0.0656289021875332
3.3632308709353724        0.06532500163931253
3.3853907283175415        0.06431830084644365
3.399346266974967         0.06363103775388365
3.431082906511433         0.06191483053630721
3.4429509097738062        0.06121834762849203
3.445974001465573         0.061036176612526014
3.446972491735118         0.060972658485317695
3.447729636127101         0.060929867149191644
3.4518085493304533        0.060680539290664325
3.454724630024234         0.06049983126793618
3.473942987401942         0.059257587611864185
3.515273541308301         0.05628430103191671
3.518768497344272         0.05601398675972474
3.5243752944735416        0.055574180769415005
3.5293703634966445        0.05517597429588373
3.533382478362644         0.05486024994893698
3.5430554981679254        0.05408725695364505
3.5841187108581374        0.05052834110632576
3.5887199471173523        0.05011126750895087
3.595351871480687         0.04950364037602159
3.638827079585117         0.04533076635562541
3.6446167905932123        0.04475022719117684
3.651976712205016         0.044003817989404205
3.6610805180861457        0.043067506406061655
3.664423566690205         0.04271812205053414
3.6694207607046696        0.04219152934531256
3.689116574657552         0.04006547371397497
3.7112811580337786        0.03757648021465413
3.719118569208304         0.03667192764763483
3.7373225242909247        0.03452164477944514
3.7390440540986116        0.034312293009631345
3.7404754973041063        0.03413765513254248
3.7500065705010615        0.03300639296274527
3.7785557456269894        0.029532503788080738
3.77893335513051          0.029485842489624103
3.7914936839823317        0.02792314561261873
3.7916530455939514        0.027903186197281736
3.7935231944928           0.027668709498327813
3.8049206270891816        0.026229838384839586
3.8233063178545095        0.023872967917197674
3.8395188945275884        0.021758033103997043
3.842510790544215         0.021363986648402212
3.8438007880649216        0.02119372727103196
3.8503210927280773        0.020329823443011263
3.8740454930303594        0.017174750015964364
3.894791501674972         0.014371206147877642
3.903615467551365         0.01316616280240704
3.9240462972185783        0.010355441878479673
3.935600410438204         0.008765647203427929
3.951576318267991         0.006567116546470446
3.9522581553195932        0.00647327710232234
3.963498943376801         0.004926140442811808
3.965737157882997         0.004618059917494507
3.9821472020517277        0.0023590681263520813
4.017704504757743         -0.0025492695851748867
4.039311726009661         -0.005534823689763349
4.052759191231332         -0.00740100489146424
4.071554462393197         -0.010013126109679289
4.071975783593651         -0.01007173100459364
4.074796894738745         -0.010464198921522545
4.07787032512735          -0.010863398875588688
4.0860057922160085        -0.011922236841426936
4.089825564158801         -0.012420456644634304
4.109664691877451         -0.015105122672601702
4.127367705391538         -0.017482062871854078
4.128791426446883         -0.01767589594212438
4.131191128337046         -0.01800203769607618
4.144272823988608         -0.01976745451663972
4.1747003527471405        -0.02379198978276588
4.185808487405297         -0.025232727938228082
4.196254752949876         -0.026573715725575296
4.218212464087368         -0.029348488083023216
4.2276982649646655        -0.03052877877658791
4.2428255483637125        -0.03238802922589746
4.262904473576436         -0.034736439100724895
4.267051329069611         -0.03522328482845611
4.2690658241127775        -0.035459349847123116
4.276540753780862         -0.036332776930103394
4.282438036140638         -0.037019070147571
4.283333364882968         -0.03712304843388991
4.283628101931227         -0.03715726507685004
4.2895870586461164        -0.03784773460630378
4.31314759668234          -0.04055311154544034
4.3697587739657155        -0.04640592523781343
4.3701376969510015        -0.0464437416314014
4.371316504788471         -0.04656127071927371
4.3725385268137105        -0.04668107318145251
4.401761302851655         -0.049489409071668454
4.411549901205083         -0.050407739673176424
4.427372217744819         -0.051842066190488416
4.42925885696491          -0.05200896616892454
4.43837641635124          -0.05280314754777325
4.450870421755593         -0.05385807249418522
4.4591332535633805        -0.05453455033280401
4.471112829370386         -0.055485357541003824
4.480832021011555         -0.056238497821389545
4.490984671690453         -0.05700200822255173
4.518375493162487         -0.05894353450295507
4.523046329316257         -0.05926391281751353
4.527913511494942         -0.0595789945114768
4.5392397980466574        -0.06031714888079544
4.555272291923686         -0.06131451889530167
4.555501998785727         -0.0613281049391141
4.5558261462337795        -0.06134725876284233
4.577752068115117         -0.06259415863131526
4.595811152296178         -0.06354907397186858
4.604810717240011         -0.06400063774561575
4.610707288090246         -0.06428773696833556
4.615283992694684         -0.06450578810054321
4.639523599176444         -0.06559092581402598
4.645624894140155         -0.06584558397667889
4.648661683486194         -0.06596956447789193
4.655242402051263         -0.06623480814660973
4.65856828812428          -0.06636336020437252
4.6715153891982055        -0.06684251407605224
4.699123558038617         -0.0677511805265717
4.700132058285982         -0.06778145872298919
4.7001595629567           -0.06778228161786784
4.71674847797458          -0.068250757499133
4.722878736478712         -0.06840981266490608
4.746318544947469         -0.06894798292869592
4.775807212995965         -0.06946741069983033
4.778514422174418         -0.06950255835790584
4.786400842092762         -0.06959446041589647
4.789267414746804         -0.06962399591044388
4.7900964311207135        -0.06963215303592354
4.796558793550997         -0.0697013526984891
4.799069724013388         -0.0697262949040158
4.8057777121346055        -0.06978758976223595
4.838111723727868         -0.07002083140164232
4.880258761178685         -0.07010821924376935
4.880709924850312         -0.070107828358802
4.881750246007333         -0.07010681995103438
4.883484610382219         -0.07010480668219715
4.885372762130541         -0.07010214286130093
4.887597402119988         -0.07009835510351238
4.889086794423805         -0.070095468011663
4.942811169804558         -0.06980299980758771
4.944084194506268         -0.06979078528617064
4.9477996715090455        -0.06975384803969652
4.96488651383119          -0.06955928558457447
4.973551935535826         -0.06944511167487577
4.977709595072685         -0.06938662720480548
4.981191152806105         -0.06933580547645794
5.001978895842603         -0.06899730815283538
5.012028583396994         -0.06881918801175134
5.02130263451113          -0.06864544787436505
5.032243141903926         -0.06842892835050911
5.043988999118167         -0.06818254192299501
5.045846098987208         -0.06814226609758682
5.049692969688446         -0.06805643143382575
5.061217564701782         -0.0677938331967921
5.066999083562014         -0.06765901697875104
5.074633101128353         -0.06747785159687174
5.081994826401146         -0.06729975077821973
5.093239719656867         -0.06702126636369148
5.099013778866344         -0.06687524528366982
5.107397707922798         -0.0666595699250462
5.126588083819005         -0.0661496158168246
5.136714372328593         -0.06587138971699641
5.141718669706606         -0.06573021687386639
5.152893735721847         -0.06540907360874042
5.163839394732191         -0.06508592296663009
5.165755139003608         -0.06502860471781992
5.193053477167313         -0.06418874162127404
5.207170934298141         -0.06373709943125884
5.223292853007919         -0.0632151895733606
5.237899223819976         -0.06273668801290276
5.252570494240222         -0.0622527836595119
5.259392212390428         -0.06202469533830662
5.26491883375752          -0.06183847263423565
5.270343431076642         -0.06165443703086897
5.275524994741587         -0.06147748963388503
5.302333084323576         -0.06054395445891946
5.3296728848525925        -0.05956976091001719
5.336211017977227         -0.05933445221941908
5.357446516238401         -0.058563960456333344
5.36926163910765          -0.05813115043292659
5.370400405420122         -0.05808927967333201
5.421494128491905         -0.05620722891519048
5.438950646725198         -0.05556278336230642
5.448887163726781         -0.05519562981021678
5.450717200648477         -0.05512798435016182
5.4566822008087765        -0.054907438596257116
5.465615034768762         -0.054577003183860204
5.477999093108853         -0.05412121442249816
5.499572325511784         -0.05332843541723381
5.518289146940775         -0.05264187269829577
5.528881689047969         -0.05225383528636362
5.542347949786603         -0.05176106094356926
5.547649796705815         -0.0515655455231626
5.573417827259503         -0.0506148417350209
5.574356984334956         -0.05058017740535555
5.576032918030457         -0.05051821696890302
5.576998191202758         -0.050482553957696734
5.593872150786449         -0.04986193946406663
5.603499090373907         -0.049505078805685325
5.620023800443548         -0.04889597700186599
5.647892362004041         -0.047894982782504425
5.681919814169937         -0.046683863234811336
5.69219913408803          -0.04632039591818506
5.704692315283909         -0.04588014683340936
5.724867132494076         -0.045172674445858346
5.727173997937764         -0.04509205249256912
5.778777603224954         -0.043303224829276586
5.78206226204264          -0.043190352809648905
5.786943131585728         -0.04302294384131744
5.80167039900512          -0.04252309626512266
5.805027188868545         -0.04240997125691556
5.819223272421701         -0.041934864164454036
5.821951169631352         -0.04184418083524429
5.846389096950656         -0.041040600030276306
5.849832297344974         -0.040927710371343164
5.885444742561485         -0.039769139910020186
5.892948576691437         -0.039527119759274885
5.895173370094102         -0.039455653919960115
5.895367347927231         -0.039449427834016046
5.895555886400125         -0.03944337709695728
5.897387467934918         -0.039384635534334675
5.898464081096022         -0.039350140033494206
5.921962889336856         -0.03860332467362731
5.924669780071095         -0.03851804682079111
5.925639317318796         -0.038487540208075106
5.951162834340497         -0.03769158706319035
5.953339076985981         -0.0376243579326633
5.956891364623151         -0.037514285095225766
5.958007946263933         -0.03747968969744744
5.958254398073613         -0.03747205700433904
5.993231491360307         -0.03640054230597461
5.997368521209525         -0.03627534701726046
6.006336409317908         -0.03600507935702113
6.0210452203686415        -0.035565113758898356
6.028051980368884         -0.035356979203995116
6.032384208164574         -0.035228657700800504
6.042253614449521         -0.034937690951273435
6.05893229386631          -0.03445029432940621
6.059178975972926         -0.03444312632883602
6.059233632389146         -0.03444153830286071
6.066007360972902         -0.034244590401080334
6.07097231491651          -0.034100728972281794
6.07909989097297          -0.033869318025998574
6.081098164525499         -0.03381254396049389
6.095200773807324         -0.03340892149766098
6.11767424339633          -0.03277390763740169
6.121304410592056         -0.032672276769926706
6.127577582779801         -0.032497270514961596
6.1329301476866185        -0.03234898173982269
6.17146926946917          -0.03129630598286956
6.1735433280412915        -0.031240402198071473
6.204155367517974         -0.030424176629241136
6.205507050511746         -0.0303885196400935
6.220662043598379         -0.029990956998819405
6.22618906017633          -0.029846981262988587
6.237616536182665         -0.029551306519573165
6.258938253027449         -0.029004791233769204
6.2660345316945065        -0.02882439156319537
6.284222763224097         -0.028365415793215165
6.303477786142493         -0.027884850899800268
6.305471727664063         -0.02783538354686149
6.312044014690561         -0.027673283562251082
6.343890301821136         -0.02689717958747428
6.344461715815499         -0.026883399763563083
6.358733257959677         -0.02654090346493686
6.359066967583729         -0.026532933257689816
6.359248557777876         -0.026528596955279083
6.374119229331548         -0.02617525192675976
6.395925535552452         -0.02566339922404422
6.4132630109604865        -0.025261780472028025
6.442289336032639         -0.02459997828909438
6.44293571956871          -0.024585391574802485
6.4434528746103235        -0.0245737556369191
6.4565890385709075        -0.024279867740809424
6.461743017566348         -0.024164262006430577
6.481628075879003         -0.023723569512312793
6.522558948464755         -0.022830966294866976
6.522979839548518         -0.022821907462221874
6.532008310923909         -0.022628174767670654
6.535995093875104         -0.022542973545821403
6.56321007685612          -0.02196704387165924
6.572855170068812         -0.021765310093686176
6.59946680829465          -0.02121516271654107
6.626450594255215         -0.020666994799728618
6.633241843990818         -0.020530566667780505
6.666925305665394         -0.019863024579111436
6.679783664319141         -0.01961091973340157
6.6953723725957826        -0.019308017586396036
6.708705803676704         -0.019051315605644138
6.722512490191283         -0.01878781312180645
6.722937351169472         -0.01877976693305683
6.725225708150843         -0.018736288236739132
6.731266696443006         -0.01862176040476031
6.7615821720704234        -0.018052516310875035
6.763656279044412         -0.018013902457855765
6.767712642176723         -0.01793850777726702
6.76938833459582          -0.01790740959185638
6.780227093476717         -0.017706930545642968
6.7865363216751176        -0.017590767205020733
6.800760022975929         -0.017330330224656312
6.816292152469415         -0.01704822239229674
6.820156985172155         -0.016978396881366868
6.829133273043006         -0.016817065376341065
6.840192670908703         -0.01661936866993071
6.868252599743864         -0.01612335687345392
6.882254437629587         -0.01587848223241399
6.884877767022004         -0.01583279737693872
6.89342742706371          -0.015684331122050296
6.913563885743615         -0.015337226261225445
6.914303633792516         -0.0153245434138845
6.915906687635325         -0.01529707604070533
6.924111032394904         -0.015157254632729237
6.954183690715683         -0.014649220076219254
6.9619998880686           -0.014518327789390512
7.000072104345022         -0.013887550787730135
7.001029520525301         -0.01387183366026477
7.002255019183646         -0.013851726038423969
7.015247834045123         -0.013639357371240893
7.019081491109808         -0.013576969910405605
7.026248380778555         -0.013460787961423276
7.038507386481414         -0.01326285490648452
7.043711034848756         -0.013179138236145768
7.045478914241941         -0.01315074048597503
7.0580979559877015        -0.012948687098485852
7.067923777891283         -0.012792145856156508
7.072885507284769         -0.01271335954327105
7.0915656746995674        -0.012418318288815419
7.099908570713019         -0.012287352851992015
7.116780939560892         -0.012023993280851223
7.125960370562983         -0.011881620821132073
7.1500709728204335        -0.011510716348206964
7.15818182649082          -0.011386936325596161
7.169910438500007         -0.011208829661770912
7.172146152272227         -0.011174997502450296
7.172997269707437         -0.011162017713262817
7.173947107020149         -0.011147537376684856
7.174820343230425         -0.011134229444867142
7.175468275883266         -0.011124357948321362
7.175900998951797         -0.011117766606137697
7.177671927548183         -0.0110909105810523
7.180623441126765         -0.011046198343750594
7.212317225994417         -0.010569797038617861
7.222876534286365         -0.010412589736343986
7.226600535898604         -0.010357327144887872
7.23449082366867          -0.010240620362035635
7.246970949337975         -0.01005665127793398
7.259698001591387         -0.009869833339096887
7.271638207846032         -0.009695291636536324
7.302037066452104         -0.009254095425412756
7.306789032394665         -0.009185588515916795
7.316170305142276         -0.009050654877418317
7.320005633297821         -0.008995623043746974
7.334027917314188         -0.00879507819050755
7.352914207063184         -0.008526597661960926
7.3664994223263545        -0.008334631237909274
7.369438104069535         -0.00829316560319534
7.371785623957944         -0.008260074576492138
7.386520678353811         -0.008052916089057387
7.397833695570958         -0.007894430991173072
7.408323892540535         -0.00774793890927009
7.436030518918938         -0.007364595996972677
7.437117643165053         -0.0073495915083195305
7.437940839349813         -0.0073382325257667635
7.460435161363377         -0.0070287658669542265
7.462888598839655         -0.006995120444250678
7.4861590226855           -0.006677054325404537
7.49115906146896          -0.006608961594222364
7.505825658651689         -0.0064096144411887315
7.510152433747777         -0.006350967721904116
7.516818011926661         -0.006260764827289591
7.543229573334497         -0.005905073437340198
7.570266027223281         -0.0055438228408037655
7.578654603253624         -0.0054321264698573915
7.582508151920228         -0.005380899468756373
7.603643710411186         -0.0051007046528086485
7.613570494562317         -0.004969396338057159
7.613666568539037         -0.004968126744190138
7.621945975190119         -0.004858805861105048
7.643697475549148         -0.004572442537116708
7.649328198526727         -0.00449851166327985
7.662241720838927         -0.004329407664340422
7.671034498406232         -0.004214496158738701
7.674532811581164         -0.004168829238676179
7.681262173214207         -0.004081067527738301
7.71378550140389          -0.0036584553292817595
7.733661389274635         -0.0034011308156852577
7.7361555812344305        -0.0033688846750610135
7.738135919346562         -0.0033432890495240235
7.763599623250866         -0.00301473847417067
7.77021290501438          -0.0029295806770216607
7.77067060132211          -0.0029236896357650224
7.770902325074656         -0.00292070723218678
7.781491098619796         -0.0027845168615926647
7.7947737019637895        -0.002613935267705653
7.8096537923536635        -0.002423120450134323
7.82171445364543          -0.002268719554992788
7.83082979227532          -0.002152178606237029
7.863638642785962         -0.0017335259265539608
7.868476755103673         -0.0016718413214851912
7.875069915173028         -0.0015878016245821078
7.897932464902613         -0.001296574388697934
7.92106215190473          -0.0010022447470336346
7.943286745551583         -7.195453703750772E-4
7.949967244077763         -6.346707947961476E-4
7.952312318810659         -6.048843868392033E-4
7.974072791664684         -3.286720484121864E-4
7.98223181040024          -2.2519201377533226E-4
8                         -1.5572813323693753E-17
