0                         0
0.028062422325876232      2.1258208768150808E-4
0.04065759172534948       3.080934004813582E-4
0.047953801177498506      3.634711852194333E-4
0.0596046733215833        4.5193975129680504E-4
0.07168895329779446       5.437501901431565E-4
0.09842844204079312       7.470878704962186E-4
0.10837926776065035       8.228226589240916E-4
0.11077814301568971       8.410855254190562E-4
0.11505964853658775       8.736870807633813E-4
0.1366052186438763        0.0010378560247058506
0.15496106550044844       0.0011776029942194154
0.15963094034514372       0.0012132135247342362
0.18943364287684183       0.0014411133019750072
0.18977627896674887       0.0014437380268963209
0.1905561794482716        0.0014497127563351322
0.23780209428564583       0.0018125946097601138
0.2502838456429764        0.0019087901685651155
0.2581265124034715        0.001969302686524466
0.2597317735773149        0.0019816952259575893
0.2820239464615275        0.0021540233523666616
0.3109083274837147        0.0023779603386440396
0.3297671728890742        0.002524871287828698
0.3412838444401259        0.002614832729077653
0.35676086975993343       0.0027360241890263554
0.36180686876511436       0.0027756541237342397
0.36580038663280434       0.0028070462892804075
0.38942328597652587       0.002993249205240007
0.4011661810030721        0.0030861339994422594
0.412127099208819         0.0031730274280702695
0.4213992551537199        0.0032466592012094404
0.4259455664448485        0.0032828136640971487
0.44532292718205707       0.0034372912930857417
0.4637961130786144        0.0035850159676385743
0.46385440262858535       0.003585483324921656
0.4645565631623355        0.0035911137571343903
0.4972627461191543        0.0038546226416098224
0.49744423931630927       0.0038560917174863037
0.5075414298913637        0.003937955033137948
0.5145564763514           0.003994955774476534
0.5187275782976234        0.004028897031497703
0.5289258425046196        0.004112036584814286
0.5527746005552887        0.004307311750971388
0.5643817645679334        0.004402783969035689
0.5891857184986793        0.004608226699248992
0.6081218632718861        0.004766149982429252
0.617170858050115         0.004841947307950554
0.6215316357050087        0.004878550965243695
0.6234165246880213        0.004894387789722229
0.6261950484724643        0.004917691772742402
0.6712014466054547        0.005298701993083407
0.6736327201050701        0.005319473890234112
0.688669431405112         0.005448373504520167
0.7104399444123958        0.005636313996509237
0.7149697307687448        0.00567561443733401
0.7171567241544594        0.005694610681048249
0.7256980472517172        0.005768937190041902
0.7257929948039193        0.0057697646441949415
0.7294896752477307        0.005802037415223386
0.7357140283012903        0.005856463371637346
0.7892290787155037        0.00632885777126835
0.7907531348751875        0.006342428043680947
0.8013906385911909        0.0064373252661186165
0.8044560319053401        0.006464715139376002
0.8054491709578271        0.0064736325223201064
0.8154946670509209        0.006564171846486231
0.8244438782057034        0.006645143301991901
0.8265260966043539        0.006664025256479064
0.8391791227273759        0.006779108474849168
0.8456086822631719        0.0068378131434663775
0.8486641690775494        0.006865764405223262
0.8643992120967441        0.007010251060518044
0.87687301241025          0.007125645957684259
0.8836570680111414        0.007188676467380876
0.8851671775976867        0.0072027328750250376
0.893319777582111         0.007278761928137331
0.8950225837031681        0.007294677282971058
0.9023152931735052        0.007362774881068898
0.9318609305943127        0.007641038058283779
0.9434300866060127        0.007751193591252996
0.9595748264560833        0.00790615040340921
0.982156143111475         0.008124730462874681
0.9833919696891731        0.008136755280329616
0.9839029616920179        0.00814172922481681
0.995798247315334         0.008257830749961453
0.9960556564456085        0.008260349795943051
1.029152814218692         0.008586592758762807
1.0293584876731035        0.008588629395927676
1.0397537922142854        0.008691913753306614
1.0496681107951438        0.008791053385473856
1.0537239700217307        0.008831788984657744
1.0724139106065826        0.009020843019754551
1.079848927760757         0.009096662101167162
1.0878693204205336        0.009178841009843139
1.090101219745558         0.009201761613368298
1.0914902322569817        0.009216038751753447
1.1305450413028224        0.009621426743379576
1.155488394971046         0.009884338535658139
1.1672592798617913        0.010009901830073763
1.1690725247597966        0.010029308755036624
1.1819409421134723        0.010167532787305825
1.1822661302868478        0.010171043470170688
1.1865782202042197        0.010217659242719635
1.2135975068363225        0.010512421911181496
1.2395098635271677        0.010799436490757122
1.2440334443987244        0.010849975722043569
1.2654987560610902        0.01109155488546155
1.29001516716912          0.011370607748441092
1.300399464525766         0.01148989142318125
1.308692549694521         0.011585617895444275
1.3121887655799793        0.011626098038085215
1.3125608655685774        0.011630420000073905
1.3374013176489368        0.011920825081500143
1.3690052206623238        0.012297945916952518
1.3709698927743594        0.012321726324109307
1.3786078298015685        0.012414445254807706
1.4157336548750885        0.012868500871505291
1.4189419203016655        0.012908364124206527
1.4214274316833837        0.012939299058567071
1.4467270238912737        0.013256764630858927
1.4677744502645338        0.013524459066650613
1.4810320576190779        0.013694749627737087
1.484427502307101         0.013738571112577355
1.507398623864007         0.014037262140068913
1.5213151069939894        0.01422010384710495
1.5376460852310194        0.014436484340817894
1.5499130843125364        0.014600308006119788
1.5548507952262454        0.014666616018421614
1.5733572984923163        0.01491734370185503
1.5921939571939658        0.01517612047747315
1.5957329911872098        0.015225141289272017
1.5969240142698506        0.01524166681215925
1.6016820253428417        0.015307825743132313
1.617232800152643         0.015525630923857999
1.6319609026573572        0.015734138560711968
1.645344032082912         0.015925482194362725
1.6487147177929626        0.015973955894976116
1.6518976304768742        0.016019660827180662
1.6682350300155524        0.016255772236380677
1.6702358006560813        0.016284862084066567
1.6797092105814762        0.01642311543481874
1.6951610339438898        0.01665044642599156
1.6957474102430838        0.016659118014457724
1.6976202822188842        0.016686836743086124
1.705681436834464         0.016806523226477632
1.733484523432166         0.017224061429973195
1.734239479149244         0.017235520388812688
1.7358475165110008        0.017259949947677402
1.7440146364305482        0.01738449370645539
1.744228415437091         0.017387764203524708
1.7463999195499151        0.017421319312424237
1.748467613637057         0.017453308482335193
1.7569421559145857        0.017584806787339067
1.7603462619977166        0.017637632933533112
1.768469589241044         0.01776414653995586
1.8222802313781616        0.018618317725378395
1.8355738697264066        0.018833292393649993
1.8404386072512948        0.018912301554596375
1.8430634226219307        0.018955007431350358
1.851858333873929         0.019098968281712217
1.8835918071385556        0.019624479154558193
1.8922181404354987        0.019768357407606456
1.9018598627915009        0.01993032835350189
1.902708031155647         0.019944635150262582
1.903054094013825         0.019950475209706373
1.9412915894877252        0.020605452151343982
1.9717318620501672        0.02114060233159141
1.9722355188452965        0.021149559167660648
1.9877061942089405        0.02142631980578323
1.9895778573363243        0.021459909974324246
2.004290674372941         0.021725205957864407
2.008054686306785         0.02179343335200637
2.0242635701853167        0.02208889736337661
2.031195182746399         0.022216101198008365
2.0379952810376296        0.02234136738139409
2.0507468090221823        0.022577536600158585
2.0623485409033           0.022794710094435684
2.085084401310736         0.023224182640065323
2.102053308735778         0.023548066747912114
2.102083828683748         0.023548651857202695
2.126528836488292         0.02402026870643815
2.1265460466759305        0.02402060283371627
2.129524376452067         0.02407846995763189
2.133771760131525         0.02416114649793827
2.137423328307008         0.024232368619473768
2.166331599521657         0.02480088718318259
2.172168316007912         0.024917659420699057
2.1791195480468675        0.02505549929860831
2.2093832340182837        0.0256694519315719
2.2144384604040592        0.025772601813891197
2.2154376793948662        0.025793010661818803
2.2334410183635507        0.02616186655027789
2.2382432229777334        0.026260620399878646
2.2622663068994706        0.02675694778959636
2.2777831990863526        0.0270804506954871
2.2956734664350287        0.027456064177527453
2.314152613583384         0.027846998231215777
2.32463656376806          0.028070126462320325
2.327269658495047         0.028126318147175523
2.3507634037036675        0.028630388039622617
2.3582038221995854        0.02879103849201836
2.3585477231918937        0.02879835093478035
2.3603622359032217        0.02883695990725781
2.3936928285009333        0.029554116431277175
2.3955748546016626        0.029595060876893026
2.4214978425956994        0.03017007546264864
2.4251792139825614        0.030251823338226326
2.44836824121989          0.030767263533651862
2.4581653444599767        0.030985164426686182
2.4986184791151973        0.031883354249752
2.4997340492948266        0.03190808830223964
2.5111931744645024        0.03216204686160603
2.5136082220426808        0.03221554401521967
2.5235925303210145        0.03243661839591072
2.5417247486145707        0.03283771834163843
2.5629552021638093        0.03330671957532457
2.5740181077091155        0.033550838689877197
2.586548888257872         0.033827124206943636
2.5873184095678954        0.03384408326626754
2.588541785453436         0.033871358241233815
2.590749346066137         0.03392126232435617
2.6067167250346888        0.034278906040305666
2.624142682079498         0.03466717837416827
2.6495460343849584        0.03522850738988818
2.6617890273364204        0.035485939670442175
2.6698361675044473        0.0356544125390292
2.6737108353571712        0.03573637181630756
2.684788758465775         0.03596965272811774
2.693089440566477         0.036143434326138105
2.719394999853802         0.03668841479987549
2.7269287027167075        0.036842883169070986
2.741667773001266         0.03714301501935706
2.7460269336897025        0.03723125498767743
2.7769656043529425        0.0378506331015308
2.780146570076244         0.03791362929036328
2.7834426756779265        0.037976977412167344
2.7961340963467785        0.038216817847242616
2.8224087664252564        0.03869278044731736
2.833664414098931         0.03889801287743048
2.843853267214958         0.03907939298301582
2.8468588282228753        0.03913209871247792
2.8756207749337754        0.039618067595347126
2.875660279730629         0.03961871216183592
2.875808194941652         0.03962112501136925
2.905688016274221         0.040090465212920076
2.911495796647727         0.04017789412363615
2.9165581969849947        0.04025277076226867
2.9432537677014654        0.04062710441711656
2.9481786490316266        0.040692394630841254
2.9665304849154457        0.0409253529352304
2.989040406584839         0.04118883837776396
2.991192495415036         0.041209300925126424
2.9968329630574377        0.04126189620038628
3.0132455089955728        0.04140640951990749
3.0378907809356117        0.04162756936890505
3.0557820946869887        0.041758060998772994
3.0713778899746877        0.04185015438031599
3.0774272871986392        0.04187886193450115
3.098757604848461         0.04195120069245497
3.1024442347361045        0.041960012191260304
3.118396567366936         0.04198560175216249
3.1298352030206043        0.04199141117349065
3.133533821284878         0.04199104889178864
3.139013148904179         0.041988499508434037
3.1622319716629947        0.04195102806845096
3.1768583158905255        0.041892294521989046
3.1938074961810017        0.041797362449312245
3.2023885165933828        0.041739570755911594
3.2087796001510824        0.04169227822608067
3.247985704961611         0.04132276756883609
3.2511325087538894        0.04128719044300688
3.2550584136481175        0.04124157178273328
3.2552092935075736        0.041239654823971565
3.2564232212040896        0.041224141464648235
3.2581685726043137        0.04120155569973571
3.2922950725343343        0.04069331831255155
3.2949515262863525        0.04064843870675098
3.3027897383732157        0.040511538862970764
3.316979266560429         0.040255020363694584
3.339733493212666         0.03976743678990483
3.3470987842293747        0.039595541648954444
3.351829383609611         0.039481507237561594
3.356051158904646         0.03937734131251938
3.3632308709353724        0.03919500098358697
3.3853907283175415        0.03859098050786563
3.399346266974967         0.038178622652329644
3.431082906511433         0.037148898321783766
3.4429509097738062        0.03673100857709466
3.445974001465573         0.036621705967515045
3.446972491735118         0.03658359509119005
3.447729636127101         0.03655792028951443
3.4518085493304533        0.03640832357439803
3.454724630024234         0.03629989876076114
3.473942987401942         0.03555455256711794
3.515273541308301         0.033770580619149455
3.518768497344272         0.03360839205583429
3.5243752944735416        0.03334450846164844
3.5293703634966445        0.03310558457752968
3.533382478362644         0.032916149969361624
3.5430554981679254        0.032452354172186476
3.5841187108581374        0.030317004663794896
3.5887199471173523        0.030066760505369952
3.595351871480687         0.029702184225612396
3.638827079585117         0.02719845981337468
3.6446167905932123        0.02685013631470555
3.651976712205016         0.02640229079364196
3.6610805180861457        0.02584050384363643
3.664423566690205         0.025630873230319925
3.6694207607046696        0.025314917607186984
3.689116574657552         0.024039284228384413
3.7112811580337786        0.02254588812879192
3.719118569208304         0.02200315658858034
3.7373225242909247        0.02071298686766653
3.7390440540986116        0.020587375805778258
3.7404754973041063        0.02048259307952494
3.7500065705010615        0.019803835777646613
3.7785557456269894        0.017719502272847895
3.77893335513051          0.017691505493773917
3.7914936839823317        0.016753887367570695
3.7916530455939514        0.016741911718368495
3.7935231944928           0.01660122569899614
3.8049206270891816        0.015737903030903205
3.8233063178545095        0.01432378075031806
3.8395188945275884        0.01305481986239768
3.842510790544215         0.012818391989040785
3.8438007880649216        0.01271623636261863
3.8503210927280773        0.012197894065806214
3.8740454930303594        0.010304850009578075
3.894791501674972         0.008622723688726044
3.903615467551365         0.007899697681443683
3.9240462972185783        0.006213265127087269
3.935600410438204         0.005259388322056224
3.951576318267991         0.003940269927881738
3.9522581553195932        0.003883966261392875
3.963498943376801         0.0029556842656865583
3.965737157882997         0.002770835950496178
3.9821472020517277        0.001415440875810726
4.017704504757743         -0.0015295617511054483
4.039311726009661         -0.0033208942138585208
4.052759191231332         -0.004440602934879054
4.071554462393197         -0.006007875665808082
4.071975783593651         -0.0060430386027566915
4.074796894738745         -0.006278519352914033
4.07787032512735          -0.006518039325353717
4.0860057922160085        -0.007153342104856663
4.089825564158801         -0.0074522739867810845
4.109664691877451         -0.009063073603561518
4.127367705391538         -0.01048923772311294
4.128791426446883         -0.010605537565275118
4.131191128337046         -0.010801222617646199
4.144272823988608         -0.01186047270998432
4.1747003527471405        -0.014275193869660006
4.185808487405297         -0.01513963676293733
4.196254752949876         -0.01594422943534565
4.218212464087368         -0.017609092849814392
4.2276982649646655        -0.018317267265953213
4.2428255483637125        -0.019432817535538938
4.262904473576436         -0.020841863460435393
4.267051329069611         -0.02113397089707412
4.2690658241127775        -0.021275609908274325
4.276540753780862         -0.02179966615806249
4.282438036140638         -0.022211442088543046
4.283333364882968         -0.022273829060334396
4.283628101931227         -0.02229435904611048
4.2895870586461164        -0.022708640763782716
4.31314759668234          -0.024331866927264658
4.3697587739657155        -0.02784355514268849
4.3701376969510015        -0.027866244978841267
4.371316504788471         -0.027936762431564652
4.3725385268137105        -0.028008643908871922
4.401761302851655         -0.029693645443001484
4.411549901205083         -0.030244643803906256
4.427372217744819         -0.031105239714293458
4.42925885696491          -0.031205379701355125
4.43837641635124          -0.031681888528664354
4.450870421755593         -0.032314843496511536
4.4591332535633805        -0.032720730199682795
4.471112829370386         -0.03329121452460268
4.480832021011555         -0.03374309869283411
4.490984671690453         -0.034201204933531425
4.518375493162487         -0.03536612070177343
4.523046329316257         -0.0355583476905085
4.527913511494942         -0.03574739670688646
4.5392397980466574        -0.03619028932847764
4.555272291923686         -0.03678871133718138
4.555501998785727         -0.03679686296346883
4.5558261462337795        -0.03680835525770578
4.577752068115117         -0.037556495178789534
4.595811152296178         -0.038129444383121526
4.604810717240011         -0.03840038264736982
4.610707288090246         -0.03857264218100171
4.615283992694684         -0.03870347286032629
4.639523599176444         -0.03935455548841595
4.645624894140155         -0.03950735038600769
4.648661683486194         -0.03958173868673552
4.655242402051263         -0.0397408848879662
4.65856828812428          -0.03981801612262386
4.6715153891982055        -0.040105508445631696
4.699123558038617         -0.040650708315943355
4.700132058285982         -0.04066887523379385
4.7001595629567           -0.04066936897072105
4.71674847797458          -0.040950454499480135
4.722878736478712         -0.04104588759894399
4.746318544947469         -0.04136878975721788
4.775807212995965         -0.04168044641989852
4.778514422174418         -0.04170153501474383
4.786400842092762         -0.0417566762495382
4.789267414746804         -0.041774397546266634
4.7900964311207135        -0.04177929182155444
4.796558793550997         -0.04182081161909377
4.799069724013388         -0.0418357769424098
4.8057777121346055        -0.041872553857341906
4.838111723727868         -0.042012498840985714
4.880258761178685         -0.04206493154626194
4.880709924850312         -0.04206469701528152
4.881750246007333         -0.04206409197062095
4.883484610382219         -0.0420628840093186
4.885372762130541         -0.04206128571678087
4.887597402119988         -0.04205901306210774
4.889086794423805         -0.04205728080699811
4.942811169804558         -0.04188179988455294
4.944084194506268         -0.041874471171702676
4.9477996715090455        -0.04185230882381821
4.96488651383119          -0.04173557135074499
4.973551935535826         -0.04166706700492577
4.977709595072685         -0.041631976322883596
4.981191152806105         -0.04160148328587507
5.001978895842603         -0.04139838489170153
5.012028583396994         -0.041291512807051095
5.02130263451113          -0.04118726872461932
5.032243141903926         -0.041057357010305745
5.043988999118167         -0.04090952515379729
5.045846098987208         -0.040885359658552375
5.049692969688446         -0.04083385886029574
5.061217564701782         -0.04067629991807553
5.066999083562014         -0.0405954101872509
5.074633101128353         -0.04048671095812332
5.081994826401146         -0.04037985046693211
5.093239719656867         -0.040212759818215156
5.099013778866344         -0.04012514717020216
5.107397707922798         -0.039995741955027996
5.126588083819005         -0.03968976949009502
5.136714372328593         -0.0395228338301981
5.141718669706606         -0.0394381301243201
5.152893735721847         -0.0392454441652445
5.163839394732191         -0.0390515537799783
5.165755139003608         -0.039017162830692204
5.193053477167313         -0.03851324497276467
5.207170934298141         -0.03824225965875555
5.223292853007919         -0.03792911374401662
5.237899223819976         -0.0376420128077419
5.252570494240222         -0.03735167019570739
5.259392212390428         -0.03721481720298421
5.26491883375752          -0.03710308358054163
5.270343431076642         -0.03699266221852163
5.275524994741587         -0.03688649378033126
5.302333084323576         -0.036326372675351895
5.3296728848525925        -0.03574185654601053
5.336211017977227         -0.035600671331651665
5.357446516238401         -0.03513837627380022
5.36926163910765          -0.034878690259756144
5.370400405420122         -0.034853567803999404
5.421494128491905         -0.033724337349114494
5.438950646725198         -0.03333767001738406
5.448887163726781         -0.033117377886130256
5.450717200648477         -0.033076790610097294
5.4566822008087765        -0.03294446315775447
5.465615034768762         -0.03274620191031632
5.477999093108853         -0.03247272865349911
5.499572325511784         -0.031997061250340485
5.518289146940775         -0.031585123618977654
5.528881689047969         -0.03135230117181836
5.542347949786603         -0.03105663656614174
5.547649796705815         -0.030939327313897744
5.573417827259503         -0.03036890504101272
5.574356984334956         -0.030348106443213514
5.576032918030457         -0.030310930181341986
5.576998191202758         -0.03028953237461822
5.593872150786449         -0.029917163678440165
5.603499090373907         -0.02970304728341138
5.620023800443548         -0.029337586201119766
5.647892362004041         -0.028736989669502833
5.681919814169937         -0.02801031794088698
5.69219913408803          -0.02779223755091121
5.704692315283909         -0.02752808810004579
5.724867132494076         -0.02710360466751517
5.727173997937764         -0.027055231495541638
5.778777603224954         -0.02598193489756611
5.78206226204264          -0.025914211685789505
5.786943131585728         -0.025813766304790618
5.80167039900512          -0.025513857759073756
5.805027188868545         -0.025445982754149506
5.819223272421701         -0.025160918498672583
5.821951169631352         -0.02510650850114673
5.846389096950656         -0.02462436001816594
5.849832297344974         -0.02455662622280605
5.885444742561485         -0.023861483946012264
5.892948576691437         -0.023716271855565078
5.895173370094102         -0.023673392351976224
5.895367347927231         -0.023669656700409776
5.895555886400125         -0.02366602625817451
5.897387467934918         -0.023630781320600956
5.898464081096022         -0.02361008402009667
5.921962889336856         -0.02316199480417653
5.924669780071095         -0.023110828092474816
5.925639317318796         -0.02309252412484521
5.951162834340497         -0.02261495223791435
5.953339076985981         -0.022574614759598124
5.956891364623151         -0.02250857105713561
5.958007946263933         -0.022487813818468615
5.958254398073613         -0.02248323420260357
5.993231491360307         -0.0218403253835849
5.997368521209525         -0.02176520821035641
6.006336409317908         -0.021603047614212813
6.0210452203686415        -0.02133906825533915
6.028051980368884         -0.021214187522397197
6.032384208164574         -0.02113719462048044
6.042253614449521         -0.020962614570764197
6.05893229386631          -0.020670176597643856
6.059178975972926         -0.020665875797301742
6.059233632389146         -0.020664922981716558
6.066007360972902         -0.020546754240648328
6.07097231491651          -0.020460437383369206
6.07909989097297          -0.02032159081559927
6.081098164525499         -0.020287526376296463
6.095200773807324         -0.020045352898596713
6.11767424339633          -0.01966434458244114
6.121304410592056         -0.019603366061956146
6.127577582779801         -0.01949836230897709
6.1329301476866185        -0.019409389043893735
6.17146926946917          -0.01877778358972185
6.1735433280412915        -0.018744241318842995
6.204155367517974         -0.018254505977544792
6.205507050511746         -0.018233111784056216
6.220662043598379         -0.017994574199291756
6.22618906017633          -0.017908188757793268
6.237616536182665         -0.01773078391174401
6.258938253027449         -0.017402874740261632
6.2660345316945065        -0.017294634937917327
6.284222763224097         -0.017019249475929206
6.303477786142493         -0.01673091053988026
6.305471727664063         -0.016701230128116994
6.312044014690561         -0.01660397013735075
6.343890301821136         -0.016138307752484673
6.344461715815499         -0.01613003985813795
6.358733257959677         -0.01592454207896222
6.359066967583729         -0.015919759954613987
6.359248557777876         -0.01591715817316755
6.374119229331548         -0.01570515115605595
6.395925535552452         -0.01539803953442663
6.4132630109604865        -0.01515706828321691
6.442289336032639         -0.01475998697345672
6.44293571956871          -0.014751234944881583
6.4434528746103235        -0.014744253382151552
6.4565890385709075        -0.014567920644485746
6.461743017566348         -0.014498557203858434
6.481628075879003         -0.014234141707387767
6.522558948464755         -0.013698579776920274
6.522979839548518         -0.013693144477333212
6.532008310923909         -0.013576904860602477
6.535995093875104         -0.013525784127492928
6.56321007685612          -0.01318022632299563
6.572855170068812         -0.013059186056211796
6.59946680829465          -0.012729097629924723
6.626450594255215         -0.012400196879837252
6.633241843990818         -0.012318340000668386
6.666925305665394         -0.011917814747466943
6.679783664319141         -0.01176655184004102
6.6953723725957826        -0.011584810551837698
6.708705803676704         -0.011430789363386555
6.722512490191283         -0.011272687873083942
6.722937351169472         -0.01126786015983417
6.725225708150843         -0.011241772942043555
6.731266696443006         -0.011173056242856262
6.7615821720704234        -0.010831509786525091
6.763656279044412         -0.01080834147471353
6.767712642176723         -0.010763104666360284
6.76938833459582          -0.010744445755113899
6.780227093476717         -0.01062415832738585
6.7865363216751176        -0.010554460323012509
6.800760022975929         -0.010398198134793854
6.816292152469415         -0.010228933435378108
6.820156985172155         -0.010187038128820186
6.829133273043006         -0.010090239225804702
6.840192670908703         -0.009971621201958492
6.868252599743864         -0.009674014124072412
6.882254437629587         -0.009527089339448458
6.884877767022004         -0.009499678426163295
6.89342742706371          -0.009410598673230236
6.913563885743615         -0.00920233575673533
6.914303633792516         -0.009194726048330763
6.915906687635325         -0.00917824562442326
6.924111032394904         -0.009094352779637606
6.954183690715683         -0.008789532045731612
6.9619998880686           -0.008710996673634367
7.000072104345022         -0.008332530472638136
7.001029520525301         -0.008323100196158917
7.002255019183646         -0.008311035623054438
7.015247834045123         -0.008183614422744592
7.019081491109808         -0.008146181946243418
7.026248380778555         -0.00807647277685402
7.038507386481414         -0.007957712943890765
7.043711034848756         -0.007907482941687515
7.045478914241941         -0.007890444291585072
7.0580979559877015        -0.007769212259091565
7.067923777891283         -0.0076752875136939566
7.072885507284769         -0.00762801572596268
7.0915656746995674        -0.007450990973289302
7.099908570713019         -0.007372411711195259
7.116780939560892         -0.007214395968510781
7.125960370562983         -0.007128972492679291
7.1500709728204335        -0.006906429808924225
7.15818182649082          -0.006832161795357743
7.169910438500007         -0.006725297797062592
7.172146152272227         -0.006704998501470224
7.172997269707437         -0.006697210627957735
7.173947107020149         -0.00668852242601096
7.174820343230425         -0.00668053766692033
7.175468275883266         -0.006674614768992861
7.175900998951797         -0.006670659963682664
7.177671927548183         -0.006654546348631426
7.180623441126765         -0.006627719006250402
7.212317225994417         -0.00634187822317076
7.222876534286365         -0.006247553841806434
7.226600535898604         -0.006214396286932765
7.23449082366867          -0.006144372217221422
7.246970949337975         -0.006033990766760428
7.259698001591387         -0.005921900003458172
7.271638207846032         -0.005817174981921833
7.302037066452104         -0.005552457255247691
7.306789032394665         -0.005511353109550116
7.316170305142276         -0.005430392926451025
7.320005633297821         -0.0053973738262482205
7.334027917314188         -0.005277046914304567
7.352914207063184         -0.005115958597176589
7.3664994223263545        -0.005000778742745598
7.369438104069535         -0.004975899361917238
7.371785623957944         -0.0049560447458953175
7.386520678353811         -0.004831749653434464
7.397833695570958         -0.004736658594703876
7.408323892540535         -0.004648763345562084
7.436030518918938         -0.004418757598183635
7.437117643165053         -0.0044097549049917474
7.437940839349813         -0.004402939515460089
7.460435161363377         -0.004217259520172566
7.462888598839655         -0.004197072266550436
7.4861590226855           -0.004006232595242749
7.49115906146896          -0.003965376956533445
7.505825658651689         -0.0038457686647132647
7.510152433747777         -0.0038105806331424964
7.516818011926661         -0.0037564588963737815
7.543229573334497         -0.003543044062404143
7.570266027223281         -0.003326293704482283
7.578654603253624         -0.003259275881914457
7.582508151920228         -0.0032285396812538466
7.603643710411186         -0.00306042279168521
7.613570494562317         -0.0029816378028343165
7.613666568539037         -0.0029808760465141033
7.621945975190119         -0.002915283516663049
7.643697475549148         -0.0027434655222700437
7.649328198526727         -0.0026991069979679285
7.662241720838927         -0.0025976445986042704
7.671034498406232         -0.0025286976952432374
7.674532811581164         -0.0025012975432057243
7.681262173214207         -0.0024486405166429972
7.71378550140389          -0.0021950731975690706
7.733661389274635         -0.002040678489411168
7.7361555812344305        -0.0020213308050366224
7.738135919346562         -0.002005973429714428
7.763599623250866         -0.001808843084502414
7.77021290501438          -0.0017577484062130085
7.77067060132211          -0.001754213781459025
7.770902325074656         -0.0017524243393120802
7.781491098619796         -0.0016707101169556103
7.7947737019637895        -0.001568361160623403
7.8096537923536635        -0.0014538722700806036
7.82171445364543          -0.001361231732995682
7.83082979227532          -0.0012913071637422262
7.863638642785962         -0.0010401155559323833
7.868476755103673         -0.0010031047928911216
7.875069915173028         -9.526809747492712E-4
7.897932464902613         -7.779446332187656E-4
7.92106215190473          -6.01346848220185E-4
7.943286745551583         -4.3172722222504937E-4
7.949967244077763         -3.808024768776911E-4
7.952312318810659         -3.629306321035245E-4
7.974072791664684         -1.9720322904731317E-4
7.98223181040024          -1.3511520826520028E-4
8                         -9.343687994216319E-18
