0                         0
0.0022381383573398497     1.0389695526956723E-5
0.01471034384169538       6.831772253008274E-5
0.020952078088455676      9.731848771499599E-5
0.0524981462167573        2.4407345160260588E-4
0.06352193197960532       2.9542219253352183E-4
0.07305158446027815       3.3983846487824714E-4
0.0896681890725484        4.1734627882441074E-4
0.10259504415659804       4.776963603139595E-4
0.10861132824568734       5.057997001110671E-4
0.13159467534078229       6.132523398144842E-4
0.14743963262771248       6.874167292625298E-4
0.16318954950426906       7.612053659989892E-4
0.1647245102746169        7.684003681573181E-4
0.16578347925488876       7.73360770679009E-4
0.17540051957679131       8.184574889798743E-4
0.19410756983401198       9.064311818281546E-4
0.20789269075150746       9.714712197893922E-4
0.23505954909096763       0.0011001764296859418
0.23706049944391874       0.0011096838125244184
0.23940018426757714       0.0011208054927437988
0.2544817152696147        0.0011926202519739104
0.2639130686042763        0.0012376399666990314
0.28857916671847555       0.0013557114742786525
0.3048101973679169        0.0014336717567712538
0.3233062381504175        0.0015227683476793908
0.33713678644623785       0.0015897971173639675
0.3494883868205234        0.0016498775622297423
0.3998362057340378        0.0018967131479377848
0.4039182732622962        0.0019168683747438047
0.41783995410498015       0.0019857674335153515
0.420879935359171         0.0020008332199110816
0.43056626967471856       0.0020489504888255173
0.44773856762472475       0.0021346771830285157
0.47477647710317095       0.0022707497151262268
0.5014654680988726        0.0024063800627964057
0.5212962405462819        0.0025080029880042466
0.5276911770711123        0.0025409275458633286
0.5342217555869246        0.002574658014171184
0.5372457294439908        0.00259030622542674
0.5931231673755106        0.0028830551811725486
0.6003946725901204        0.0029216679937950733
0.6045681547272385        0.002943884833643891
0.6067204547941035        0.002955357361511835
0.6071225317913067        0.0029574957964269154
0.6078697550568751        0.002961471080684588
0.6079073969541439        0.0029616713796668517
0.6079742135055479        0.002962026931723984
0.6109726796738053        0.0029780088520094975
0.6638828081572828        0.0032638391855903124
0.6658537114951391        0.0032746259654837994
0.7140034542781606        0.003541264657909351
0.715239594506849         0.0035481888143889116
0.7197590865797137        0.0035735380166135922
0.7206902281877172        0.003578767210362301
0.7238049992073968        0.00359627570201177
0.7265110520450533        0.003611528426807265
0.7323378542713133        0.003644453918323175
0.7367885502937341        0.003669679439953569
0.7658647399381483        0.003836096036311147
0.7758642401934115        0.003893976951668383
0.7780152323065777        0.003906471130820948
0.7965218900755111        0.004014603370758563
0.8049236527289805        0.004064079340487923
0.8124769425966318        0.00410875468983253
0.81393672808511          0.004117410245115299
0.8303055006474139        0.004214940383660447
0.8401212994668595        0.004273895176445123
0.8675816439481989        0.00444020386708718
0.8921270929072923        0.00459164447748205
0.8955558192195959        0.004613008345050705
0.8993184438777353        0.004636511726082169
0.9118635648007096        0.0047152842020534635
0.9340799371799222        0.004856415751713061
0.9390800992145844        0.004888467326447951
0.953633894126602         0.0049823601085265635
0.9632543551393424        0.005044931963432568
0.9669709625027433        0.005069206903745984
0.9686717527709285        0.005080334534688144
0.9891460764600164        0.0052152244166016395
1.0177746823265745        0.0054072907124111105
1.0335654753049244        0.005514936360718436
1.0516182800005316        0.005638726971080238
1.0539730322411125        0.005655019823447681
1.0564737037326692        0.00567235919691398
1.0610947082737112        0.0057045006958775105
1.0878267730914302        0.005893050265057375
1.1164749309828372        0.006099862302608964
1.135873251400594         0.006242688484361316
1.143640293455762         0.006300507146442764
1.1488790865571774        0.006339709153742796
1.1704546002301146        0.0065028904481628244
1.2019046135785263        0.006745745578358118
1.2036464073163011        0.006759368610037425
1.233085225742209         0.006992364275533935
1.2400215736189706        0.0070483025998202865
1.2489659195400469        0.007120910769820293
1.2665474798870058        0.007265197728096877
1.2762698341215237        0.007345876522245125
1.293382236453351         0.007489148077382615
1.3004062481689072        0.007548898532339303
1.309854958541202         0.007629861299566408
1.3282934757063327        0.00778979181053665
1.332509971304973         0.00782672438173542
1.3344216329553948        0.007843512890191924
1.3392982483824694        0.007886464794984093
1.34532992911473          0.007939838075079437
1.3473401827530764        0.007957687359441646
1.3525505525194328        0.008004092596044197
1.3565890224252288        0.008040201228472207
1.3684370177418825        0.008146845228698829
1.3718891823633217        0.008178187527801568
1.3754828755908468        0.008210930561176309
1.3857605629849643        0.008305225086172695
1.3943556673228104        0.00838482425254563
1.4027336637159384        0.008463063072150782
1.4349599894778706        0.008769996016664373
1.4351988538696574        0.008772306493770893
1.435210729241651         0.008772421290394633
1.442281686355472         0.008841017526053558
1.4432076464352677        0.008850036284667415
1.47368619299337          0.009151535380599428
1.4915011112749288        0.009331935297979798
1.5056974672201966        0.009477895930452946
1.5099905646773857        0.009522420537165437
1.5121735321170826        0.009545129094279703
1.5124854838241555        0.009548377979765911
1.5140061950075117        0.009564229253863141
1.5169319961719           0.009595014234216779
1.538451853774726         0.009821749916689904
1.5426888216598555        0.009867137879065385
1.547696516349324         0.009921098944716511
1.5585890036567738        0.010039657517724877
1.5964485890558453        0.010464231610361538
1.6012185740707041        0.010519090660692388
1.669752023314343         0.011341042374420377
1.67161572273196          0.011364215442787325
1.6719154921663746        0.011367946928102132
1.673288373147265         0.011385051145149096
1.6809925062025273        0.01148148476203832
1.6863965720329832        0.011549584658135971
1.7177548632860171        0.011952178693078434
1.7273703377680767        0.012078166176978348
1.7403450968943563        0.012249897591950588
1.7494913171391988        0.012372664099213216
1.7612171005359911        0.012531375341207792
1.7676217260543092        0.012620801236730868
1.7899059949497058        0.012936796828926258
1.807327014090032         0.013189236400233905
1.8242767290950184        0.013438719050683785
1.840218062616116         0.013677961194777521
1.840863596059184         0.01368774311760857
1.8444186331757346        0.013741744509948793
1.8793480346320879        0.014284123779213715
1.8977700303997327        0.014578804227620616
1.9047516457508504        0.014692039597509506
1.908741650926129         0.014757138020952949
1.934419340169158         0.015182765154527829
1.9486075886478549        0.015424663501933337
1.9553394503492378        0.015541184088605749
1.966105639779828         0.015729871996643663
1.9716738292620921        0.015828588631734548
1.9782238799458878        0.015945697403544803
2.0161396049328832        0.016643234934065956
2.017897258868294         0.016676519246082204
2.0188357558703367        0.01669432578421762
2.0231434870287686        0.016776365812313895
2.0296528821992106        0.016901294093394227
2.0323049653557126        0.01695252340674247
2.0383837518829786        0.017070667114155124
2.0552308173424896        0.017403351207066233
2.057765616997587         0.017453913844298383
2.074701594485207         0.017795853038404016
2.0768935387150576        0.01784063127999077
2.110335045879293         0.018538647348107916
2.1129693322446577        0.018594816801706424
2.1216499217050715        0.018783804041680133
2.12561291779835          0.018869799964168286
2.126952381414234         0.018898930094109284
2.1517554907150824        0.01944829145011412
2.158622924220722         0.0196037359872078
2.174210232542613         0.019961927675842234
2.1760865478521976        0.0200055478110455
2.1762224075520806        0.020008710441483363
2.188164456417975         0.020288919193885764
2.2009243756726855        0.020593156664685818
2.206550272129199         0.020728883840736286
2.2245734221208684        0.02117024263658597
2.23000214109626          0.02130755481204475
2.2526301898026557        0.021889274673698274
2.26618929185608          0.02224509539780591
2.276252923082855         0.022512697286964544
2.2858860624427084        0.02277165345612211
2.319703135247416         0.023701855299579886
2.327190984597962         0.023912614473060808
2.33008764540915          0.023994612320575565
2.3434980120486553        0.024376741744614138
2.3765098902167434        0.025361645402744357
2.3953710073715104        0.025952599767793336
2.4082665328202846        0.026358811487493042
2.4367974746864585        0.027287930030340173
2.443656724281561         0.02751754470519472
2.4460527814357538        0.02759832332928668
2.4495968335949745        0.027718345731710486
2.4685957217696735        0.02836840312652382
2.4849194413085964        0.028936950429012356
2.4937976048742634        0.029250061708933923
2.509994201089434         0.029828335534606572
2.5270693272262434        0.030449267370743965
2.5355672539453975        0.030761002891947217
2.539902115763544         0.030920715672004107
2.5558022162025464        0.03151054935697738
2.5584937333900863        0.03161101870871563
2.5612762721355624        0.03171897008646552
2.597753456732959         0.03315668745633849
2.627608543545643         0.0343645815475877
2.6293825067003658        0.034437237002339034
2.644153698753028         0.035046062431866226
2.6592250654757126        0.0356743418761113
2.665168780628466         0.0359240839815296
2.6710733016517354        0.0361732807394984
2.6972803368793103        0.0373040952517193
2.7011750409485202        0.03747578676295857
2.703752182504369         0.03758991327899779
2.7223250087418656        0.038424584047440376
2.743914961340091         0.039420016219648614
2.7463086755496198        0.03953098102205579
2.76236184386958          0.04027824635942643
2.7930782526343534        0.0417023093647797
2.816707138627177         0.04281163251052713
2.8378012320191113        0.04381212736246434
2.849392473418418         0.044365987109990755
2.8601673831172167        0.04488343952697463
2.8777067246308166        0.045731101863978836
2.894788716268989         0.046552183522173225
2.9108238664266874        0.04732790377945871
2.923543663352886         0.04794665404600448
2.9345886815810345        0.04848638553101192
2.9473463758576384        0.04911073379754549
2.974418452121745         0.050401829906530096
2.976497316230121         0.05050038860397701
2.9772462363303447        0.050535850809073427
2.993820585675888         0.05131469851152611
3.007696010865595         0.051966574643506305
3.012808392371329         0.05220497394077415
3.042150154163468         0.05353469957770067
3.063722913119077         0.0544704812663756
3.1102646203495077        0.05636853387607419
3.116549985118121         0.05661220652659906
3.143173261120645         0.05749092682310054
3.1594322086814053        0.05798529533843291
3.1864015946527378        0.058734644363692266
3.1925408481680173        0.058892901582086196
3.224037779511917         0.05963295950907581
3.2370852766361113        0.059904290534127866
3.2830106277368176        0.060457285443192996
3.298816698481783         0.0605396097174029
3.312720540362969         0.060560679461407696
3.3142991466813183        0.06056003363552348
3.3579387737997375        0.06029689389391496
3.3610623045775667        0.060259903182177485
3.3643933562455857        0.060215269491482655
3.372696016322479         0.06009258253196309
3.3888062294338943        0.059807954517119705
3.4144391886527528        0.05922838419247605
3.428988814642765         0.05883018462777307
3.44000278614933          0.05849541106521088
3.494283164013677         0.05642459271575105
3.4977894030112666        0.056254114373992546
3.504939490270292         0.05589266052479541
3.507375784362159         0.055765268081371715
3.5116699968348           0.05553548900716584
3.523937643590248         0.054837389995613106
3.569511262301526         0.05186052462392948
3.5755117473882896        0.05142355452909983
3.587106773904903         0.050633070086703647
3.600611459727674         0.04967854624764509
3.6034179624162705        0.04947560860832244
3.608356010332648         0.049051277490192925
3.6314886385814065        0.04699168591722008
3.635146168469076         0.04663335681159707
3.6558976861675445        0.04456580027070938
3.6721198266052584        0.04290864125717109
3.6764917100225087        0.04247388073854484
3.697461913476783         0.04031496967163706
3.7112082450289448        0.03883373044053289
3.7247524939702803        0.03732311934969862
3.7299766025092813        0.036726899115521676
3.765800234845112         0.032434921427644654
3.778448861711917         0.03083466942442403
3.787505406840967         0.029661672003673853
3.8066505215422417        0.027107298511956247
3.816176525776837         0.025874405370509664
3.843727564885973         0.022252580868489243
3.844987481058721         0.022084961799629613
3.8454350113165394        0.02202538050230487
3.8591493964373953        0.020188876747885453
3.8735887451908795        0.018232982842343523
3.8970761697434324        0.01491766702676678
3.903980918124606         0.013926760373602302
3.910043997223662         0.013040986076792382
3.913849957519171         0.012485393464687583
3.92903764586663          0.010271619111243972
3.9403027832249387        0.00862043569004195
3.951170374773873         0.007029598198503788
3.9696230657282188        0.004333095549340199
3.9778876520431714        0.0031272922522035907
3.9833616751525156        0.0023292812105094175
3.988187064227165         0.001626257885994731
4.0094217650468655        -0.0014627044834822258
4.024383689417379         -0.003634506881179168
4.027339056307106         -0.004063037021329995
4.063896206342757         -0.009351381888728255
4.06918449622635          -0.010111910995635458
4.09870543652223          -0.014363501435195576
4.101230888548754         -0.014723637296738788
4.107753760446446         -0.01565120572712881
4.125653088875514         -0.01817720590368408
4.151502199092159         -0.021775098800816437
4.158980128117595         -0.022804919557715155
4.173959657805648         -0.024758252872336867
4.1836766756786234        -0.025985369122357858
4.1980797105753265        -0.02778821450416549
4.211156668070145         -0.029408475288165183
4.241943747654069         -0.03316068067890023
4.249349713345452         -0.034050225406924164
4.249995067445872         -0.0341294087254872
4.261748785770938         -0.03555511191796547
4.2716073011121445        -0.03672688319606907
4.28821590818753          -0.03865134894462532
4.304688389448785         -0.04049853846125991
4.314929981508543         -0.04161612993472065
4.323371067406772         -0.04254851318265243
4.339661995558494         -0.044262387583279085
4.360479910320547         -0.046288421338642756
4.3726350419677225        -0.04738624353345133
4.4075085645908665        -0.05023372081750288
4.416161519566461         -0.05089453667723191
4.446407271849968         -0.05306157614637074
4.448206089968423         -0.05318346141179649
4.459972357844705         -0.05396135470265799
4.480352281908358         -0.05501938227297244
4.512822647055916         -0.05667201831851495
4.514998211807889         -0.05677254892658843
4.52896069736086          -0.057387253030588906
4.536445874630738         -0.05769506914626946
4.5590667073174735        -0.05853316919020057
4.56763873295959          -0.058814583307993676
4.588403397177226         -0.05941385047591949
4.5921637305281084        -0.05950762666894682
4.5929029614131895        -0.05952561762717164
4.6065632169353865        -0.059831805618402234
4.644721440084277         -0.060417578902646575
4.65893290266227          -0.060524415184882066
4.660209732456397         -0.06054327881680531
4.662395309284973         -0.06055677747476404
4.721578774263184         -0.06048955655158627
4.723245056077509         -0.060476793699166594
4.72474634858636          -0.06046283826177872
4.728797635802412         -0.060422544576073996
4.730233924190557         -0.06040733634145318
4.731279386704927         -0.06039596253244876
4.739626290017564         -0.06029597343106503
4.746167017051793         -0.06020621681639477
4.746404879724085         -0.060202763861095965
4.761251140629812         -0.05998375245903284
4.766478756078388         -0.059892412175818435
4.7768086339103215        -0.05969014061211241
4.786440507724617         -0.0594754778380666
4.802206092927811         -0.05906984625945006
4.8271137717572765        -0.05833857038844326
4.840804417341183         -0.05791269448488137
4.853003024916504         -0.057518932447368755
4.8616228879409285        -0.05723256456856613
4.868602788859003         -0.05699574929956902
4.881703832463505         -0.056539343315327485
4.8866377815251365        -0.05636342855637267
4.913694724261558         -0.05535255939844334
4.919927475520377         -0.05509504479245272
4.931946629795462         -0.05459216908796828
4.978241581868241         -0.05257782896480566
5.004224941871918         -0.05139343575790971
5.00663081918236          -0.051281811490220354
5.0266963015876405        -0.05033791916949468
5.054600058864994         -0.0489931456736569
5.095129412895038         -0.04704204955023408
5.0954391525189635        -0.04702713721174207
5.110789129822006         -0.04628809020587731
5.1272247084357065        -0.045496718620280506
5.176883250720689         -0.04310530803914152
5.1774843586922055        -0.04307635715181487
5.19004506903959          -0.042471383473905666
5.199653273584403         -0.04200859106920336
5.199849358006418         -0.04199914618421884
5.200726267241827         -0.041956907607496305
5.204245513260679         -0.0417873948304348
5.204362005360054         -0.04178178252361803
5.206608556063549         -0.041673703066446
5.263720417550933         -0.039094390460703246
5.294230066905533         -0.03765193140413904
5.29907043951867          -0.037429932221323285
5.317204312031573         -0.0366166924643498
5.318640491226607         -0.03655310488772277
5.319566292077769         -0.036512178370949736
5.384801034969967         -0.033812507399846835
5.389128810446191         -0.033638627841949625
5.397400492093352         -0.03330809904008042
5.458074358672189         -0.030956172486604212
5.462675078027222         -0.030783040884161585
5.471818445834914         -0.030441142306130722
5.477568262433397         -0.030227624079723826
5.479661839390288         -0.0301516324456862
5.480111673535873         -0.030135323259063117
5.480636344142981         -0.03011630914675141
5.483853064306964         -0.029999931332631336
5.496117277772096         -0.029559322795381156
5.517612844708543         -0.028798909543462196
5.521028652246532         -0.028679462976721366
5.533054114256445         -0.028261978131622924
5.549315197219363         -0.027704953684649272
5.559757213204639         -0.02735634877099728
5.563421652668085         -0.02723478867721665
5.579238334421904         -0.026717428434168133
5.594849493436616         -0.02621845427433947
5.596666727689917         -0.02616112355095295
5.602146442169698         -0.02598919821339135
5.605397554146081         -0.025887869778389597
5.608162309192639         -0.02580209518054795
5.616084481311725         -0.025558327997313536
5.622830332354866         -0.02535456661031212
5.646198885725752         -0.0246594493317772
5.679390930527827         -0.023700775770179632
5.6852286863053125        -0.023535643351782064
5.73252415039189          -0.02223615005666394
5.73612231805624          -0.022140775051660965
5.74810923846664          -0.021826218882407596
5.752014297135179         -0.021724798776248753
5.753264620581349         -0.021692247058322792
5.764975809997381         -0.02139042258697638
5.79534963384409          -0.020633861519700456
5.834012492731456         -0.019727152026311298
5.8507456312533375        -0.01934739686930828
5.870190734153158         -0.018920130481224155
5.884757265489934         -0.018606102197385566
5.923894609527484         -0.017788001689621205
5.925105590401014         -0.017763283995228696
5.955867622037784         -0.017147384740176245
5.982333725137478         -0.01663596566791177
5.983624145057166         -0.01661146694585274
6.013205175743111         -0.01606100478457326
6.034615612255912         -0.015675899284556895
6.041544509922405         -0.015553664990872244
6.044840066513568         -0.015496185989743044
6.072317325210697         -0.015027479722399865
6.0799363916507065        -0.0149008454183169
6.085139019181833         -0.014815205132692601
6.105008949523376         -0.014492450265623725
6.10516486468686          -0.014489943021736377
6.105360415544977         -0.01448679896123939
6.119143690682055         -0.014266755939264016
6.1212891081193535        -0.014232782840386636
6.1354611417485545        -0.014010243147415183
6.143825994686093         -0.013880080916483033
6.170560918135298         -0.013473038879428544
6.170599739984409         -0.013472458438717834
6.170961304423159         -0.013467053869419347
6.228110655392053         -0.012642828566659622
6.232010598286711         -0.012588757630352264
6.243694130321643         -0.012428434194090067
6.255621291068333         -0.01226693257309404
6.291410066355371         -0.011794872789513366
6.305583126271672         -0.011613129237784577
6.306687516944522         -0.011599091383713686
6.309447473545441         -0.011564088057403428
6.315859555449998         -0.011483198419209866
6.336196482425004         -0.01123064008515071
6.342815857467083         -0.011150028250256742
6.364771373322803         -0.010886805818349839
6.385673308096176         -0.010640942052050673
6.3857834773505076        -0.010639659848960287
6.393835102369732         -0.010546339715488549
6.399168804836484         -0.010484943058063597
6.399242080804517         -0.010484101915510859
6.413290932456326         -0.010324006797937579
6.419701047514565         -0.010251735131470246
6.437553323704384         -0.01005301848213569
6.46817354454908          -0.009720955968527543
6.471922497465444         -0.00968106213729862
6.474900908922334         -0.009649408019590161
6.495999667125867         -0.009427918150615219
6.517119516619257         -0.009210958385554595
6.539647356951319         -0.008985164796454304
6.556382087038052         -0.008821196958572527
6.5700080267200525        -0.008689993785689774
6.584734277167431         -0.008549981342016566
6.5955007840522795        -0.00844879063304432
6.622295976203464         -0.008201256009996528
6.63406038869906          -0.008094516051836686
6.634365769520313         -0.008091761056944069
6.634906169882018         -0.008086887786501788
6.635252763597136         -0.00808376355759061
6.649496354634126         -0.007956259198037458
6.652016587388212         -0.007933866752503144
6.657422746064556         -0.007885998293932125
6.671449753564922         -0.007762850819881154
6.704926309992931         -0.007475096831665205
6.714670526821124         -0.0073929665651132175
6.732099996320154         -0.007247891043347436
6.7554260436230456        -0.007057517594379464
6.7626229406950245        -0.00699956515736992
6.767521529215049         -0.0069603312373675555
6.801947602089907         -0.0066891594448409124
6.803967807461424         -0.006673467690293157
6.817062401148622         -0.006572351447988807
6.846750482582333         -0.006346917459186463
6.8476949638643285        -0.006339850132266676
6.857083829977259         -0.006269882376643999
6.887978052514378         -0.006043332252160122
6.895283056951174         -0.005990589116080549
6.896225601926904         -0.005983806798142434
6.89752100964437          -0.005974493940511595
6.911795911269465         -0.005872328383014991
6.936326291194288         -0.005699320597868933
6.961955789372956         -0.005521807928957741
6.963223546627348         -0.00551312162367112
6.964100817774824         -0.0055071155062349966
6.965413255747085         -0.005498137241336163
6.967875794004643         -0.005481314418255733
7.00225966464005          -0.005249578840788052
7.017478696373017         -0.005148889319022618
7.019198160317108         -0.005137585892349793
7.045664207464387         -0.004965462430571362
7.050880058727365         -0.004931952713607374
7.061738198678073         -0.004862632806139494
7.081526922253012         -0.004737399227121334
7.082050768389609         -0.004734103357627339
7.082396183230758         -0.004731930664626036
7.090181364305822         -0.004683075973487444
7.101638087696445         -0.004611581101574627
7.11775646953735          -0.004511801975801892
7.118036439660861         -0.004510077181160495
7.131863896923695         -0.004425245179179455
7.152396116665528         -0.004300559305600247
7.1599333989056975        -0.004255171597655651
7.1956881301480555        -0.0040429127827857955
7.206323485181776         -0.003980437719986368
7.218772025185256         -0.003907691729887701
7.232405430504602         -0.003829255153036406
7.262688664393811         -0.003656606750081648
7.266747193075496         -0.0036336559479597085
7.276807885016631         -0.003576955258508242
7.299732464311989         -0.0034488668186322025
7.30322529698125          -0.0034294866332025198
7.32374416325939          -0.0033163606316498834
7.325599697472229         -0.0033061915926717975
7.32880953901568          -0.0032886243265492342
7.350976363374746         -0.0031681334043269093
7.352503573547292         -0.0031598852196283627
7.374391509927826         -0.0030424256988596013
7.396875718706017         -0.0029228367478543603
7.417450453020615         -0.002814352980938804
7.433838935611839         -0.002728590885528013
7.446664252516121         -0.0026618764733154056
7.448320840534481         -0.002653314137560068
7.513817848492554         -0.002318584222388385
7.518189689719768         -0.002296505447193772
7.531539069242027         -0.0022292925716683384
7.549088988324401         -0.0021413990867490728
7.5607579895519965        -0.0020831668650055355
7.602800541716144         -0.001875257524859013
7.617857900461747         -0.001801517978761742
7.627852103042061         -0.001752734296340124
7.638570851849911         -0.001700585308047687
7.645889349727909         -0.0016650561787436412
7.649940596459843         -0.0016454150535994971
7.654960380403424         -0.0016211044664994794
7.6918841425412054        -0.0014431744157473129
7.710987542576197         -0.0013517331257502914
7.716687565309825         -0.001324560840651798
7.742244122223289         -0.001203092105557344
7.7531982079869           -0.0011512085610440198
7.76990372876638          -0.0010722921925592364
7.780935019799893         -0.0010203188389837448
7.794662852893792         -9.556918398587435E-4
7.833719056358044         -7.724743145736645E-4
7.8337391975190265        -7.723800775404676E-4
7.834122073069733         -7.705887171505293E-4
7.8341369252458275        -7.705192301117242E-4
7.8344197939389115        -7.691958338545341E-4
7.85295209828505          -6.825500874343619E-4
7.866247452888864         -6.206717670280614E-4
7.866651355226869         -6.18792443628329E-4
7.8908667963370505        -5.061729418180187E-4
7.895155400784576         -4.862179411175247E-4
7.896158238545534         -4.8155244776258173E-4
7.896840604046544         -4.783780450179157E-4
7.922628198425388         -3.585078665449083E-4
7.946304187033306         -2.4861647149587534E-4
7.959267543630874         -1.8851365543562484E-4
7.979053514584363         -9.68690649655858E-5
8                         0
