0                         0
0.0022381383573398497     1.3852927369276453E-5
0.01471034384169538       9.109029670678238E-5
0.020952078088455676      1.2975798362000227E-4
0.0524981462167573        3.2543126880349373E-4
0.06352193197960532       3.938962567113857E-4
0.07305158446027815       4.53117953171023E-4
0.0896681890725484        5.564617050992472E-4
0.10259504415659804       6.369284804186501E-4
0.10861132824568734       6.743996001481292E-4
0.13159467534078229       8.176697864193603E-4
0.14743963262771248       9.165556390167604E-4
0.16318954950426906       0.001014940487998712
0.1647245102746169        0.0010245338242098176
0.16578347925488876       0.0010311476942387392
0.17540051957679131       0.0010912766519732297
0.19410756983401198       0.0012085749091042771
0.20789269075150746       0.0012952949597192656
0.23505954909096763       0.0014669019062480083
0.23706049944391874       0.001479578416699311
0.23940018426757714       0.0014944073236584855
0.2544817152696147        0.0015901603359653065
0.2639130686042763        0.0016501866222654719
0.28857916671847555       0.0018076152990383098
0.3048101973679169        0.0019115623423617836
0.3233062381504175        0.0020303577969059735
0.33713678644623785       0.0021197294898187484
0.3494883868205234        0.0021998367496397857
0.3998362057340378        0.0025289508639171955
0.4039182732622962        0.0025558244996585562
0.41783995410498015       0.002647689911353958
0.420879935359171         0.0026677776265482656
0.43056626967471856       0.0027319339851008505
0.44773856762472475       0.002846236244038188
0.47477647710317095       0.003027666286835147
0.5014654680988726        0.0032085067503953954
0.5212962405462819        0.0033440039840058576
0.5276911770711123        0.0033879033944846366
0.5342217555869246        0.003432877352228445
0.5372457294439908        0.003453741633902522
0.5931231673755106        0.0038440735748969555
0.6003946725901204        0.003895557325060326
0.6045681547272385        0.003925179778192084
0.6067204547941035        0.0039404764820160105
0.6071225317913067        0.003943327728569451
0.6078697550568751        0.003948628107579682
0.6079073969541439        0.003948895172889367
0.6079742135055479        0.003949369242298877
0.6109726796738053        0.003970678469346229
0.6638828081572828        0.004351785580787337
0.6658537114951391        0.0043661679539786545
0.7140034542781606        0.004721686210546076
0.715239594506849         0.004730918419185492
0.7197590865797137        0.0047647173554850675
0.7206902281877172        0.00477168961381668
0.7238049992073968        0.004795034269349307
0.7265110520450533        0.0048153712357433
0.7323378542713133        0.00485927189109785
0.7367885502937341        0.004892905919938377
0.7658647399381483        0.005114794715081827
0.7758642401934115        0.005191969268891479
0.7780152323065777        0.005208628174428232
0.7965218900755111        0.0053528044943450615
0.8049236527289805        0.005418772453984212
0.8124769425966318        0.005478339586443691
0.81393672808511          0.005489880326820715
0.8303055006474139        0.005619920511547588
0.8401212994668595        0.0056985269019271595
0.8675816439481989        0.005920271822783249
0.8921270929072923        0.0061221926366430875
0.8955558192195959        0.006150677793401295
0.8993184438777353        0.0061820156347765845
0.9118635648007096        0.006287045602738313
0.9340799371799222        0.0064752210022844545
0.9390800992145844        0.006517956435264312
0.953633894126602         0.006643146811369134
0.9632543551393424        0.006726575951243811
0.9669709625027433        0.006758942538328368
0.9686717527709285        0.006773779379584583
0.9891460764600164        0.006953632555469251
1.0177746823265745        0.007209720949881894
1.0335654753049244        0.007353248480958337
1.0516182800005316        0.007518302628107413
1.0539730322411125        0.007540026431264005
1.0564737037326692        0.007563145595885738
1.0610947082737112        0.0076060009278371135
1.0878267730914302        0.007857400353410279
1.1164749309828372        0.008133149736812412
1.135873251400594         0.00832358464581556
1.143640293455762         0.008400676195257492
1.1488790865571774        0.008452945538324206
1.1704546002301146        0.008670520597550923
1.2019046135785263        0.008994327437811334
1.2036464073163011        0.009012491480050408
1.233085225742209         0.009323152367379106
1.2400215736189706        0.009397736799760909
1.2489659195400469        0.00949454769309426
1.2665474798870058        0.009686930304129714
1.2762698341215237        0.009794502029660715
1.293382236453351         0.009985530769844046
1.3004062481689072        0.010065198043119632
1.309854958541202         0.010173148399422446
1.3282934757063327        0.010386389080716114
1.332509971304973         0.01043563250898114
1.3344216329553948        0.010458017186923147
1.3392982483824694        0.01051528639331271
1.34532992911473          0.010586450766773173
1.3473401827530764        0.010610249812589454
1.3525505525194328        0.010672123461392858
1.3565890224252288        0.010720268304630201
1.3684370177418825        0.010862460304932375
1.3718891823633217        0.01090425003706936
1.3754828755908468        0.01094790741490235
1.3857605629849643        0.011073633448230875
1.3943556673228104        0.011179765670061459
1.4027336637159384        0.011284084096201673
1.4349599894778706        0.011693328022219816
1.4351988538696574        0.01169640865836184
1.435210729241651         0.011696561720526827
1.442281686355472         0.011788023368072068
1.4432076464352677        0.01180004837955721
1.47368619299337          0.012202047174133241
1.4915011112749288        0.012442580397307085
1.5056974672201966        0.012637194573937959
1.5099905646773857        0.012696560716221285
1.5121735321170826        0.012726838792373634
1.5124854838241555        0.01273117063968858
1.5140061950075117        0.012752305671818223
1.5169319961719           0.01279335231228974
1.538451853774726         0.013095666555587263
1.5426888216598555        0.01315618383875457
1.547696516349324         0.013228131926289407
1.5585890036567738        0.013386210023633906
1.5964485890558453        0.013952308813816152
1.6012185740707041        0.014025454214257289
1.669752023314343         0.015121389832561323
1.67161572273196          0.015152287257050593
1.6719154921663746        0.01515726257080367
1.673288373147265         0.015180068193532953
1.6809925062025273        0.015308646349385254
1.6863965720329832        0.015399446210848801
1.7177548632860171        0.01593623825743877
1.7273703377680767        0.016104221569305327
1.7403450968943563        0.01633319678926833
1.7494913171391988        0.016496885465618505
1.7612171005359911        0.016708500454944618
1.7676217260543092        0.016827734982308724
1.7899059949497058        0.01724906243856926
1.807327014090032         0.01758564853364614
1.8242767290950184        0.017918292067579333
1.840218062616116         0.018237281593037658
1.840863596059184         0.01825032415681239
1.8444186331757346        0.018322326013266024
1.8793480346320879        0.019045498372285957
1.8977700303997327        0.019438405636828512
1.9047516457508504        0.019589386130013705
1.908741650926129         0.019676184027938297
1.934419340169158         0.020243686872704836
1.9486075886478549        0.020566218002578865
1.9553394503492378        0.02072157878480875
1.966105639779828         0.02097316266219265
1.9716738292620921        0.02110478484231383
1.9782238799458878        0.02126092987139418
2.0161396049328832        0.022190979912089088
2.017897258868294         0.02223535899477742
2.0188357558703367        0.02225910104562464
2.0231434870287686        0.022368487749753006
2.0296528821992106        0.022535058791193458
2.0323049653557126        0.022603364542324457
2.0383837518829786        0.022760889485541325
2.0552308173424896        0.02320446827608949
2.057765616997587         0.023271885125732358
2.074701594485207         0.023727804051206558
2.0768935387150576        0.023787508373322233
2.110335045879293         0.02471819646414514
2.1129693322446577        0.024793089068943154
2.1216499217050715        0.025045072055574782
2.12561291779835          0.025159733285558986
2.126952381414234         0.025198573458813652
2.1517554907150824        0.025931055266820137
2.158622924220722         0.026138314649611714
2.174210232542613         0.026615903567790984
2.1760865478521976        0.02667406374806201
2.1762224075520806        0.02667828058864583
2.188164456417975         0.02705189225851571
2.2009243756726855        0.027457542219582468
2.206550272129199         0.027638511787649762
2.2245734221208684        0.02822699018211602
2.23000214109626          0.028410073082727742
2.2526301898026557        0.029185699564932485
2.26618929185608          0.029660127197076006
2.276252923082855         0.030016929715954214
2.2858860624427084        0.030362204608164304
2.319703135247416         0.03160247373277472
2.327190984597962         0.03188348596408263
2.33008764540915          0.03199281642743565
2.3434980120486553        0.03250232232615376
2.3765098902167434        0.03381552720366077
2.3953710073715104        0.03460346635705943
2.4082665328202846        0.035145081983325735
2.4367974746864585        0.036383906707121966
2.443656724281561         0.03669005960692804
2.4460527814357538        0.03679776443905066
2.4495968335949745        0.03695779430894908
2.4685957217696735        0.03782453750203355
2.4849194413085964        0.0385826005720183
2.4937976048742634        0.0390000822785804
2.509994201089434         0.039771114046143974
2.5270693272262434        0.04059902316099386
2.5355672539453975        0.04101467052259822
2.539902115763544         0.04122762089600741
2.5558022162025464        0.042014065809305126
2.5584937333900863        0.04214802494495615
2.5612762721355624        0.04229196011528934
2.597753456732959         0.04420891660845336
2.627608543545643         0.045819442063452384
2.6293825067003658        0.04591631600312083
2.644153698753028         0.04672808324249044
2.6592250654757126        0.047565789168150595
2.665168780628466         0.04789877864204168
2.6710733016517354        0.04823104098600008
2.6972803368793103        0.049738793668961355
2.7011750409485202        0.049967715683947055
2.703752182504369         0.05011988437199935
2.7223250087418656        0.05123277872992285
2.743914961340091         0.052560021626200555
2.7463086755496198        0.052707974696076784
2.76236184386958          0.053704328479237694
2.7930782526343534        0.05560307915304213
2.816707138627177         0.05708217668070541
2.8378012320191113        0.05841616981662173
2.849392473418418         0.059154649479990315
2.8601673831172167        0.059844586035968844
2.8777067246308166        0.060974802485307844
2.894788716268989         0.062069578029567044
2.9108238664266874        0.06310387170594775
2.923543663352886         0.06392887206134217
2.9345886815810345        0.06464851404135212
2.9473463758576384        0.06548097839673024
2.974418452121745         0.06720243987537644
2.976497316230121         0.06733385147197232
2.9772462363303447        0.06738113441210088
2.993820585675888         0.0684195980153712
3.007696010865595         0.06928876619134483
3.012808392371329         0.0696066319210353
3.042150154163468         0.07137959943693738
3.063722913119077         0.07262730835517071
3.1102646203495077        0.07515804516810229
3.116549985118121         0.07548294203546882
3.143173261120645         0.07665456909747084
3.1594322086814053        0.07731372711791405
3.1864015946527378        0.07831285915159324
3.1925408481680173        0.07852386877611849
3.224037779511917         0.07951061267877141
3.2370852766361113        0.07987238737884085
3.2830106277368176        0.08060971392426113
3.298816698481783         0.08071947962320768
3.312720540362969         0.08074757261521409
3.3142991466813183        0.08074671151403515
3.3579387737997375        0.08039585852522388
3.3610623045775667        0.08034653757624056
3.3643933562455857        0.08028702598864745
3.372696016322479         0.08012344337595471
3.3888062294338943        0.07974393935616356
3.4144391886527528        0.07897117892330537
3.428988814642765         0.07844024617036809
3.44000278614933          0.07799388142028517
3.494283164013677         0.0752327902876721
3.4977894030112666        0.0750054858319941
3.504939490270292         0.07452354736639792
3.507375784362159         0.07435369077516632
3.5116699968348           0.07404731867622515
3.523937643590248         0.07311651999415485
3.569511262301526         0.06914736616524335
3.5755117473882896        0.06856473937213714
3.587106773904903         0.06751076011560889
3.600611459727674         0.0662380616635308
3.6034179624162705        0.06596747814443396
3.608356010332648         0.06540170332026127
3.6314886385814065        0.06265558122296411
3.635146168469076         0.06217780908213345
3.6558976861675445        0.059421067027616514
3.6721198266052584        0.05721152167623208
3.6764917100225087        0.05663184098473043
3.697461913476783         0.05375329289552002
3.7112082450289448        0.05177830725404779
3.7247524939702803        0.04976415913293541
3.7299766025092813        0.048969198820699465
3.765800234845112         0.043246561903530066
3.778448861711917         0.04111289256590252
3.787505406840967         0.039548896004902294
3.8066505215422417        0.03614306468261211
3.816176525776837         0.034499207160683325
3.843727564885973         0.02967010782465605
3.844987481058721         0.029446615732843216
3.8454350113165394        0.029367174003076882
3.8591493964373953        0.02691850233051764
3.8735887451908795        0.02431064378979504
3.8970761697434324        0.019890222702359343
3.903980918124606         0.018569013831473354
3.910043997223662         0.01738798143572678
3.913849957519171         0.01664719128625371
3.92903764586663          0.013695492148328865
3.9403027832249387        0.011493914253392813
3.951170374773873         0.009372797598008579
3.9696230657282188        0.00577746073245709
3.9778876520431714        0.004169723002941595
3.9833616751525156        0.0031057082806826863
3.988187064227165         0.002168343847996429
4.0094217650468655        -0.0019502726446395556
4.024383689417379         -0.0048460091749021736
4.027339056307106         -0.005417382695103284
4.063896206342757         -0.0124685091849677
4.06918449622635          -0.013482547994177318
4.09870543652223          -0.019151335246924202
4.101230888548754         -0.019631516395648488
4.107753760446446         -0.020868274302835197
4.125653088875514         -0.02423627453824226
4.151502199092159         -0.02903346506775212
4.158980128117595         -0.030406559410283758
4.173959657805648         -0.03301100382977941
4.1836766756786234        -0.034647158829807415
4.1980797105753265        -0.037050952672217606
4.211156668070145         -0.03921130038421722
4.241943747654069         -0.04421424090519735
4.249349713345452         -0.04540030054256259
4.249995067445872         -0.04550587830064665
4.261748785770938         -0.047406815890617696
4.2716073011121445        -0.04896917759475585
4.28821590818753          -0.051535131926164206
4.304688389448785         -0.05399805128167702
4.314929981508543         -0.055488173246291364
4.323371067406772         -0.056731350910200415
4.339661995558494         -0.059016516777702664
4.360479910320547         -0.0617178951181876
4.3726350419677225        -0.06318165804459903
4.4075085645908665        -0.06697829442333453
4.416161519566461         -0.06785938223630657
4.446407271849968         -0.07074876819515843
4.448206089968423         -0.07091128188239276
4.459972357844705         -0.0719484729368748
4.480352281908358         -0.07335917636396079
4.512822647055916         -0.07556269109135083
4.514998211807889         -0.07569673190211548
4.52896069736086          -0.07651633737411612
4.536445874630738         -0.0769267588616902
4.5590667073174735        -0.0780442255869317
4.56763873295959          -0.07841944441065589
4.588403397177226         -0.07921846730122369
4.5921637305281084        -0.07934350222526011
4.5929029614131895        -0.07936749016955987
4.6065632169353865        -0.07977574082453401
4.644721440084277         -0.08055677187019321
4.65893290266227          -0.08069922024650723
4.660209732456397         -0.08072437175573824
4.662395309284973         -0.08074236996634988
4.721578774263184         -0.08065274206877959
4.723245056077509         -0.08063572493222002
4.72474634858636          -0.08061711768236954
4.728797635802412         -0.08056339276809658
4.730233924190557         -0.0805431151219355
4.731279386704927         -0.08052795004326294
4.739626290017564         -0.08039463124141798
4.746167017051793         -0.08027495575519099
4.746404879724085         -0.08027035181479257
4.761251140629812         -0.07997833661204176
4.766478756078388         -0.07985654956775591
4.7768086339103215        -0.07958685414948122
4.786440507724617         -0.07930063711742015
4.802206092927811         -0.07875979501259814
4.8271137717572765        -0.07778476051792244
4.840804417341183         -0.07721692597983996
4.853003024916504         -0.07669190992982315
4.8616228879409285        -0.07631008609141968
4.868602788859003         -0.07599433239942353
4.881703832463505         -0.07538579108710149
4.8866377815251365        -0.07515123807516175
4.913694724261558         -0.07380341253125607
4.919927475520377         -0.07346005972326856
4.931946629795462         -0.07278955878395602
4.978241581868241         -0.07010377195307256
5.004224941871918         -0.06852458101054465
5.00663081918236          -0.06837574865362551
5.0266963015876405        -0.06711722555932463
5.054600058864994         -0.06532419423154097
5.095129412895038         -0.06272273273364395
5.0954391525189635        -0.0627028496156546
5.110789129822006         -0.061717453607834954
5.1272247084357065        -0.0606622914937059
5.176883250720689         -0.05747374405218732
5.1774843586922055        -0.05743514286908511
5.19004506903959          -0.05662851129853952
5.199653273584403         -0.056011454758936464
5.199849358006418         -0.055998861578957115
5.200726267241827         -0.055942543476660396
5.204245513260679         -0.055716526440578396
5.204362005360054         -0.055709043364822686
5.206608556063549         -0.05556493742192667
5.263720417550933         -0.05212585394760307
5.294230066905533         -0.05020257520551747
5.29907043951867          -0.049906576295096476
5.317204312031573         -0.048822256619131865
5.318640491226607         -0.04873747318362916
5.319566292077769         -0.048682904494598424
5.384801034969967         -0.04508334319979466
5.389128810446191         -0.04485150378926504
5.397400492093352         -0.0444107987201061
5.458074358672189         -0.04127489664880456
5.462675078027222         -0.0410440545122144
5.471818445834914         -0.04058818974150659
5.477568262433397         -0.04030349877296406
5.479661839390288         -0.04020217659424724
5.480111673535873         -0.04018043101208312
5.480636344142981         -0.04015507886233417
5.483853064306964         -0.03999990844350742
5.496117277772096         -0.039412430393840514
5.517612844708543         -0.03839854605794859
5.521028652246532         -0.03823928396896083
5.533054114256445         -0.03768263750882958
5.549315197219363         -0.03693993824619806
5.559757213204639         -0.036475131694662065
5.563421652668085         -0.03631305156962124
5.579238334421904         -0.03562323791222323
5.594849493436616         -0.03495793903245169
5.596666727689917         -0.03488149806793635
5.602146442169698         -0.034652264284520874
5.605397554146081         -0.034517159704518525
5.608162309192639         -0.03440279357406302
5.616084481311725         -0.034077770663083796
5.622830332354866         -0.03380608881374858
5.646198885725752         -0.032879265775702035
5.679390930527827         -0.03160103436023863
5.6852286863053125        -0.03138085780237521
5.73252415039189          -0.029648200075551086
5.73612231805624          -0.029521033402213785
5.74810923846664          -0.02910162517654264
5.752014297135179         -0.028966398368330853
5.753264620581349         -0.028922996077762907
5.764975809997381         -0.028520563449301036
5.79534963384409          -0.02751181535959983
5.834012492731456         -0.02630286936841432
5.8507456312533375        -0.025796529159076972
5.870190734153158         -0.025226840641631484
5.884757265489934         -0.02480813626318004
5.923894609527484         -0.023717335586160914
5.925105590401014         -0.02368437866030424
5.955867622037784         -0.02286317965356766
5.982333725137478         -0.022181287557215035
5.983624145057166         -0.022148622594469675
6.013205175743111         -0.02141467304609705
6.034615612255912         -0.02090119904607524
6.041544509922405         -0.020738219987829043
6.044840066513568         -0.020661581319656782
6.072317325210697         -0.020036639629865897
6.0799363916507065        -0.01986779389108861
6.085139019181833         -0.019753606843589545
6.105008949523376         -0.019323267020831054
6.10516486468686          -0.019319924028981264
6.105360415544977         -0.019315731948318607
6.119143690682055         -0.019022341252351443
6.1212891081193535        -0.018977043787181607
6.1354611417485545        -0.01868032419655301
6.143825994686093         -0.01850677455531015
6.170560918135298         -0.017964051839237504
6.170599739984409         -0.017963277918289895
6.170961304423159         -0.017956071825891914
6.228110655392053         -0.016857104755545638
6.232010598286711         -0.016785010173802496
6.243694130321643         -0.01657124559211958
6.255621291068333         -0.016355910097458213
6.291410066355371         -0.01572649705268399
6.305583126271672         -0.01548417231704561
6.306687516944522         -0.015465455178284427
6.309447473545441         -0.015418784076537417
6.315859555449998         -0.01531093122561267
6.336196482425004         -0.014974186780200469
6.342815857467083         -0.014866704333675181
6.364771373322803         -0.01451574109113265
6.385673308096176         -0.014187922736067112
6.3857834773505076        -0.014186213131946592
6.393835102369732         -0.014061786287317612
6.399168804836484         -0.01397992407741768
6.399242080804517         -0.01397880255401403
6.413290932456326         -0.01376534239724966
6.419701047514565         -0.013668980175293218
6.437553323704384         -0.013404024642847153
6.46817354454908          -0.01296127462470297
6.471922497465444         -0.012908082849731072
6.474900908922334         -0.012865877359453128
6.495999667125867         -0.012570557534153214
6.517119516619257         -0.012281277847405727
6.539647356951319         -0.011980219728605343
6.556382087038052         -0.011761595944762983
6.5700080267200525        -0.011586658380919317
6.584734277167431         -0.011399975122688373
6.5955007840522795        -0.011265054177392052
6.622295976203464         -0.010935008013328343
6.63406038869906          -0.010792688069115217
6.634365769520313         -0.010789014742591732
6.634906169882018         -0.01078251704866869
6.635252763597136         -0.010778351410120453
6.649496354634126         -0.010608345597382926
6.652016587388212         -0.010578489003337169
6.657422746064556         -0.01051466439190915
6.671449753564922         -0.01035046775984119
6.704926309992931         -0.009966795775553271
6.714670526821124         -0.009857288753483961
6.732099996320154         -0.009663854724462925
6.7554260436230456        -0.009410023459172303
6.7626229406950245        -0.009332753543159582
6.767521529215049         -0.009280441649823097
6.801947602089907         -0.00891887925978758
6.803967807461424         -0.008897956920390573
6.817062401148622         -0.008763135263984779
6.846750482582333         -0.008462556612248328
6.8476949638643285        -0.008453133509688612
6.857083829977259         -0.00835984316885838
6.887978052514378         -0.00805777633621322
6.895283056951174         -0.00798745215477379
6.896225601926904         -0.007978409064189639
6.89752100964437          -0.007965991920681852
6.911795911269465         -0.007829771177353052
6.936326291194288         -0.007599094130491651
6.961955789372956         -0.0073624105719433995
6.963223546627348         -0.007350828831561241
6.964100817774824         -0.007342820674979741
6.965413255747085         -0.007330849655114631
6.967875794004643         -0.007308419224340728
7.00225966464005          -0.006999438454383828
7.017478696373017         -0.006865185758696586
7.019198160317108         -0.006850114523132821
7.045664207464387         -0.006620616574094921
7.050880058727365         -0.006575936951476273
7.061738198678073         -0.006483510408185769
7.081526922253012         -0.0063165323028282275
7.082050768389609         -0.006312137810169567
7.082396183230758         -0.006309240886167831
7.090181364305822         -0.006244101297983043
7.101638087696445         -0.00614877480209929
7.11775646953735          -0.006015735967735648
7.118036439660861         -0.006013436241547118
7.131863896923695         -0.0059003269055724
7.152396116665528         -0.005734079074133461
7.1599333989056975        -0.005673562130207338
7.1956881301480555        -0.005390550377047539
7.206323485181776         -0.005307250293314971
7.218772025185256         -0.005210255639850083
7.232405430504602         -0.005105673537381694
7.262688664393811         -0.004875475666775356
7.266747193075496         -0.004844874597279439
7.276807885016631         -0.0047692736780108195
7.299732464311989         -0.004598489091509439
7.30322529698125          -0.004572648844269864
7.32374416325939          -0.00442181417553302
7.325599697472229         -0.0044082554568955715
7.32880953901568          -0.004384832435398823
7.350976363374746         -0.004224177872435729
7.352503573547292         -0.004213180292837666
7.374391509927826         -0.004056567598479324
7.396875718706017         -0.0038971156638056732
7.417450453020615         -0.0037524706412516043
7.433838935611839         -0.0036381211807038866
7.446664252516121         -0.0035491686310870807
7.448320840534481         -0.0035377521834132975
7.513817848492554         -0.003091445629851068
7.518189689719768         -0.00306200726292492
7.531539069242027         -0.0029723900955576786
7.549088988324401         -0.002855198782331995
7.5607579895519965        -0.0027775558200072814
7.602800541716144         -0.0025003433664785935
7.617857900461747         -0.002402023971682236
7.627852103042061         -0.0023369790617867488
7.638570851849911         -0.0022674470773968347
7.645889349727909         -0.002220074904991442
7.649940596459843         -0.0021938867381325845
7.654960380403424         -0.0021614726219992284
7.6918841425412054        -0.0019242325543296812
7.710987542576197         -0.0018023108343336565
7.716687565309825         -0.0017660811208690002
7.742244122223289         -0.001604122807409733
7.7531982079869           -0.0015349447480586368
7.76990372876638          -0.0014297229234122633
7.780935019799893         -0.001360425118644943
7.794662852893792         -0.0012742557864782779
7.833719056358044         -0.0010299657527648486
7.8337391975190265        -0.0010298401033872527
7.834122073069733         -0.0010274516228673352
7.8341369252458275        -0.0010273589734822615
7.8344197939389115        -0.001025594445139342
7.85295209828505          -9.10066783245783E-4
7.866247452888864         -8.275623560373852E-4
7.866651355226869         -8.250565915044089E-4
7.8908667963370505        -6.748972557573336E-4
7.895155400784576         -6.482905881566761E-4
7.896158238545534         -6.420699303500856E-4
7.896840604046544         -6.378373933571978E-4
7.922628198425388         -4.780104887265271E-4
7.946304187033306         -3.3148862866115504E-4
7.959267543630874         -2.5135154058082384E-4
7.979053514584363         -1.2915875328744301E-4
8                         0
