0                         0
0.03177123396429834       9.771432199377731E-5
0.041585182401829096      1.279431058867123E-4
0.041821727979557785      1.2867197467455657E-4
0.04211107739744034       1.2956356506377883E-4
0.06715049163660605       2.0678962626681765E-4
0.08364345595911558       2.577330998564007E-4
0.09018789063669004       2.779643239967651E-4
0.09795792243836024       3.020411087999666E-4
0.11998175662853822       3.7033627688237697E-4
0.14496406591813915       4.4791821302937447E-4
0.17810586988899113       5.508271805406019E-4
0.18599343431636073       5.754176053981435E-4
0.19219374546250356       5.947744472333577E-4
0.19690370202903001       6.094941960313525E-4
0.19937610029553385       6.17226450055169E-4
0.2062026512620379        6.385953680267578E-4
0.251831254530175         7.821616260451487E-4
0.26308449336154194       8.177397285148502E-4
0.28057036526805          8.731569442087725E-4
0.29467830791687016       9.179875737884111E-4
0.3217887881319958        0.001004434386268039
0.3222202479123005        0.0010058133470580459
0.3223758603536513        0.001006311158749292
0.3343614953509186        0.0010447195669445733
0.33880790387273696       0.001059001276126127
0.36173512716921363       0.001132926435146862
0.3631283680722291        0.0011374340351784854
0.3789592562833327        0.0011887755164352001
0.38449812382117027       0.001206792240803459
0.4012500064261265        0.001261451256851286
0.4053679288271509        0.0012749263039851825
0.42355701721574757       0.0013346297468935227
0.4371527080068144        0.0013795136795380757
0.4566482573242836        0.0014442579297834412
0.47954711879463513       0.001520666607557784
0.4888895178545246        0.0015520443655867714
0.5174443730388146        0.001648683260903972
0.5193153345499596        0.0016550537819788626
0.523251718736569         0.001668472446610085
0.5534746394810424        0.0017722077152777227
0.5583658565447557        0.001789106713128622
0.5872318279991915        0.001889465717092161
0.5879279630977471        0.0018918992492344094
0.5999403899463094        0.0019339903849796328
0.6148444088826963        0.00198647210143555
0.6314803302647086        0.002045659097335069
0.6634181458797737        0.002160466092292047
0.6755723245699702        0.002204741034025286
0.6871651690323664        0.0022469774192301
0.7134349602665919        0.002343697868717488
0.7366094294707138        0.002430186981430351
0.7367958039340066        0.002430886973834795
0.7594674841085577        0.0025165650661463615
0.7612167863555195        0.0025232160185948136
0.7619932218264638        0.002526169996824354
0.8022081784557326        0.002680786486472295
0.8149332663426512        0.002730372152042967
0.8311132958434975        0.002794201811672811
0.8424526270418546        0.0028393185879301485
0.8523936202229588        0.0028791316638506017
0.8530892217080367        0.0028819300549680323
0.8534295664865456        0.002883299669222983
0.8713287291665157        0.002955712662516789
0.9026103881986665        0.0030840513414778035
0.9040373972375966        0.0030899669170036544
0.9050527622720782        0.0030941794497667667
0.9065905041775815        0.003100564597473455
0.9075999796782042        0.003104759757574325
0.9538764439529285        0.0033000759675978083
0.9544395484338146        0.003302488803885729
0.9589556203961771        0.0033218711006747503
0.9716690824787236        0.0033765712505411647
0.9826389162238087        0.00342418311305954
0.9907847067827649        0.00345978588552619
1.0110143227536863        0.003549117526186331
1.0205479081185989        0.0035916686120234373
1.028775337471621         0.00362862266523215
1.0334219438945058        0.0036495884764149947
1.058948553481124         0.003765992903068741
1.0630730251111953        0.0037849957496420114
1.0764050783003896        0.003846791691764611
1.0871253632031093        0.0038969093815806204
1.105814812237327         0.003985517253459897
1.1403393258131755        0.004153029626047295
1.1456949675578074        0.004179281684348673
1.1534953085612405        0.004217746475347834
1.164393714470599         0.004272179249706793
1.1707847844631631        0.004304322628904617
1.1818495850135056        0.004360361570029223
1.1889699349263099        0.00439668444882641
1.211754383700229         0.004514287951053344
1.2310016066578628        0.0046152648459388485
1.2407985334754115        0.00466723623319815
1.2764530405757988        0.004859645848887043
1.2959426760566344        0.004966988507997114
1.2976094988451268        0.004976239929741457
1.298445196227721         0.004980930690405954
1.3082951770411584        0.005036470307331121
1.3168357915098234        0.005085002715939573
1.3336270565738595        0.005181437292009667
1.3429837312065174        0.005235769844615264
1.3476943975413795        0.005263288133990918
1.3591653426666928        0.005330539253772941
1.367615048256489         0.005380585943752805
1.3769862541770717        0.0054365948927152154
1.3849491149597979        0.005484603391409238
1.3872553791983322        0.005498579495786789
1.3886216692157858        0.005506874450602789
1.3989952168195046        0.0055702215975722376
1.4253940147305988        0.005734360033331247
1.4259993988136936        0.005738173465479297
1.4268163608552837        0.005743323177345896
1.4289263826865644        0.005756642328478166
1.4315293110536729        0.005773147162226098
1.431683812537328         0.005774128135070632
1.4404186333147426        0.005829801842480382
1.4404980577434663        0.005830310338227394
1.4412310865245395        0.005835005303326972
1.4457841470395254        0.005864244932968295
1.4698876513046986        0.006021293111584078
1.4712580580607768        0.006030333792272942
1.4898977325421239        0.006154494538488827
1.4904219411750108        0.006158018486679052
1.5002415185150602        0.006224435881245426
1.518657253339232         0.0063502196339083414
1.5237068697082885        0.006385165693033005
1.534401759309867         0.006459828098109393
1.5596228552639444        0.006639385891226301
1.563323750223907         0.006666145780990687
1.5798450120729224        0.00678689104795189
1.6021693950431968        0.006954078812800367
1.6379008961197794        0.007230104650525053
1.6385920492617043        0.007235546131383195
1.6620946299441066        0.0074226538566192065
1.6668010157077229        0.00746067773718898
1.697602274773333         0.007714104609786667
1.719037594449551         0.007895156269545777
1.7308343524795025        0.007996437251391146
1.7357033342720327        0.008038579450183821
1.7480374008308817        0.008146221720569422
1.748148433115801         0.008147196507997306
1.7621905470630972        0.008272230745932594
1.796510448603289         0.008587679943741653
1.8038966611436775        0.008657399247969462
1.8089897740348486        0.008705851174464051
1.829320726121471         0.008902333744003827
1.8366111718060243        0.008974146884071962
1.8610569227320641        0.009219135155127928
1.867037598714056         0.009280054566546656
1.872117859432526         0.009332105799356718
1.8866537722166186        0.009483092572808065
1.9199026257659197        0.009837749741812543
1.922250115992946         0.009863278761739782
1.9247573306628118        0.009890432941713675
1.933010562249757         0.009980553615573345
1.9499507749636567        0.010169062147108063
1.9536650482527331        0.010211215638839692
1.9716562764258374        0.01041806769140427
1.9765653475043956        0.010475277402917647
1.9815849712536406        0.010534116061273026
2.0050860419177123        0.010814169587834927
2.019356100020845         0.01098790390091331
2.0255917070909626        0.011064955139594015
2.044868748170064         0.011307242021405529
2.0596954246632553        0.011497795856333206
2.0624526631739393        0.011533635060576874
2.0643275409845536        0.011558077316141668
2.066624689181273         0.011588104237677782
2.069790822424999         0.011629633752336891
2.0730965391278207        0.011673273450146638
2.074267514847884         0.011688771116394929
2.0744708307204296        0.011691464061709567
2.081489288201195         0.011784804301697531
2.0831332014296424        0.011806773839204063
2.105783075974715         0.012113594374149817
2.107653090490251         0.012139269663138682
2.1079325876446138        0.012143111659960138
2.1256629263293414        0.012389227809144369
2.1323597093890405        0.012483623854935672
2.183992919770468         0.013246588658841952
2.1918032809219565        0.013367419065430965
2.2183246752445136        0.013788347800549466
2.2221936154786834        0.013850794640264652
2.2279180172143165        0.013943751623720113
2.2392993711106977        0.01413189326621629
2.2473583964960566        0.014265247007515636
2.2780916792929444        0.01478678331461198
2.2821026485986318        0.014856366732667202
2.2974889108264342        0.01512654341243818
2.305202870337525         0.015263938841092513
2.3071826521893795        0.015299410356763004
2.327840049230608         0.015674621058652995
2.356680518198621         0.016214017479646486
2.360230674140932         0.016281667987358587
2.3759288766579902        0.016584099301798036
2.3776129121910623        0.016616480733064442
2.380425379822566         0.01667199235047905
2.396243720255146         0.01698597666591185
2.4175313489633754        0.01741926948003593
2.422214296157826         0.017516241773104586
2.4236051720213845        0.017545158317175825
2.436562833684476         0.017817079764189666
2.4393395338189223        0.017875944263446502
2.4663624808283315        0.01845977140431808
2.466494876012141         0.018462680697363194
2.466774082747523         0.01846881763671737
2.5015797922039704        0.019250457765729933
2.5051025407783576        0.019331405927753807
2.5056204599402307        0.019343593014784433
2.5121934075981205        0.019499165881927818
2.5731346221599947        0.020931917551922023
2.573377202157773         0.020937924410374308
2.5736139754933953        0.02094394095966701
2.576622094318742         0.021021655548539495
2.5810636844027868        0.021136627431740003
2.5838244601141716        0.021208225327979308
2.5913503743038917        0.021403925469475806
2.640881104345382         0.022710998957879376
2.6483847723638316        0.022911906894320325
2.6630885454579345        0.023307801975389054
2.67204735891768          0.023550448387911954
2.7081482331973685        0.024539222883566747
2.715705860324876         0.02474845045365262
2.720273523476897         0.024879733760259464
2.7343524106914066        0.025285377594908554
2.7437186803463787        0.025555161526712406
2.759089013217583         0.02602492928296681
2.7646218958864757        0.026187923186598586
2.766163630047327         0.026233432971279096
2.7699749685077686        0.026345914468979683
2.7969780143107688        0.027118083920626816
2.8073844291423304        0.027417985030453017
2.832121673802134         0.02813607200967204
2.844815620141781         0.028507394464550986
2.852970820615649         0.028746964416785047
2.8720247899524636        0.02930979393048532
2.8825943658153212        0.029623873831242844
2.916608596523805         0.030650735831650185
2.936067148655594         0.031243758543771705
2.9426794928163735        0.03144620295184254
2.9691401380717304        0.03224511394238478
2.9840768084807063        0.032679090461868364
2.999226848068425         0.033106736220255686
3.0209741076673446        0.03370422064864104
3.026242338593181         0.03384527828525345
3.0354072469289797        0.03408724809102231
3.0778929954155676        0.03518146927733626
3.0850406745121326        0.03535671418230009
3.1042723141697355        0.03581519857658182
3.1105767248828933        0.03596136094970662
3.1155363490746817        0.03607491053966332
3.1159906241744255        0.03608524789943384
3.1227028691167606        0.03623675423701865
3.1567198996745276        0.03696898407945301
3.17223666900138          0.0372832448478141
3.1743566810555905        0.03732522093192896
3.1846634175841517        0.03751439611061391
3.1883513989748478        0.037580979257189326
3.198176727243463         0.0377555163493185
3.199309214968874         0.037773675762824026
3.2032380574951826        0.0378352973126196
3.235978597360886         0.03826565530850428
3.238811369055939         0.03829591076736719
3.2531574640989644        0.03843206411179011
3.2812014956508064        0.0386158778562336
3.283012232170857         0.0386209597824864
3.2949139219374883        0.03864177239112914
3.31387629247432          0.03862978268016737
3.3154286055135382        0.03862634447800119
3.315721350468576         0.038625654411914005
3.3164382261037044        0.03862390873862469
3.3606747979081075        0.038377565862253105
3.374343788588602         0.03827127686865407
3.4092606469340803        0.03794692767085531
3.413604104073886         0.03787555594381423
3.4336077745199054        0.03749962277120441
3.439021907872503         0.037384527797106964
3.4613856755100985        0.03684886715713832
3.4653149736992948        0.03674473256871267
3.480142191565496         0.036324809407082034
3.5008139482088674        0.03566524556512649
3.5099256340465783        0.03534925147078472
3.5277993212215786        0.03468447378144239
3.5413391679208086        0.03414127593945418
3.562632097258839         0.033217966614479184
3.57605739201035          0.03255432862038763
3.5817048888791025        0.03226891810920567
3.6330935842418275        0.029494061131349867
3.641371111455708         0.029017136026988986
3.6429410900243036        0.02892574094782049
3.6447590780901105        0.028819534558225265
3.646018793297425         0.02874806479387505
3.647061859551765         0.028688658859046944
3.6496773519814787        0.028530244189808728
3.6664561184476416        0.027491285110289074
3.676799485230753         0.026831238382214954
3.707717951821104         0.024769205506716352
3.732066205254334         0.023051463782034005
3.7333689028952817        0.022957228355003044
3.740907663527002         0.022407233567259793
3.7704491537032254        0.020175583866629432
3.817070550956902         0.01640590783473089
3.822109916085795         0.01598027363076525
3.83411029792227          0.014923998304605599
3.8643384781987002        0.012343650017013211
3.874721744833899         0.011438151568763226
3.877074231333255         0.011231635938574479
3.8799397513518254        0.010980097942429554
3.8802455848242303        0.010953216203423466
3.8946799112028323        0.009676722953696303
3.8957614033452472        0.009576929824642741
3.913870721734871         0.007906720065148141
3.9208877434883185        0.007259951681758676
3.938207157883556         0.005664569909526419
3.9619880201185462        0.0034762445468391142
3.9703631405701447        0.002706183392485022
4.001322909023392         -1.3202208193577097E-4
4.0183287242466           -0.0016944927232655522
4.025901863407836         -0.0023910962786889635
4.039842431602572         -0.00367467741837343
4.045971245369313         -0.004237604377319952
4.055370712663403         -0.00510209678642141
4.098406521972783         -0.009078116446035208
4.100474642727066         -0.009261385670517321
4.124046595088328         -0.01133391494239082
4.161794523753388         -0.01458710773553964
4.164475564515056         -0.014813423086081001
4.165493361041518         -0.014899173888707562
4.17374717366737          -0.015607597121368506
4.181165867550485         -0.016237724705144074
4.194740057891314         -0.01737446788176729
4.210136487562008         -0.01859193292456537
4.218722678785294         -0.01926266331990667
4.24290562435413          -0.021120143105161915
4.2512816011358705        -0.02175261343313632
4.261638546188263         -0.022526923412478517
4.2708600335308935        -0.023230022662057447
4.272485514530561         -0.02335183130194078
4.305133990371909         -0.025663394333797634
4.32299671323728          -0.02681923733805132
4.324032319248453         -0.02688388686303106
4.334790829123204         -0.027540195822509942
4.33740024075942          -0.0276969463571816
4.340622829607414         -0.02789393930022959
4.370315127870106         -0.029643849519898676
4.398675402980716         -0.03118204414868402
4.401031489808058         -0.03130397709665966
4.412144127851842         -0.03186697144237036
4.415356958971726         -0.03202601757519801
4.460015086636416         -0.03406377103664007
4.484272081068817         -0.03503536031354892
4.487715175852541         -0.035165553040632125
4.5127767357641275        -0.036055396960592234
4.522749993473424         -0.03630596790410218
4.563819440587075         -0.0373220127539987
4.564108610884138         -0.03732808792776693
4.575626619263953         -0.03755780231815489
4.578551344311664         -0.03761052490729854
4.579126305859988         -0.037620710321959384
4.601815385631671         -0.037975654923042425
4.608822827537659         -0.03806911070352046
4.609810093809331         -0.03808293715774302
4.641053337113046         -0.03843701725830047
4.6435478567972694        -0.038458311213709545
4.658211875649599         -0.03856262993023726
4.6779766630516555        -0.03864682635721913
4.681207744995586         -0.03865443122478944
4.701850800739518         -0.038662163991186646
4.704013954993531         -0.03866222563739416
4.7182092877938           -0.03864081258185299
4.720640040913777         -0.038633348819848874
4.721303831494236         -0.038631117619183954
4.734387450294139         -0.03857024039166651
4.751116545958759         -0.03844554208394258
4.75588990406775          -0.03840031817662334
4.758832753709309         -0.038370303445141606
4.779826659961649         -0.038108967608167066
4.78394386730451          -0.03804042297319328
4.792117901761937         -0.03789746779247262
4.801496325317913         -0.03771731758696093
4.8174005414741075        -0.03740226798846716
4.83999323285836          -0.03693449384999344
4.868150239604384         -0.03632440314162175
4.88481582540057          -0.035949130801850686
4.914123774068828         -0.03526361846242998
4.927616966509836         -0.034937056554140825
4.947335012240139         -0.03444741731673533
4.956671344934712         -0.034210430968752065
4.97183880401703          -0.03382096441981521
4.979464361578576         -0.03362161080991822
5.002567110697113         -0.033003155236612375
5.040946974076184         -0.031927589104633974
5.051552449571076         -0.03161977904514196
5.064870832576747         -0.03123187658527243
5.071437357746021         -0.031039300873796714
5.0973284938902745        -0.030271477171705443
5.097398825762541         -0.03026937291379301
5.097500851774052         -0.030266320221317734
5.120622149011888         -0.029569071982391643
5.13581761191985          -0.029104934813295586
5.140183502001467         -0.028973208656810738
5.150605219281191         -0.028658141053325342
5.178688726424374         -0.027772215464482497
5.194156205121624         -0.027294523415167898
5.216590407927721         -0.026621606868027305
5.2304235207859           -0.026214792801576892
5.237223018804969         -0.0260170966645363
5.247758386559353         -0.02571373262736713
5.259158473643506         -0.02538951244712084
5.303453886373878         -0.024169633879995784
5.324777862314791         -0.02360500442322566
5.3545773113945465        -0.022789583117952462
5.360515375139306         -0.02262740042920851
5.3720528120042195        -0.022312574646559537
5.41032820656539          -0.02131763351926807
5.411673362084448         -0.02128404746865151
5.418018210344199         -0.021126052862762805
5.434913822878065         -0.02071543507802384
5.43898813033552          -0.02061723809249638
5.4403803356877205        -0.02058376664264914
5.457216115935358         -0.020182339390675055
5.460760118331981         -0.02009862315574641
5.478476592412976         -0.01968422397299815
5.503720927794771         -0.019090464752980808
5.507426636668503         -0.019005719567310564
5.518459921905628         -0.018755925835065638
5.522814471274822         -0.018658378980282712
5.539026819084952         -0.018300380180707846
5.550218147035116         -0.018058015730781727
5.593646924790101         -0.01715432625555944
5.604456269801456         -0.016938500828904666
5.610784893928776         -0.01681382368744498
5.616188451466034         -0.016707029758705673
5.631198636195398         -0.016413841936470445
5.641145945013092         -0.01622235498587337
5.664791236348755         -0.015776170023434986
5.677281565865011         -0.015545586680001573
5.694113080869529         -0.015240446662847747
5.704127686327794         -0.015061933852355743
5.71193154607009          -0.014924401914112309
5.745754041134628         -0.01434426304760507
5.761065067528198         -0.01409210199705804
5.79526868056205          -0.013549079917421636
5.822775117467365         -0.013127426799127491
5.832174817756771         -0.012986410899005927
5.869135400840547         -0.012447107972488483
5.882478259198205         -0.012258366808250994
5.909536236698164         -0.011884740667114669
5.918683520067032         -0.01176151106579872
5.921947524107345         -0.01171834638552226
5.930365786643225         -0.011607619828832277
5.958624703810609         -0.011242254001362613
5.960253271864449         -0.011221495036061206
5.983477535862703         -0.010928984663779336
5.985349298983002         -0.010905696520449794
5.9855617474117055        -0.010903055978158906
5.985661652126881         -0.010901825725477063
6.001501290552928         -0.01070884016365873
6.006849424643219         -0.010644608138213546
6.034901455901036         -0.010315372222744255
6.046193318077497         -0.01018648266519839
6.0539163952243955        -0.01009953134484652
6.076452872883976         -0.009851386685165865
6.087184603209063         -0.009735617635001097
6.097601262935678         -0.009624435691183363
6.102848122391806         -0.009568876774070744
6.113722200743256         -0.009454676883794444
6.12389140514492          -0.009349033874221183
6.129803906760379         -0.00928805920827788
6.152700424179658         -0.009056089633894555
6.15981142442711          -0.008985394606319202
6.202830630594518         -0.008570511958511433
6.206132388488485         -0.008539577074542786
6.221013873275523         -0.008401755167371417
6.2401103122879285        -0.008228748197058152
6.259843909836206         -0.008052871557718421
6.275553383950388         -0.007915699299892782
6.27564563645044          -0.00791490120125278
6.2758261520935115        -0.007913339767941686
6.2862096579746245        -0.007824118297539526
6.29105598935824          -0.007782868887991168
6.313827985941891         -0.007592396586511151
6.31408076489397          -0.007590313271803952
6.350644752910172         -0.007295803885999026
6.352288740090707         -0.007282787998868355
6.354222406458369         -0.007267503514876899
6.3546404396232035        -0.007264202745338092
6.378718328842341         -0.007076232212999568
6.397878235998748         -0.0069300670079954045
6.416551486430958         -0.006790523845239496
6.421508385902064         -0.006753963868289461
6.4360679798500104        -0.0066477487500046705
6.470368344624067         -0.0064044228074524485
6.484060301224627         -0.006309998609538164
6.4909228962657135        -0.00626325284072842
6.49379527183061          -0.006243473335042424
6.496276395647749         -0.006226534069029617
6.5150431139780896        -0.006099822373572169
6.523362808865565         -0.006044447135475917
6.541792403947696         -0.005923528687041159
6.543971613991293         -0.00590938986695101
6.586475649340861         -0.0056401778073018
6.586649335930564         -0.005639096391586144
6.6033293548459           -0.00553604961303905
6.604512579170795         -0.0055288005080005205
6.614174940177867         -0.005469904273556655
6.6309382481938375        -0.005368996606326588
6.6366282904219975        -0.005335111904690701
6.656832348927356         -0.005216297069493626
6.664407551430221         -0.005172437069288471
6.669593812536142         -0.005142578306996845
6.685018113780895         -0.005054589953566495
6.710972372589505         -0.00490928196842082
6.722258100741341         -0.004847173204224415
6.739156632974263         -0.004755394519382468
6.745228640011964         -0.004722773454498258
6.7514898395886185        -0.004689375038390527
6.784077374807042         -0.004517958728886697
6.799026812394946         -0.004440675800345106
6.804607955573731         -0.004412041690199873
6.81305092543435          -0.004368950514829476
6.825691778024443         -0.004304973006960608
6.85117966441554          -0.004177919647258146
6.855372214810756         -0.004157269470693764
6.876515307481721         -0.004054202522015404
6.889231083515398         -0.003993054488464881
6.903377430471986         -0.003925780751836283
6.914856433274412         -0.0038717751255601565
6.938924180537138         -0.003760092298158142
6.946544896466511         -0.0037251792576035144
6.951414474464296         -0.003702968128401731
6.967587364168286         -0.0036297488206989787
6.986574602975783         -0.003544864148786248
6.996295361673315         -0.0035018561434677913
7.031015812144625         -0.0033507278138215305
7.032955098626754         -0.0033424012326837187
7.046045826880119         -0.0032865115920956466
7.049212902138988         -0.003272978138438973
7.057827395284847         -0.003236308007275371
7.065081642106834         -0.0032055881717074704
7.102325444378989         -0.003050569889551374
7.122711048476586         -0.0029672681649115444
7.126739233004487         -0.0029509745279907183
7.137054850583681         -0.0029094119152981105
7.1620197630980496        -0.0028097968393100588
7.162741833912803         -0.0028069360767606216
7.164796098648235         -0.0027988036004668103
7.188414308472413         -0.002705971637539728
7.2011885621270535        -0.0026562745975774256
7.202772619349023         -0.002650137044009704
7.2046149708252845        -0.002643005668109708
7.239773766361144         -0.0025084206758236704
7.249863387706741         -0.002470385520282746
7.275637891249614         -0.002373980595250327
7.287284862833667         -0.0023307367692959385
7.289915180973636         -0.0023210141692589286
7.297535363624567         -0.002292918515717465
7.32133780308187          -0.0022058412956224224
7.348891268062232         -0.0021063328139625847
7.353192930147579         -0.0020909225366207455
7.358036422754871         -0.002073611624466067
7.36877555797002          -0.002035382060797923
7.389204587728577         -0.0019632390869711762
7.407867355150828         -0.0018979992161801452
7.430459327880254         -0.0018195364085505728
7.4320482676292485        -0.0018140420646729387
7.43275863679956          -0.0018115867266451078
7.466550641936965         -0.0016958941204902054
7.469000441110601         -0.0016875586082230275
7.476955506280119         -0.0016605395488122538
7.522109752285519         -0.0015085737392545584
7.54774211492237          -0.0014233668023519
7.553706977809251         -0.001403648375959366
7.575943386736704         -0.0013305058384892542
7.595935688583413         -0.0012651283029474372
7.601976256324365         -0.00124545495864659
7.640122017575777         -0.0011220780507198978
7.659805265626543         -0.001058790325484011
7.68673420511583          -9.726973546241433E-4
7.6891166784565605        -9.651330186361995E-4
7.699223004450085         -9.3308296931565E-4
7.730106437682503         -8.355185257084121E-4
7.733627650637566         -8.24430553934826E-4
7.744404998862589         -7.905394287903451E-4
7.744824348846608         -7.892221082279933E-4
7.7579883458573695        -7.479226035841773E-4
7.793742932831541         -6.362686424666545E-4
7.79597539267926          -6.293223179645419E-4
7.802075792609349         -6.103559421788525E-4
7.809796174616434         -5.863846522422792E-4
7.819972157031264         -5.547432778558715E-4
7.84954058279464          -4.6309582976995534E-4
7.863824679539269         -4.188903513509123E-4
7.879982190983255         -3.689406533539069E-4
7.900874885306999         -3.044367010763484E-4
7.906537445323901         -2.8697051056809144E-4
7.912381985777176         -2.689743697341097E-4
7.921363229823473         -2.4133311637075398E-4
7.94177071604166          -1.7858530598069977E-4
7.959230537961024         -1.249664905219068E-4
7.961376304862162         -1.1838105611347773E-4
7.9838726714033115        -4.939398294996857E-5
7.9962574894976015        -1.1457771263257396E-5
8                         -3.972231193381727E-18
