0                         0
0.013849896413840788      8.451474624295367E-5
0.03963895152120893       2.420547110340777E-4
0.049853974265711046      3.0450146771461784E-4
0.05079951644337069       3.102832609211189E-4
0.05211606410970503       3.18334092672827E-4
0.08769470434880926       5.360852968761822E-4
0.09684923607214499       5.921709744690438E-4
0.10640526285116361       6.507414878514428E-4
0.1124929217535177        6.880671307714467E-4
0.12119048639476178       7.414130731548096E-4
0.12645457199671523       7.737102967354771E-4
0.14324178977792795       8.767583196518248E-4
0.16295655143661608       9.978778656187502E-4
0.19360293855848923       0.0011867338820395117
0.19667330471972921       0.0012057164566538292
0.1993686113213499        0.0012223894799193967
0.2204074409944318        0.0013528320628265944
0.23086911501551793       0.0014178916981204613
0.27079195523925853       0.001667364489036677
0.2778583305522476        0.0017117603654840502
0.29505899886332726       0.0018201202288501727
0.30221490421640673       0.001865323103266979
0.31074282253877056       0.0019192867846277236
0.31550181624558504       0.001949446710725466
0.3189911029052793        0.001971578492978518
0.3340987314292454        0.002067584177490627
0.33847942096016115       0.002095477594832632
0.3443510707644749        0.0021329033354672415
0.35356011471387805       0.0021916672461025546
0.36880471228219          0.0022892525798922274
0.37574809717151453       0.0023338265554917635
0.38181962580466633       0.0023728688010358997
0.3912773474094766        0.002433806866412241
0.39778448598680877       0.002475819515670535
0.4102930731402601        0.0025567763387040056
0.4151102883802716        0.002588022770785056
0.4344098500021281        0.0027140659730836222
0.4559343392877948        0.0028555643816053035
0.46848890640516205       0.0029385461361646457
0.48367554290645964       0.0030393592086255736
0.4911801788511396        0.0030892037651427963
0.5282836363189224        0.003337844224539636
0.5317164106347916        0.0033610336046481968
0.5383100536423276        0.0034056636549018846
0.5585565657091814        0.0035434292678485843
0.5617804805378229        0.003565466937241392
0.5935965950802007        0.0037844374014131114
0.6074339354837509        0.003880512937281121
0.625932952567223         0.004009752540932356
0.6379797500120845        0.00409486614889758
0.6599951184171245        0.004251671573114307
0.6847789579786354        0.004429879263191159
0.6899050324914102        0.004466992449220313
0.7103366633336855        0.0046157850210288755
0.7317595164349653        0.00477329369131591
0.7410672816922235        0.00484228899637767
0.7620375944716127        0.004998980572897252
0.77821245832596          0.005121019050534984
0.794728233024495         0.005246688997175761
0.7947837616793552        0.005247113324887772
0.815836443635214         0.005408829183938979
0.8158542784025468        0.0054089671051072525
0.827545104317537         0.005499711937482973
0.833079928211732         0.005542907888678787
0.8377942467642479        0.005579819055302116
0.847044189983571         0.005652601043525616
0.8599338864308353        0.005754691962299379
0.8657425953189294        0.005800953978400473
0.8689132549606539        0.005826272751126806
0.8717038233979245        0.005848595425286552
0.8794171988133009        0.005910487471672687
0.8811510673820357        0.005924438473238318
0.8877972212129612        0.005978079026907235
0.8998153360916572        0.0060756218169656
0.9152931004030431        0.006202279330364685
0.9302848476529817        0.006326628599143134
0.9377236392088001        0.006388836563898582
0.9402325676711037        0.006409893645422395
0.9795658288798981        0.006741558791446615
0.9851229367324457        0.006789216231634087
0.9886334339482145        0.006819423997998564
0.9920391901463029        0.006848805905617587
1.003996135391299         0.006952548324338623
1.0215304813535035        0.0071065878219586905
1.0353536671481782        0.007229335731131575
1.048189924358015         0.0073443548684200485
1.051973418823934         0.007378447011618458
1.0526009740416464        0.0073841345381905005
1.0604686964167647        0.007455652367827125
1.0628002233953329        0.0074769217064672945
1.0779966343676246        0.007616398668010542
1.131696225332588         0.008121044523323562
1.1541930039184616        0.00833860599098415
1.161355351890676         0.00840854538276961
1.172602007991145         0.008519238760588476
1.1960069725800173        0.008753011186944961
1.2058462339690634        0.008852663734876863
1.2332083072224824        0.009134071710678884
1.238049803116095         0.009184520663568766
1.2404916441253095        0.009210039772806582
1.256992935620147         0.009383806315026274
1.283726646009973         0.009670189049779489
1.2975916355797616        0.009821085402883819
1.3124380541320078        0.009984456673447469
1.3184896757932492        0.010051500831982921
1.3196279363599432        0.01006425804800411
1.3397416682167647        0.010290004740471063
1.3428593087889973        0.01032543584708676
1.363904920612095         0.010567704293200232
1.3664119759965327        0.010596923396078727
1.4000256961434672        0.010996062873381576
1.4045350871824338        0.011050653678095858
1.4094124104194363        0.011109976956271814
1.4123130136494353        0.011145394359112763
1.414797982125114         0.011175665489853298
1.4237262024434656        0.011285046294206746
1.4467742254724043        0.011571894372188182
1.4848843590821046        0.012060380334775406
1.5108535913169496        0.01240337135737947
1.5265627763743455        0.012614835146441622
1.5437716365025138        0.01285128123483304
1.5453626355940868        0.012873339028259018
1.549158299245271         0.012926097755789165
1.5549125473069605        0.013006402773884032
1.5612907208575095        0.013096010762751643
1.6050871984688804        0.013728228192983763
1.6304227418847603        0.014108315316301794
1.637100574939833         0.014210234936297332
1.6373549282070243        0.014214131306217126
1.6379326114054913        0.014222984588607065
1.650516909323837         0.014417191718251296
1.6862914591367915        0.014982439841773852
1.6934379801161608        0.015097789093135937
1.698796636663534         0.015184812454628325
1.7236941292369423        0.015595115149029483
1.7407801062346069        0.015882374416301102
1.749621500294196         0.01603283865976905
1.7740400076791867        0.016455847625017964
1.7837823284511747        0.016628613359349217
1.804590515006657         0.017005250062849933
1.8074118011172373        0.017057117081595345
1.8103226586839856        0.017110831172817514
1.8540531962655202        0.017942285466959317
1.8628020428726788        0.018114298726589696
1.8809102926094605        0.01847569674103054
1.886046832831248         0.018579527659309765
1.8879497213756593        0.018618140809522548
1.9043584457818126        0.018952121106525367
1.9116532107590531        0.019102437184458244
1.9286158640344824        0.019461580415283643
1.9433106821546422        0.019776669493135487
1.959370754112772         0.0201278523106932
1.962916645224568         0.020206263062581227
1.9696206639869496        0.02035544154198872
1.9780823196337105        0.020545470970427335
1.9956643453870164        0.020946531221880588
2.005760892808868         0.021180630514149576
2.015706752847822         0.021413938576972283
2.02259464107974          0.021577085353501776
2.031940613416684         0.021800511423510548
2.0486051403931675        0.022204772554624486
2.0526160078983544        0.022303426470451304
2.064620370535922         0.022601737849024917
2.0923558501405877        0.02330842429124524
2.108306103663113         0.023725862446764976
2.13422292727213          0.024421319735313776
2.1501932592068815        0.02486046341695854
2.161603530078111         0.02517887875317794
2.167042988279244         0.025332122789463597
2.1688676296861766        0.025383737544645964
2.1980052665468244        0.0262335476867464
2.208044508792809         0.026534825302244464
2.211853530225297         0.026650271226669745
2.2215446865387354        0.026946816773380157
2.226103066182906         0.027082310004583603
2.235560779878855         0.027367060608541608
2.2440405934463805        0.027626533648907575
2.2624477368994684        0.028203323281993466
2.275605693146944         0.028631160511099114
2.292574898149083         0.02919345079216813
2.3083852765214257        0.029728015408307575
2.3266555059173766        0.03035857325896489
2.3281202169181148        0.030409719920182557
2.3303059548959473        0.03048620864803172
2.3430527902180196        0.0309366644354879
2.35633993772103          0.03141251855163626
2.3786873899469407        0.03222736393163092
2.4054168660546784        0.03325413379846803
2.4087530187696915        0.03338323140605314
2.4122179509076442        0.03351759681155964
2.423750022303786         0.03396688281704434
2.4348552604320455        0.034402574319220516
2.4572123028199138        0.03528873876078119
2.4590654728005013        0.03536273433690356
2.465690442670887         0.035634656349651274
2.4923087054857245        0.03674239517998793
2.513106741298316         0.037624851606676286
2.5231243547060282        0.03806461312263974
2.5446773273492527        0.0390358441189443
2.5457166776140245        0.039083545359297985
2.546052538962625         0.03909761232450891
2.546600245378979         0.03912057408304309
2.561632527589484         0.03976144269021385
2.568028218300106         0.04004034864135258
2.5792583957795525        0.04055566310486742
2.588943267647312         0.04100662682722515
2.5903776710298536        0.04107393437419184
2.591392761930905         0.04112164671983722
2.6011097564767924        0.04158175116047002
2.614676460908017         0.042234368249554226
2.62744427223637          0.04285944101770662
2.6427257514864966        0.04362145267525138
2.6472943427024718        0.0438522017541538
2.6546904568977587        0.04422862756317681
2.6600163657762823        0.04450313459105172
2.6668927215032574        0.04485888556534634
2.6670443996668394        0.04486660154166154
2.6683118483150094        0.04493109112254866
2.6863935328401944        0.045853751306487334
2.6943556938493067        0.04626160300174075
2.70347996016249          0.04673015780070317
2.7066891386957987        0.04689525595452649
2.7196220752603164        0.04757495644454011
2.731163989793304         0.04818098185766056
2.749104571181168         0.049121913702506174
2.77850225932763          0.05066093550508417
2.8005157332124577        0.051811101463548975
2.8263516571888743        0.053193718964587924
2.837687844310081         0.05380222670683741
2.852860514532905         0.054618434550297947
2.856559367089345         0.054817719020154344
2.8581401543932676        0.05490292429655
2.8600061726419805        0.055003826598470515
2.8671545883872063        0.05539113611521243
2.8812684212385054        0.05615942143439102
2.920825219445716         0.058338029294043164
2.9338712271934213        0.05906473378925602
2.938517100312078         0.059324504755370835
2.9459087820486385        0.05973886770146772
2.960767506883114         0.060545750164549564
2.963678129671037         0.060701131606887705
2.972391131353648         0.061161028873795154
2.9973376055952636        0.06243433163318148
3.0354859698792223        0.06425694510008681
3.035787068655792         0.06427073171087722
3.037030004539041         0.06432754355360908
3.0569648058461345        0.06521687657180325
3.080373750499496         0.06620298319991033
3.0818347313504977        0.06626284232675601
3.118923226527617         0.06771612400717048
3.11979844106414          0.06774887770022926
3.1278306838451453        0.06804615532349437
3.1294433154036883        0.0681038358960577
3.1603502064301567        0.06915685245391574
3.175543819809781         0.06963794864967612
3.1779866181428766        0.06971304962427284
3.2009602924220095        0.0703888708947851
3.2027711649995383        0.070439799084127
3.2060745849254313        0.0705318211985638
3.2115680764588164        0.07066137789951636
3.2134517274051206        0.07070289653542329
3.2235280466134686        0.07090969719370463
3.227694146550994         0.0709876681096798
3.269963049239695         0.07152961122691001
3.2738279187132022        0.07155653124436534
3.3087814533409143        0.0716277623958185
3.318425635411418         0.0715928200984148
3.340349443671359         0.07142553610637115
3.342512079795465         0.07140335366590478
3.35708387924289          0.0712034512866333
3.3611228196649625        0.07113249581448948
3.366513279941403         0.07102728374194149
3.4245457703937503        0.06938234302435554
3.4312723999779666        0.0691275912334482
3.4415485570392432        0.06871270706267084
3.4416811745532336        0.06870743849241683
3.4418165232480296        0.06870205466396734
3.4841152989904085        0.06668521577175565
3.4942429905648735        0.06610342881495214
3.514175880920182         0.0648321710202917
3.5654523177463204        0.06090637943429304
3.5656765961569814        0.06088713468760529
3.5669276553571194        0.060779453183446776
3.5689256617680174        0.06060631477166861
3.5900845401148316        0.058684813355284644
3.630618239818748         0.05470326661884304
3.6459845788910488        0.05308964717781076
3.6460709468496852        0.053080415757782946
3.64641765364805          0.053041794747767886
3.656654253230672         0.05188095848120244
3.6575088112544782        0.051782253972253334
3.659824812823688         0.05151335518908782
3.6785474827368856        0.04926487655064917
3.7086375706256502        0.04537274359719643
3.7143964391996795        0.04458869270905471
3.7155573669005353        0.04442587875065724
3.7188270620347286        0.043965299684831136
3.7365751693747917        0.04141319176584569
3.7470121953916777        0.0399153650295625
3.7695397501268646        0.0366595055266922
3.779985741171024         0.03513914228077932
3.801699890314323         0.031957209086977995
3.806507061789075         0.031248845777907038
3.814141503641956         0.030120938149873558
3.821047076832605         0.02909761544363214
3.826894326385708         0.02822882300633581
3.8452692563441935        0.025484919209791325
3.868903551710086         0.022003002603553555
3.8749403731636556        0.021048050230556715
3.88584981104439          0.01930619700655209
3.892301719262515         0.01826629242790254
3.9131804877922383        0.014851367628737745
3.9163730629946585        0.014322493638618084
3.9233199375907994        0.01316555325304499
3.932697271513498         0.011590500789612958
3.93977093473929          0.010392240091753959
3.944471031925014         0.009591232831530459
3.972701413636083         0.004714452301008941
3.9850401509562134        0.0025786724127503124
4.003695577581702         -6.554312036077862E-4
4.013830038385129         -0.002414830069281743
4.018815548658419         -0.0032770093891084113
4.029913632843805         -0.005185935105819671
4.081980862812998         -0.013951168424990846
4.083413842371478         -0.014187959952693042
4.0892577452078305        -0.015151166508324612
4.096989304674158         -0.016411183157710008
4.104631172040966         -0.017650735061171992
4.108643122909393         -0.018299167848946207
4.110498726800367         -0.018598538460200546
4.155550186289372         -0.025761652244680727
4.179406364881884         -0.029472925799779538
4.186493001673626         -0.030579472232359767
4.1936183547422745        -0.03168053685352415
4.200189295259103         -0.032685684821040686
4.215826257343543         -0.03503812041207002
4.222398562197948         -0.03601024706692207
4.223311749946183         -0.036144540922401706
4.230134120631526         -0.0371418347982372
4.235366144051726         -0.03789947255827686
4.235791477391975         -0.03796079023207699
4.236146549265719         -0.03801194720267888
4.242865515451328         -0.038973790689608864
4.26581706438866          -0.04216315355329893
4.277633485326718         -0.04374711563295509
4.295781094309362         -0.04610291559943345
4.303252571451394         -0.047045763314310686
4.312669831580773         -0.04821167998789875
4.316054635017127         -0.048624616754190705
4.360123946570298         -0.05347939498841463
4.37061593321097          -0.054534094227555736
4.388014885311833         -0.05619738922531493
4.404595066202411         -0.05784627044283988
4.411423908346373         -0.05849966415467067
4.421064651498735         -0.05939655080226274
4.445797505690152         -0.061560645199299074
4.448150555705063         -0.061756276755943765
4.47588736203961          -0.06392798277223746
4.493215220371343         -0.06518892756578033
4.493993905539719         -0.06523782199006771
4.504411304628743         -0.06587501922653884
4.518350533388926         -0.06667837713138472
4.529038461875283         -0.06725616523665835
4.56098508386737          -0.06878558716616524
4.56594742519883          -0.06896729948048799
4.5673577626118504        -0.06903083122389415
4.575990669784951         -0.06940331007759382
4.588096624645413         -0.0698492070619676
4.594746893946562         -0.07007309994139624
4.594905660249221         -0.07007826260029502
4.625005474155704         -0.0709032858156698
4.646885104559072         -0.07131101804043946
4.6583765173334495        -0.07146043029366851
4.683684724586763         -0.07163227700105106
4.685258581421223         -0.07163582189088585
4.704714718299301         -0.0716105758485852
4.728656410021484         -0.07140411915296323
4.739364104727324         -0.07129974129504249
4.741025836812841         -0.07128142618010379
4.761626210577508         -0.07100714877862094
4.770037802798942         -0.07087821155558008
4.7730752935861736        -0.07082689455894728
4.7833700976305416        -0.07063419493538708
4.7860174265339674        -0.07057995544095469
4.795458702924409         -0.07037090783221729
4.7957479435000225        -0.07036411853665687
4.808769493554364         -0.07003475797048873
4.824315003096475         -0.06958081451301501
4.8286557193329385        -0.06943831844183096
4.831424793544706         -0.06934648116882149
4.883076411190834         -0.06749998224571363
4.885831865131868         -0.06739435957435824
4.894721010889918         -0.06704870443052222
4.904204145676967         -0.06667168009526378
4.906849172613629         -0.06656499777558506
4.940360605018346         -0.0651558489674113
4.965127018683361         -0.06404590031241238
4.984832765640586         -0.06312114660041737
4.999474832947244         -0.06241014426350029
5.018536303958787         -0.06139660498486616
5.018632533003826         -0.061391311751896674
5.036634238730952         -0.06047461394376109
5.036739034743597         -0.06047030412044968
5.048091350405509         -0.060011931406327414
5.077238810770422         -0.05842779507628134
5.0831599345426035        -0.05810429790400913
5.127231831130819         -0.05566729685237211
5.144039412689115         -0.05474387677795136
5.146145676894277         -0.054628389702993545
5.148743981976464         -0.054485995234063646
5.1650285773868445        -0.053595348180792916
5.196384265286119         -0.051889142815313934
5.216608012979751         -0.050794765489541496
5.2355458329924485        -0.049796811269456405
5.242405038321844         -0.04944111501128276
5.272500186441305         -0.04788555144254401
5.2773716293401325        -0.04763504482306032
5.280743250810302         -0.047461874646443906
5.286946983042392         -0.0471436938222241
5.2917812956155466        -0.046896152567430106
5.327628287257399         -0.04507164432106487
5.332899711607617         -0.044804984830902755
5.341214363648166         -0.04438523618547082
5.35787422701979          -0.04354734574472364
5.371383521045956         -0.042877387708909594
5.388858093989003         -0.042025717966772846
5.39802232392069          -0.04160046971353451
5.403048091389401         -0.041367927677708055
5.430148320403771         -0.04012216749658586
5.435070538551507         -0.03989737835924415
5.437377345654883         -0.03979119091528563
5.439428019487913         -0.039696953954296635
5.444392309019829         -0.03946944821905666
5.456875435912905         -0.038901268018257364
5.4900090495093705        -0.03741921374625733
5.496285672002185         -0.03714549410590781
5.522740980261407         -0.03601640878245589
5.536144437879348         -0.0354595490653851
5.54769880387593          -0.03498770870468726
5.57907369782153          -0.033744752506937814
5.589632477278873         -0.033339038876832
5.603329997599111         -0.03282216567263742
5.638522171838958         -0.03154310260968465
5.657563502169202         -0.03088039770468721
5.68159138225279          -0.030033605546777746
5.686078202993811         -0.029877485333019812
5.694981369203559         -0.02957010662931127
5.715503757149344         -0.028893631476331224
5.764457877765038         -0.02733425564613016
5.786635974178648         -0.026654750664813924
5.7899987020435955        -0.026553188854152414
5.802158288961432         -0.026189167082067904
5.804204820191868         -0.026128396742594796
5.8416145441471           -0.025042758244287797
5.860639002950665         -0.024509159873022133
5.873109489325554         -0.02416615870844211
5.887410577113113         -0.023778872802592547
5.893305033474903         -0.023621569258720977
5.894944189092756         -0.02357804932811785
5.895981078315935         -0.023550569966321953
5.898531435069808         -0.023483146831091987
5.947002844264251         -0.022246523294459714
5.977824952165338         -0.02150445194194308
5.98466940526324          -0.021345723852589378
5.990241612955676         -0.021219153607054324
6.006943122864112         -0.020827501957555585
6.008418741145438         -0.02079309151086169
6.0114732241883555        -0.020722054196645117
6.015650660008447         -0.02062629949781486
6.025622090498466         -0.02040173631816663
6.04026305204056          -0.020076197339297153
6.043811755517684         -0.019998151254276175
6.0630407523787575        -0.019581077201553575
6.069492223972093         -0.01944334962966686
6.088298373447605         -0.01904818997337859
6.103489967428325         -0.01873585064313408
6.1045804485961455        -0.018713666524720264
6.105060500640458         -0.018703910652556305
6.1363336948546525        -0.018081569711024932
6.143168082553652         -0.017949079791096473
6.157345914465547         -0.017676710251926686
6.16859677814663          -0.017462951003344548
6.173458073728846         -0.01737124119697458
6.19930307995093          -0.01689078029593141
6.229444926892374         -0.016347650996342254
6.244009184922569         -0.01609185628554751
6.244936905393297         -0.0160757089193669
6.246504301023437         -0.016048469739390805
6.248143934506136         -0.016020031639425555
6.250402213360403         -0.015980958181460954
6.257508474048597         -0.01585871811302428
6.266533811861934         -0.015705030238587346
6.304841057342584         -0.015072189192274163
6.318697203860717         -0.014851046386838547
6.355382916125481         -0.014277413349970399
6.359226214011171         -0.014218567804650403
6.362198099611654         -0.014173227154221618
6.362546457935643         -0.014167921697158671
6.363031514598793         -0.014160526659206436
6.363641076038991         -0.014151238952147724
6.367236008206361         -0.01409658853253307
6.377449508249775         -0.013942483806042377
6.420381165606462         -0.013313509449882282
6.429412858020045         -0.01318505540007173
6.449189179785377         -0.012907089580835482
6.452048065404383         -0.01286731776709525
6.485044957746521         -0.01241579486021756
6.488188018973716         -0.012373559166845571
6.493923665099614         -0.012296845982690638
6.508355109843275         -0.01210589147339183
6.513153648856117         -0.012043052185002791
6.519194172677572         -0.011964412656611577
6.533042089863606         -0.011786083878470405
6.539331769091856         -0.011705985477241013
6.542755553631291         -0.01166258787116609
6.554244534179221         -0.011518129606692377
6.5836562133948275        -0.01115602916823488
6.6003181395443775        -0.010954671724415015
6.60636160638807          -0.010882311904224416
6.6188759172712235        -0.010733617206601933
6.649028191822133         -0.010381675041347255
6.67680677598303          -0.010066606801422191
6.693791669986404         -0.00987748798994632
6.699469351162144         -0.009814835274931296
6.717583159931154         -0.009617138226555067
6.732997660802994         -0.009451524917907728
6.750024386962963         -0.009271393332504676
6.770415322980307         -0.009059543014581995
6.777912725823122         -0.008982710436372415
6.779063751837758         -0.008970898633545353
6.812590555302518         -0.008631501551130329
6.846138022088918         -0.008300903074031241
6.847338849582533         -0.008289236380164655
6.850712380417358         -0.008256522464264364
6.85771734570241          -0.008188724821081588
6.8717917510134345        -0.008054809871539743
6.878554528585022         -0.007990662653268168
6.88800180123622          -0.007901553123595377
6.906920800469329         -0.007724859188944697
6.917084612997468         -0.0076309013749216075
6.946328794360839         -0.007364328458501832
6.96486129309111          -0.007198293809144655
6.975186475449474         -0.007106764220642999
6.996456264794157         -0.006920412658774164
7.008742483621723         -0.006814186567118717
7.019068331729475         -0.006725699798687197
7.035888499931905         -0.00658310530467256
7.0488675241762415        -0.006474042139663476
7.059916621011121         -0.006381828375692081
7.078756747659409         -0.0062259329274047745
7.079536568312627         -0.006219516615711591
7.080136830000886         -0.00621457967559559
7.0872757456255995        -0.006155996173711012
7.104769303189811         -0.006013452181831348
7.118342307343581         -0.005903901372300379
7.1244069558750525        -0.005855247943458038
7.134076716485898         -0.0057780504358498404
7.142026005629514         -0.00571493591641152
7.152594117019968         -0.005631556728866459
7.162667101944499         -0.005552560762788602
7.177960797752943         -0.005433583009501306
7.186625749791261         -0.005366636960054463
7.19398199691585          -0.005310246536902013
7.205799822000051         -0.005220080903177389
7.207654240407655         -0.005205980007532057
7.211083519191735         -0.005179937999491118
7.236868494162336         -0.004985541559661497
7.251917803153978         -0.004873237236800362
7.262311178619247         -0.004796174238854905
7.2806248845194785        -0.004661372604534483
7.281510463713287         -0.0046548860660255145
7.309853609392104         -0.004448839374671842
7.32228689867045          -0.004359188747605419
7.346737891628788         -0.004184580620206952
7.361249409453287         -0.004081983620368073
7.368086874548698         -0.004033908878123274
7.381525131945161         -0.003939920723022486
7.397276364998753         -0.003830594538829791
7.405713978717384         -0.003772403215928386
7.423972872721006         -0.0036470577530284525
7.442144048260188         -0.0035231451256960804
7.447689894837465         -0.003485492012586922
7.449218897832419         -0.003475124534295179
7.462090260906807         -0.0033880822207773696
7.470077704801924         -0.003334276367213233
7.475630419619176         -0.003296965932499056
7.492723816947452         -0.003182595764193608
7.497302622203442         -0.0031520839663995706
7.5013748433223055        -0.003124923753370278
7.542048898446184         -0.0028557659656651474
7.562519803734514         -0.0027217865344228986
7.573064768588078         -0.0026531614132730874
7.580054988311563         -0.002607843199399666
7.587992618002769         -0.0025565144543180387
7.607482976143176         -0.0024309102687034715
7.6452163585197415        -0.0021894785682021493
7.662196197525246         -0.0020815833910790924
7.67063624657383          -0.002028125416245706
7.6963560035355           -0.001865927734344772
7.716035481657738         -0.0017425414056973564
7.7466780807342435        -0.00155165993611254
7.753279875144893         -0.0015107334277040003
7.753385416044987         -0.0015100776031703213
7.782489466708471         -0.0013297425147297298
7.794864870593891         -0.0012535886684499067
7.833451893590526         -0.0010165130982805418
7.836047072852441         -0.0010005889213310787
7.8533321826407825        -8.945920207149166E-4
7.897634497701839         -6.234391147029185E-4
7.909316917298402         -5.520615269460625E-4
7.912181636664399         -5.345665340082575E-4
7.928076877587169         -4.3753928079072674E-4
7.933054773894564         -4.071770198395552E-4
7.938091425663333         -3.7646787267893623E-4
7.959463647665319         -2.4626170314424086E-4
7.969396306883661         -1.8582897150857676E-4
8                         -5.175953318256689E-18
