0                         0
0.013849896413840788      6.338605968221148E-5
0.03963895152120893       1.815410332755476E-4
0.049853974265711046      2.2837610078594998E-4
0.05079951644337069       2.327124456908255E-4
0.05211606410970503       2.3875056950460613E-4
0.08769470434880926       4.02063972657113E-4
0.09684923607214499       4.441282308517567E-4
0.10640526285116361       4.880561158885533E-4
0.1124929217535177        5.160503480785546E-4
0.12119048639476178       5.560598048660744E-4
0.12645457199671523       5.802827225515737E-4
0.14324178977792795       6.575687397388298E-4
0.16295655143661608       7.484083992140186E-4
0.19360293855848923       8.900504115295811E-4
0.19667330471972921       9.042873424903184E-4
0.1993686113213499        9.167921099394936E-4
0.2204074409944318        0.0010146240471198861
0.23086911501551793       0.0010634187735902834
0.27079195523925853       0.001250523366777434
0.2778583305522476        0.001283820274112962
0.29505899886332726       0.001365090171637549
0.30221490421640673       0.001398992327450152
0.31074282253877056       0.0014394650884707078
0.31550181624558504       0.001462085033044013
0.3189911029052793        0.0014786838697338012
0.3340987314292454        0.0015506881331178786
0.33847942096016115       0.0015716081961243812
0.3443510707644749        0.0015996775016003364
0.35356011471387805       0.0016437504345768184
0.36880471228219          0.001716939434919069
0.37574809717151453       0.0017503699166187192
0.38181962580466633       0.0017796516007768195
0.3912773474094766        0.0018253551498090723
0.39778448598680877       0.0018568646367527922
0.4102930731402601        0.0019175822540278909
0.4151102883802716        0.0019410170780886774
0.4344098500021281        0.0020355494798125974
0.4559343392877948        0.0021416732862038516
0.46848890640516205       0.002203909602123355
0.48367554290645964       0.0022795194064690466
0.4911801788511396        0.0023169028238569614
0.5282836363189224        0.00250338316840458
0.5317164106347916        0.002520775203486
0.5383100536423276        0.002554247741176264
0.5585565657091814        0.002657571950886282
0.5617804805378229        0.002674100202930888
0.5935965950802007        0.0028383280510596667
0.6074339354837509        0.00291038470296067
0.625932952567223         0.0030073144056990916
0.6379797500120845        0.003071149611673004
0.6599951184171245        0.0031887536798355437
0.6847789579786354        0.003322409447393175
0.6899050324914102        0.0033502443369150393
0.7103366633336855        0.0034618387657714554
0.7317595164349653        0.0035799702684867238
0.7410672816922235        0.00363171674728304
0.7620375944716127        0.003749235429672721
0.77821245832596          0.003840764287901014
0.794728233024495         0.003935016747881592
0.7947837616793552        0.003935334993665601
0.815836443635214         0.004056621887953998
0.8158542784025468        0.004056725328830203
0.827545104317537         0.00412478395311199
0.833079928211732         0.004157180916508849
0.8377942467642479        0.004184864291476343
0.847044189983571         0.004239450782643966
0.8599338864308353        0.004316018971724283
0.8657425953189294        0.004350715483800102
0.8689132549606539        0.00436970456334485
0.8717038233979245        0.0043864465689646606
0.8794171988133009        0.004432865603754258
0.8811510673820357        0.004443328854928481
0.8877972212129612        0.004483559270180165
0.8998153360916572        0.004556716362723935
0.9152931004030431        0.004651709497773244
0.9302848476529817        0.0047449714493570765
0.9377236392088001        0.004791627422923659
0.9402325676711037        0.004807420234066518
0.9795658288798981        0.00505616909358467
0.9851229367324457        0.0050919121737252725
0.9886334339482145        0.005114567998498629
0.9920391901463029        0.005136604429212895
1.003996135391299         0.005214411243253668
1.0215304813535035        0.005329940866468712
1.0353536671481782        0.005422001798348371
1.048189924358015         0.005508266151314719
1.051973418823934         0.005533835258713525
1.0526009740416464        0.005538100903642557
1.0604686964167647        0.005591739275870022
1.0628002233953329        0.005607691279850148
1.0779966343676246        0.005712299001007578
1.131696225332588         0.006090783392492325
1.1541930039184616        0.006253954493237755
1.161355351890676         0.006306409037076849
1.172602007991145         0.006389429070440994
1.1960069725800173        0.0065647583902083495
1.2058462339690634        0.00663949780115727
1.2332083072224824        0.006850553783008776
1.238049803116095         0.0068883904976761836
1.2404916441253095        0.006907529829604547
1.256992935620147         0.007037854736269308
1.283726646009973         0.007252641787334206
1.2975916355797616        0.007365814052162447
1.3124380541320078        0.007488342505085178
1.3184896757932492        0.007538625623986764
1.3196279363599432        0.0075481935360026545
1.3397416682167647        0.0077175035553528615
1.3428593087889973        0.0077440768853146305
1.363904920612095         0.00792577821989973
1.3664119759965327        0.007947692547058597
1.4000256961434672        0.00824704715503572
1.4045350871824338        0.00828799025857143
1.4094124104194363        0.008332482717203396
1.4123130136494353        0.008359045769334108
1.414797982125114         0.008381749117389507
1.4237262024434656        0.00846378472065459
1.4467742254724043        0.008678920779140656
1.4848843590821046        0.009045285251081054
1.5108535913169496        0.009302528518034089
1.5265627763743455        0.009461126359830695
1.5437716365025138        0.00963846092612425
1.5453626355940868        0.009655004271193732
1.549158299245271         0.009694573316841341
1.5549125473069605        0.009754802080412489
1.5612907208575095        0.00982200807206319
1.6050871984688804        0.010296171144737257
1.6304227418847603        0.010581236487225766
1.637100574939833         0.01065767620222242
1.6373549282070243        0.010660598479662269
1.6379326114054913        0.010667238441454716
1.650516909323837         0.010812893788687881
1.6862914591367915        0.011236829881329784
1.6934379801161608        0.011323341819851342
1.698796636663534         0.011388609340970626
1.7236941292369423        0.011696336361771486
1.7407801062346069        0.01191178081222519
1.749621500294196         0.01202462899482615
1.7740400076791867        0.012341885718762814
1.7837823284511747        0.01247146001951125
1.804590515006657         0.012753937547136772
1.8074118011172373        0.012792837811195829
1.8103226586839856        0.012833123379612456
1.8540531962655202        0.013456714100218776
1.8628020428726788        0.013585724044941554
1.8809102926094605        0.013856772555772178
1.886046832831248         0.013934645744481588
1.8879497213756593        0.013963605607141176
1.9043584457818126        0.01421409082989328
1.9116532107590531        0.01432682788834293
1.9286158640344824        0.014596185311461967
1.9433106821546422        0.014832502119850842
1.959370754112772         0.015095889233019112
1.962916645224568         0.015154697296935138
1.9696206639869496        0.01526658115649075
1.9780823196337105        0.015409103227819701
1.9956643453870164        0.01570989841640963
2.005760892808868         0.015885472885611363
2.015706752847822         0.01606045393272838
2.02259464107974          0.01618281401512549
2.031940613416684         0.016350383567632066
2.0486051403931675        0.01665357941596751
2.0526160078983544        0.016727569852837614
2.064620370535922         0.01695130338676781
2.0923558501405877        0.01748131821843303
2.108306103663113         0.01779439683507282
2.13422292727213          0.01831598980148439
2.1501932592068815        0.018645347562717955
2.161603530078111         0.018884159064882493
2.167042988279244         0.01899909209209673
2.1688676296861766        0.01903780315848351
2.1980052665468244        0.019675160765058805
2.208044508792809         0.019901118976682352
2.211853530225297         0.01998770342000131
2.2215446865387354        0.020210112580034106
2.226103066182906         0.020311732503436684
2.235560779878855         0.020525295456405176
2.2440405934463805        0.020719900236679637
2.2624477368994684        0.021152492461494036
2.275605693146944         0.021473370383323264
2.292574898149083         0.02189508809412501
2.3083852765214257        0.022296011556229574
2.3266555059173766        0.022768929944222548
2.3281202169181148        0.02280728994013579
2.3303059548959473        0.022864656486022664
2.3430527902180196        0.023202498326614782
2.35633993772103          0.02355938891372604
2.3786873899469407        0.024170522948722007
2.4054168660546784        0.024940600348849814
2.4087530187696915        0.025037423554538633
2.4122179509076442        0.02513819760866851
2.423750022303786         0.025475162112782012
2.4348552604320455        0.025801930739414135
2.4572123028199138        0.026466554070584604
2.4590654728005013        0.026522050752676378
2.465690442670887         0.026725992262237153
2.4923087054857245        0.02755679638498962
2.513106741298316         0.02821863870500586
2.5231243547060282        0.02854845984197844
2.5446773273492527        0.02927688308920683
2.5457166776140245        0.02931265901947209
2.546052538962625         0.029323209243380277
2.546600245378979         0.029340430562280917
2.561632527589484         0.029821082017658967
2.568028218300106         0.03003026148101302
2.5792583957795525        0.030416747328649112
2.588943267647312         0.030754970120417405
2.5903776710298536        0.030805450780642417
2.591392761930905         0.030841235039876458
2.6011097564767924        0.031186313370351038
2.614676460908017         0.031675776187164176
2.62744427223637          0.032144580763278446
2.6427257514864966        0.03271608950643699
2.6472943427024718        0.032889151315613804
2.6546904568977587        0.03317147067238105
2.6600163657762823        0.03337735094328722
2.6668927215032574        0.03364416417400817
2.6670443996668394        0.03364995115624456
2.6683118483150094        0.03369831834190991
2.6863935328401944        0.0343903134798639
2.6943556938493067        0.034696202251303945
2.70347996016249          0.03504761835052575
2.7066891386957987        0.03517144196589324
2.7196220752603164        0.03568121733340344
2.731163989793304         0.03613573639324374
2.749104571181168         0.03684143527687792
2.77850225932763          0.03799570162881137
2.8005157332124577        0.038858326097659934
2.8263516571888743        0.03989528922343911
2.837687844310081         0.040351670030126185
2.852860514532905         0.04096382591272157
2.856559367089345         0.04111328926511386
2.8581401543932676        0.04117719322241061
2.8600061726419805        0.04125286994885098
2.8671545883872063        0.04154335208640741
2.8812684212385054        0.04211956607579133
2.920825219445716         0.04375352197053036
2.9338712271934213        0.04429855034193998
2.938517100312078         0.04449337856652608
2.9459087820486385        0.04480415077609872
2.960767506883114         0.045409312623410074
2.963678129671037         0.04552584870516369
2.972391131353648         0.04587077165534426
2.9973376055952636        0.046825748724883945
3.0354859698792223        0.048192708825062866
3.035787068655792         0.048203048783155684
3.037030004539041         0.048245657665204576
3.0569648058461345        0.04891265742885016
3.080373750499496         0.04965223739993043
3.0818347313504977        0.049697131745064696
3.118923226527617         0.05078709300537548
3.11979844106414          0.05081165827516957
3.1278306838451453        0.051034616492618395
3.1294433154036883        0.05107787692204088
3.1603502064301567        0.051867639340434375
3.175543819809781         0.05222846148725462
3.1779866181428766        0.05228478721820218
3.2009602924220095        0.05279165317108632
3.2027711649995383        0.05282984931309276
3.2060745849254313        0.05289886589892035
3.2115680764588164        0.05299603342463478
3.2134517274051206        0.05302717240156494
3.2235280466134686        0.05318227289527594
3.227694146550994         0.05324075108225731
3.269963049239695         0.05364720842017989
3.2738279187132022        0.053667398433271396
3.3087814533409143        0.05372082179686122
3.318425635411418         0.05369461507380845
3.340349443671359         0.05356915207977567
3.342512079795465         0.0535525152494259
3.35708387924289          0.05340258846497228
3.3611228196649625        0.05334937186086443
3.366513279941403         0.05327046280645343
3.4245457703937503        0.05203675726826392
3.4312723999779666        0.0518456934250834
3.4415485570392432        0.05153453029700037
3.4416811745532336        0.05153057886930987
3.4418165232480296        0.051526540997972756
3.4841152989904085        0.05001391182881397
3.4942429905648735        0.04957757161121133
3.514175880920182         0.04862412826521599
3.5654523177463204        0.04567978457571698
3.5656765961569814        0.04566535101570117
3.5669276553571194        0.0455845898875823
3.5689256617680174        0.04545473607874867
3.5900845401148316        0.0440136100164607
3.630618239818748         0.04102744996412951
3.6459845788910488        0.039817235383355326
3.6460709468496852        0.03981031181833446
3.64641765364805          0.039781346060823154
3.656654253230672         0.03891071886089908
3.6575088112544782        0.03883669047918726
3.659824812823688         0.03863501639181312
3.6785474827368856        0.03694865741298414
3.7086375706256502        0.034029557697894605
3.7143964391996795        0.033441519531788325
3.7155573669005353        0.03331940906299021
3.7188270620347286        0.03297397476362064
3.7365751693747917        0.031059893824381582
3.7470121953916777        0.02993652377216918
3.7695397501268646        0.02749462914501649
3.779985741171024         0.026354356710581842
3.801699890314323         0.023967906815230863
3.806507061789075         0.023436634333427655
3.814141503641956         0.022590703612402552
3.821047076832605         0.021823211582721498
3.826894326385708         0.021171617254749257
3.8452692563441935        0.01911368940734091
3.868903551710086         0.016502251952662608
3.8749403731636556        0.01578603767291498
3.88584981104439          0.014479647754911527
3.892301719262515         0.013699719320924368
3.9131804877922383        0.011138525721550798
3.9163730629946585        0.010741870228961057
3.9233199375907994        0.009874164939781244
3.932697271513498         0.00869287559220723
3.93977093473929          0.007794180068812993
3.944471031925014         0.007193424623645373
3.972701413636083         0.0035358392257542684
3.9850401509562134        0.0019340043095603136
4.003695577581702         -4.915734027082347E-4
4.013830038385129         -0.0018111225519636884
4.018815548658419         -0.0024577570418336846
4.029913632843805         -0.0038894513293671142
4.081980862812998         -0.01046337631874543
4.083413842371478         -0.010640969964522073
4.0892577452078305        -0.011363374881245746
4.096989304674158         -0.012308387368284783
4.104631172040966         -0.013238051295881258
4.108643122909393         -0.013724375886711916
4.110498726800367         -0.013948903845152667
4.155550186289372         -0.019321239183512737
4.179406364881884         -0.022104694349836817
4.186493001673626         -0.02293460417427198
4.1936183547422745        -0.023760402640145253
4.200189295259103         -0.02451426361578265
4.215826257343543         -0.02627859030905463
4.222398562197948         -0.02700768530019365
4.223311749946183         -0.02710840569180339
4.230134120631526         -0.027856376098679986
4.235366144051726         -0.028424604418709733
4.235791477391975         -0.028470592674059828
4.236146549265719         -0.028508960402011264
4.242865515451328         -0.029230343017208726
4.26581706438866          -0.03162236516497624
4.277633485326718         -0.03281033672471835
4.295781094309362         -0.0345771866995771
4.303252571451394         -0.03528432248573501
4.312669831580773         -0.03615875999092604
4.316054635017127         -0.036468462565644996
4.360123946570298         -0.040109546241312896
4.37061593321097          -0.04090057067066872
4.388014885311833         -0.04214804191898809
4.404595066202411         -0.04338470283213178
4.411423908346373         -0.043874748116004884
4.421064651498735         -0.04454741310169893
4.445797505690152         -0.046170483899476145
4.448150555705063         -0.04631720756695966
4.47588736203961          -0.04794598707917991
4.493215220371343         -0.04889169567433704
4.493993905539719         -0.04892836649255256
4.504411304628743         -0.04940626441990589
4.518350533388926         -0.05000878284854031
4.529038461875283         -0.050442123927495496
4.56098508386737          -0.05158919037462563
4.56594742519883          -0.051725474610367674
4.5673577626118504        -0.0517731234179223
4.575990669784951         -0.05205248255819703
4.588096624645413         -0.05238690529647735
4.594746893946562         -0.05255482495604882
4.594905660249221         -0.05255869695022291
4.625005474155704         -0.053177464361753954
4.646885104559072         -0.05348326353033118
4.6583765173334495        -0.05359532272025294
4.683684724586763         -0.05372420775078982
4.685258581421223         -0.05372686641816592
4.704714718299301         -0.053707931886440394
4.728656410021484         -0.053553089364723916
4.739364104727324         -0.05347480597128333
4.741025836812841         -0.05346106963507931
4.761626210577508         -0.05325536158396713
4.770037802798942         -0.053158658666686474
4.7730752935861736        -0.053120170919211875
4.7833700976305416        -0.05297564620154172
4.7860174265339674        -0.052934966580717425
4.795458702924409         -0.05277818087416436
4.7957479435000225        -0.052773088902494034
4.808769493554364         -0.05252606847786794
4.824315003096475         -0.052185610884762625
4.8286557193329385        -0.05207873883137458
4.831424793544706         -0.05200986087661747
4.883076411190834         -0.05062498668428651
4.885831865131868         -0.05054576968076997
4.894721010889918         -0.050286528322892945
4.904204145676967         -0.050003760071449105
4.906849172613629         -0.04992374833169004
4.940360605018346         -0.048866886725559694
4.965127018683361         -0.04803442523431047
4.984832765640586         -0.047340859950314194
4.999474832947244         -0.04680760819762639
5.018536303958787         -0.04604745373865077
5.018632533003826         -0.04604348381392365
5.036634238730952         -0.045355960457821934
5.036739034743597         -0.045352728090338384
5.048091350405509         -0.04500894855474667
5.077238810770422         -0.04382084630721209
5.0831599345426035        -0.043578223428007934
5.127231831130819         -0.04175047263928013
5.144039412689115         -0.04105790758346455
5.146145676894277         -0.040971292277246184
5.148743981976464         -0.04086449642554875
5.1650285773868445        -0.0401965111355957
5.196384265286119         -0.03891685711148643
5.216608012979751         -0.0380960741171571
5.2355458329924485        -0.037347608452093256
5.242405038321844         -0.037080836258463014
5.272500186441305         -0.03591416358190892
5.2773716293401325        -0.03572628361729616
5.280743250810302         -0.03559640598483384
5.286946983042392         -0.035357770366668984
5.2917812956155466        -0.035172114425573484
5.327628287257399         -0.03380373324079952
5.332899711607617         -0.03360373862317794
5.341214363648166         -0.03328892713910398
5.35787422701979          -0.03266050930854359
5.371383521045956         -0.03215804078168305
5.388858093989003         -0.03151928847508047
5.39802232392069          -0.03120035228515172
5.403048091389401         -0.03102594575828187
5.430148320403771         -0.030091625622440193
5.435070538551507         -0.029923033769433904
5.437377345654883         -0.02984339318646501
5.439428019487913         -0.029772715465723257
5.444392309019829         -0.029602086164293277
5.456875435912905         -0.029175951013693798
5.4900090495093705        -0.028064410309693734
5.496285672002185         -0.027859120579431608
5.522740980261407         -0.02701230658684265
5.536144437879348         -0.026594661799039545
5.54769880387593          -0.026240781528516152
5.57907369782153          -0.025308564380204054
5.589632477278873         -0.025004279157624678
5.603329997599111         -0.024616624254478744
5.638522171838958         -0.023657326957264146
5.657563502169202         -0.02316029827851605
5.68159138225279          -0.022525204160083946
5.686078202993811         -0.0224081139997655
5.694981369203559         -0.022177579971984083
5.715503757149344         -0.021670223607249028
5.764457877765038         -0.020500691734598214
5.786635974178648         -0.019991062998611024
5.7899987020435955        -0.019914891640614888
5.802158288961432         -0.01964187531155151
5.804204820191868         -0.01959629755694667
5.8416145441471           -0.0187820686832164
5.860639002950665         -0.018381869904767145
5.873109489325554         -0.018124619031332116
5.887410577113113         -0.01783415460194494
5.893305033474903         -0.01771617694404125
5.894944189092756         -0.017683536996088912
5.895981078315935         -0.01766292747474198
5.898531435069808         -0.01761236012331951
5.947002844264251         -0.016684892470845283
5.977824952165338         -0.016128338956457787
5.98466940526324          -0.016009292889442507
5.990241612955676         -0.015914365205291214
6.006943122864112         -0.015620626468167153
6.008418741145438         -0.015594818633146733
6.0114732241883555        -0.015541540647484302
6.015650660008447         -0.015469724623361603
6.025622090498466         -0.015301302238625428
6.04026305204056          -0.015057148004473317
6.043811755517684         -0.014998613440707582
6.0630407523787575        -0.014685807901165625
6.069492223972093         -0.014582512222250585
6.088298373447605         -0.014286142480034379
6.103489967428325         -0.01405188798235099
6.1045804485961455        -0.014035249893540627
6.105060500640458         -0.014027932989417655
6.1363336948546525        -0.013561177283269119
6.143168082553652         -0.013461809843322773
6.157345914465547         -0.013257532688945424
6.16859677814663          -0.013097213252508818
6.173458073728846         -0.013028430897731343
6.19930307995093          -0.012668085221948953
6.229444926892374         -0.01226073824725708
6.244009184922569         -0.012068892214161017
6.244936905393297         -0.012056781689525555
6.246504301023437         -0.012036352304543484
6.248143934506136         -0.012015023729569545
6.250402213360403         -0.011985718636096094
6.257508474048597         -0.011894038584768587
6.266533811861934         -0.011778772678940883
6.304841057342584         -0.011304141894205982
6.318697203860717         -0.011138284790129264
6.355382916125481         -0.010708060012478142
6.359226214011171         -0.010663925853488146
6.362198099611654         -0.010629920365666555
6.362546457935643         -0.010625941272869343
6.363031514598793         -0.01062039499440517
6.363641076038991         -0.010613429214111136
6.367236008206361         -0.010572441399400143
6.377449508249775         -0.010456862854532123
6.420381165606462         -0.009985132087412037
6.429412858020045         -0.009888791550054123
6.449189179785377         -0.00968031718562693
6.452048065404383         -0.009650488325321754
6.485044957746521         -0.009311846145163477
6.488188018973716         -0.009280169375134484
6.493923665099614         -0.009222634487018284
6.508355109843275         -0.009079418605044172
6.513153648856117         -0.009032289138752394
6.519194172677572         -0.008973309492458979
6.533042089863606         -0.008839562908853097
6.539331769091856         -0.00877948910793105
6.542755553631291         -0.008746940903374856
6.554244534179221         -0.008638597205019567
6.5836562133948275        -0.00836702187617644
6.6003181395443775        -0.008216003793311534
6.60636160638807          -0.008161733928168586
6.6188759172712235        -0.008050212904951719
6.649028191822133         -0.007786256281010703
6.67680677598303          -0.007549955101066897
6.693791669986404         -0.007408115992459989
6.699469351162144         -0.0073611264561987185
6.717583159931154         -0.007212853669916545
6.732997660802994         -0.007088643688431035
6.750024386962963         -0.006953544999378743
6.770415322980307         -0.006794657260936729
6.777912725823122         -0.006737032827279544
6.779063751837758         -0.0067281739751592455
6.812590555302518         -0.0064736261633479685
6.846138022088918         -0.006225677305523643
6.847338849582533         -0.0062169272851237065
6.850712380417358         -0.006192391848198485
6.85771734570241          -0.006141543615811404
6.8717917510134345        -0.006041107403655014
6.878554528585022         -0.005992996989951333
6.88800180123622          -0.005926164842696739
6.906920800469329         -0.005793644391708725
6.917084612997468         -0.005723176031191406
6.946328794360839         -0.005523246343876567
6.96486129309111          -0.005398720356858681
6.975186475449474         -0.005330073165482436
6.996456264794157         -0.005190309494080805
7.008742483621723         -0.005110639925339217
7.019068331729475         -0.005044274849015574
7.035888499931905         -0.004937328978504594
7.0488675241762415        -0.004855531604747778
7.059916621011121         -0.004786371281769228
7.078756747659409         -0.004669449695553744
7.079536568312627         -0.004664637461783857
7.080136830000886         -0.004660934756696856
7.0872757456255995        -0.0046169971302834215
7.104769303189811         -0.004510089136373669
7.118342307343581         -0.00442792602922544
7.1244069558750525        -0.004391435957593683
7.134076716485898         -0.004333537826887534
7.142026005629514         -0.004286201937308791
7.152594117019968         -0.004223667546649993
7.162667101944499         -0.004164420572091598
7.177960797752943         -0.004075187257126123
7.186625749791261         -0.004024977720040989
7.19398199691585          -0.003982684902676651
7.205799822000051         -0.0039150606773831805
7.207654240407655         -0.0039044850056491817
7.211083519191735         -0.003884953499618476
7.236868494162336         -0.0037391561697462557
7.251917803153978         -0.0036549279276004015
7.262311178619247         -0.0035971306791413066
7.2806248845194785        -0.0034960294534009864
7.281510463713287         -0.0034911645495192597
7.309853609392104         -0.003336629531004
7.32228689867045          -0.0032693915607041805
7.346737891628788         -0.003138435465155326
7.361249409453287         -0.003061487715276164
7.368086874548698         -0.003025431658592563
7.381525131945161         -0.0029549405422669693
7.397276364998753         -0.002872945904122446
7.405713978717384         -0.0028293024119463907
7.423972872721006         -0.002735293314771437
7.442144048260188         -0.0026423588442721544
7.447689894837465         -0.002614119009440285
7.449218897832419         -0.002606343400721477
7.462090260906807         -0.0025410616655831184
7.470077704801924         -0.0025007072754100147
7.475630419619176         -0.0024727244493743814
7.492723816947452         -0.002386946823145292
7.497302622203442         -0.002364062974799763
7.5013748433223055        -0.0023436928150277927
7.542048898446184         -0.002141824474248938
7.562519803734514         -0.0020413399008172473
7.573064768588078         -0.0019898710599548872
7.580054988311563         -0.00195588239954982
7.587992618002769         -0.001917385840738598
7.607482976143176         -0.0018231827015276693
7.6452163585197415        -0.0016421089261516714
7.662196197525246         -0.0015611875433093757
7.67063624657383          -0.001521094062184335
7.6963560035355           -0.00139944580075863
7.716035481657738         -0.0013069060542730652
7.7466780807342435        -0.0011637449520844475
7.753279875144893         -0.0011330500707780419
7.753385416044987         -0.0011325582023777826
7.782489466708471         -9.973068860473337E-4
7.794864870593891         -9.401915013374643E-4
7.833451893590526         -7.623848237104341E-4
7.836047072852441         -7.504416909983366E-4
7.8533321826407825        -6.70944015536212E-4
7.897634497701839         -4.6757933602720604E-4
7.909316917298402         -4.1404614520956215E-4
7.912181636664399         -4.0092490050620794E-4
7.928076877587169         -3.2815446059305706E-4
7.933054773894564         -3.053827648796777E-4
7.938091425663333         -2.823509045092127E-4
7.959463647665319         -1.846962773581875E-4
7.969396306883661         -1.3937172863143774E-4
8                         -3.881964988692662E-18
