0                         0
0.0052986791458732065     2.352884929133893E-5
0.047256780759846094      2.0988361690274504E-4
0.07993638363747312       3.5535475686189965E-4
0.08551566936150616       3.802191468273354E-4
0.09916085776739686       4.4106476846937875E-4
0.12278726884757299       5.465357467950972E-4
0.1426732404682326        6.354247528492359E-4
0.16094519199656837       7.171378063937744E-4
0.1689195865905682        7.528221268641017E-4
0.18259904774930746       8.140675965854687E-4
0.1877134668234779        8.369760997126837E-4
0.18970679725158285       8.459471618361416E-4
0.1987789636186594        8.868155819681732E-4
0.21002927954409795       9.374942742839863E-4
0.24391388059637187       0.0010908280808706778
0.26250192015692964       0.0011753859079630653
0.2940842609833013        0.0013194774602425395
0.3023759653552218        0.0013574726841798497
0.30852481386548153       0.001385692995356702
0.3321142936542514        0.0014943078287782572
0.34721381299504145       0.0015641233723371487
0.3546787970038192        0.00159872327027534
0.37343446935355584       0.0016859005959874544
0.39117439223853223       0.0017686799231937658
0.4026891275410233        0.001822579016039496
0.41732948817972226       0.0018912410498328406
0.43520814493607674       0.0019755677004759647
0.46330809985261995       0.0021092347601905973
0.47019820232154513       0.0021422208484008077
0.4704170397655747        0.002143269885136443
0.4710040434164069        0.0021460842068656144
0.4775843257206681        0.0021776738849237174
0.5071031485875357        0.002320316059010348
0.5235045913514269        0.0024002308773618986
0.5392456086429693        0.0024773705457305107
0.54954594167588          0.0025282165685622682
0.5724596375740991        0.0026419064965808757
0.5949322747366652        0.0027541106074709513
0.6139193632754452        0.0028495594064671136
0.619767145901063         0.002879130481118408
0.6300752270922974        0.0029314559896364816
0.6666914904933328        0.0031193853653034894
0.667008074187288         0.003121024213077907
0.6815216586374563        0.0031963963924913756
0.6853667233507975        0.003216446133171938
0.6874317178828382        0.003227227948100381
0.6932683050481498        0.0032577553607837316
0.7237002577163583        0.0034181993553715462
0.7428724563364951        0.0035203772863865454
0.7439395311150797        0.0035260891758983532
0.7504947556345302        0.0035612359792934587
0.771555973850155         0.003675205378855663
0.7903676987668973        0.003778057180445639
0.7970271022979526        0.003814705624044901
0.7977971253081007        0.00381895438329624
0.8027374061344899        0.0038462518737750156
0.8097724307172531        0.003885350482301584
0.8370074917596649        0.00403768144907801
0.8527347769510084        0.0041267573576259115
0.8682018646901848        0.004215152300024772
0.8799230640955529        0.00428266295802488
0.8993203270975735        0.004395377232182095
0.9104565339423549        0.004460646552836212
0.9280463930604583        0.004564557096375391
0.9406823812205503        0.004639903915578063
0.9502208637864225        0.004697168809344683
0.9567471142981222        0.004736541955764801
0.9629807549613989        0.004774295728206302
0.976640289524921         0.004857522718814398
0.9871696267847135        0.00492217204516917
1.0041539025250563        0.005027247101254388
1.0454233734916654        0.005286710851600555
1.0611951790925347        0.0053881063097054515
1.069434675118026         0.005441569224025083
1.0760577617080929        0.005484788659862931
1.0772995354600352        0.005492916231151309
1.0872694380136119        0.005558448504243816
1.0906849376661614        0.0055810123046505025
1.099576912488269         0.005640027455833266
1.14674226832585          0.0059596339205987775
1.1703849735021679        0.006124006854292527
1.1843141834899447        0.006222149332078359
1.2211077496072935        0.006486255379099697
1.2224976981432283        0.006496359245012576
1.2314295997066458        0.006561501049324332
1.2766075894275761        0.006900049539766903
1.292263987479419         0.007019745609131916
1.31172033816417          0.007170755387877845
1.3117563429016783        0.007171037161507753
1.3119389005604367        0.007172465992688293
1.3525593731177799        0.007495880594547456
1.3835472674507796        0.007749950332004655
1.384444169458682         0.007757398734675748
1.3848832916424982        0.00776104740682999
1.4128547587561409        0.007996094379186212
1.4505673987643892        0.008323581114407452
1.4588153157104575        0.008396519682908622
1.4635140615891062        0.008438283123848646
1.4872003891757224        0.008650538019256353
1.4924148820060519        0.008697977308985376
1.5138485753354782        0.008895670049327287
1.5245398562134385        0.008995902925113472
1.5341190785561893        0.009086627215402269
1.5801223428399827        0.00953439941944816
1.5806158218350377        0.009539311072023486
1.589786663947939         0.009631107653803771
1.590369153807949         0.009636964563426179
1.6479217266360064        0.010231207546828066
1.6528647485071195        0.010284141853924088
1.6565885399092546        0.010323553490380923
1.6795970782992506        0.010574304606346674
1.6836328071666369        0.010617729375077264
1.6966917844764973        0.01075993996398121
1.7408065468598704        0.011264206899365286
1.7432407221554045        0.011292764719009562
1.7441220884882902        0.011303123846534825
1.7460120422650978        0.011325371287828248
1.749332795673867         0.011364597312655761
1.8088973069487257        0.012090658935822342
1.8116291749199143        0.012124979616753642
1.8244608664563349        0.012287382818212761
1.8373784810885385        0.012452868165707625
1.8892341026319321        0.01313732418348638
1.8996261158605559        0.013278370332967025
1.9050351757400654        0.013352297628340911
1.9135682495332298        0.013471327313940825
1.9186996057147967        0.013543441263112068
1.9496105184332024        0.013986359913894339
1.976666447609349         0.014386020051678838
2.0389064259185203        0.015347856317471575
2.0472145698020747        0.015480932896491903
2.048017053207564         0.015493843448384845
2.048702116156488         0.015504872812415386
2.0504221300675867        0.015532840882778209
2.0518111303810467        0.015555468764960355
2.0593678966191833        0.015679235160288095
2.1115214799295643        0.01656386165078824
2.114261561979145         0.01661185157541805
2.1505076260511635        0.01725498176329944
2.156333449633408         0.017361503952387548
2.1571856537060308        0.01737714979187731
2.1649959522442415        0.017521174365066186
2.1790032828768187        0.017782334688625293
2.1850405380101234        0.01789643171864066
2.2073769923137254        0.01832364952753863
2.209987254305966         0.018374097130994145
2.2111779440741026        0.018397145480441905
2.223525106463372         0.01863749240757575
2.244419885658939         0.019049798223439204
2.2602531359703955        0.01936689340088539
2.278059139164709         0.019736651393733224
2.2946110976914924        0.020085287165264854
2.3037468603755684        0.020279744715430394
2.3102638956589385        0.02041970742566556
2.316521573161209         0.020555071194008467
2.3283624603175457        0.020813812320347434
2.3614546460446952        0.021554989955278797
2.4028625004278124        0.022519892915010924
2.4066732970408014        0.022610130757653543
2.4166450840879126        0.022847499793411385
2.4168261388126746        0.022851826241480015
2.4595791962413074        0.023883817792391956
2.488665589417239         0.024615009579433383
2.4899754619626546        0.024648492299947148
2.4941977565212765        0.024756747025626618
2.5098272369110908        0.025161788550742144
2.538781779490449         0.025930124927004097
2.5420204279506824        0.02601751715568561
2.552050931120118         0.026285016977557408
2.5574747844078187        0.02643052686839207
2.5628292606249112        0.026574769800156946
2.584088487748074         0.02717540746777775
2.586076069195251         0.027231515651905895
2.587511400076149         0.027272029147208415
2.587584264349127         0.02727407581731573
2.6234010021893437        0.0282831579552828
2.637873514145688         0.0286926161811693
2.6606453006014714        0.029338879638422254
2.6771972296471374        0.029803763881974872
2.704193020445843         0.030579522088258763
2.7048806805412187        0.030599566954802666
2.705531106787972         0.030618539465445967
2.7078250324985387        0.030685552577546505
2.7518794032423117        0.03200299576336587
2.7668735160839883        0.03246460616279886
2.7721651811659216        0.03262962874214607
2.7964651999013785        0.0333823372645996
2.7976492413580734        0.033418799829258806
2.8082871008455226        0.03374550141048745
2.809229142974282         0.03377435534780546
2.8104037327126132        0.03381031439591285
2.8189098357972537        0.0340680971280303
2.8415472923992806        0.03474658037832709
2.8547731840562474        0.03513789737811332
2.8746598878260325        0.03571922886083561
2.8876174407391804        0.03607466446613271
2.9200253457049388        0.03696941902106994
2.925174363204104         0.03711233937658476
2.932495987220135         0.03732506385023525
2.9535736832195827        0.0379238862941096
2.9787262862077837        0.038612107872173534
2.990974047414859         0.038936434067918545
2.9989046252892444        0.03914129191362944
3.0088752152527736        0.03939310493837208
3.0206551656306173        0.03968237280851344
3.0341343084341905        0.04000241435066904
3.060895263674013         0.04060317366198048
3.076223009505596         0.04092651659919049
3.102271856888955         0.04144135507329403
3.1244247095634603        0.04188819702344157
3.136587349604663         0.04206144654209058
3.147422533375888         0.04224494687211578
3.163684715791562         0.04249126831196948
3.188363996030479         0.04279838513085543
3.18845574144359          0.04279937682254242
3.206189767183959         0.04297019947187123
3.248664580639309         0.043210524561607844
3.2570875547679554        0.04322988282896779
3.26055292149806          0.043235127709485434
3.2620970865417767        0.04323371409697251
3.283420878990156         0.04317555646982272
3.291753931170426         0.043133248156924583
3.338001674905435         0.04270556530820391
3.366555714644354         0.04243743286490047
3.3987057192292176        0.04178389471165949
3.4035637660899263        0.04167079773959921
3.404967253245161         0.04163742296558333
3.4111443946086837        0.04149392708661287
3.4414049610337005        0.04069099091584982
3.483451085522204         0.03929966895891626
3.498789001204069         0.03871232522127435
3.502055182446453         0.03858174172719967
3.5085372613661234        0.038316855536093056
3.511756568219595         0.038182468640727094
3.518574578864028         0.037891652090769556
3.5415905801389718        0.036847661976613856
3.5476261680856487        0.03655799283199657
3.584328761191076         0.03464324566537636
3.589167642778319         0.0343969307980578
3.5927371017141465        0.03421337294729646
3.608292306750703         0.0332772621861237
3.61296267234665          0.03299062384471138
3.6321366594022875        0.03178685355406578
3.6592527277978144        0.030028620764688763
3.6623979204109576        0.029817701335348095
3.688144155877539         0.028036568836609724
3.7261940655305197        0.025173024439896198
3.7277624405105194        0.025050054977319425
3.7325175985953445        0.024674834397103402
3.7453692004820804        0.0236427588735102
3.7454232753135015        0.023638360825043524
3.745601425120476         0.02362386814469796
3.745715772389948         0.02361449517115958
3.7982714183118613        0.0190747875971464
3.8061620385556973        0.01837982512774631
3.8066527437472084        0.018336334234826786
3.8070305458043516        0.018302828153075705
3.809705473533331         0.018061399124411136
3.826416049774198         0.01654551545249663
3.8663843133055917        0.012866341873026314
3.8752854998283675        0.012036695027918745
3.888050653997147         0.010840371278064542
3.9020798299770103        0.009516709911480636
3.917183465588841         0.00806137604419797
3.955000819639464         0.004354323163969781
3.9698560857093           0.002903555642848698
3.988794264991065         0.001058485388705937
3.9958042543914476        3.767910226350463E-4
4.0034374221580205        -3.647304244417822E-4
4.02380811950872          -0.0023396814371648826
4.070057818733105         -0.006802263885286034
4.072195525222876         -0.007008118086530045
4.073311763546668         -0.007115646965203814
4.073569622155606         -0.007140490644042557
4.100302697528525         -0.009723816593093402
4.12637233651066          -0.012248831133095094
4.127567450497951         -0.012360755295897355
4.144187370199655         -0.013904025552604055
4.157506149153894         -0.01510281410228601
4.161466521265965         -0.015456021826931014
4.1635622777335595        -0.015642329175737567
4.177667820797292         -0.01692742266886592
4.19336996979797          -0.0183307147524226
4.220251189054903         -0.02066640174322444
4.220497476325275         -0.020687412299529723
4.221394876669307         -0.020763908975914028
4.240388924068639         -0.022361003710379645
4.244477551023329         -0.022699294737209264
4.251923596741105         -0.02331037447951986
4.279484592429952         -0.025516045516479235
4.292213089479806         -0.026515097086401818
4.2961559758419305        -0.026819026604143342
4.3205425447634855        -0.028640537462832565
4.33615767384589          -0.02975418903680179
4.347963425985944         -0.030568852023660276
4.3522337114069           -0.030857734540992943
4.368074387000844         -0.031852650652422466
4.395241199474469         -0.03346987040570862
4.413753255204405         -0.03450741863263825
4.427905612637469         -0.035265378873130124
4.443331615798584         -0.03605677028939068
4.454318407840747         -0.036579532657199626
4.512395268035637         -0.03915429665738633
4.514511381310505         -0.039234926372485775
4.514906688000929         -0.03924988587109138
4.515875754970989         -0.039286421178799706
4.51608159256296          -0.03929415653651789
4.5217993021898835        -0.03950552150899719
4.53329155154953          -0.03990987857884026
4.533738278042281         -0.039925044635854855
4.583753114190016         -0.04136175508794958
4.589280196539019         -0.04148874619542509
4.617136084836992         -0.042032505763797794
4.619998311407246         -0.04208717356714161
4.621656266410653         -0.042117969468713906
4.655774076911421         -0.04264864689655978
4.66175568501215          -0.04272575679786205
4.67715260106787          -0.04286957663124266
4.691283966030553         -0.042984375236988885
4.709981528809965         -0.04308949976249393
4.739440530449334         -0.04314703935829888
4.752658688321155         -0.043129876128734326
4.759919637382122         -0.04310911847482255
4.76440382336046          -0.04309228620720608
4.818699219509735         -0.0426453133401905
4.824172587506685         -0.04257532999382144
4.828555308733694         -0.04251600059218898
4.864077612199335         -0.04198333886082293
4.890549281195145         -0.04151699583160032
4.9003356402248786        -0.041364389243442594
4.907967296864419         -0.041240802712742136
4.920586588813139         -0.04102764186191382
4.960822456863421         -0.040136627450785445
4.976626489634564         -0.0397612013073815
4.9880442191646885        -0.03948104102794783
4.988086209935345         -0.039479996860371944
4.988095097593306         -0.03947977584156856
5.007236005064433         -0.0389932459723295
5.014739625411883         -0.03879677148864534
5.0339862820880725        -0.03827471376108125
5.059128935018278         -0.03756754819595537
5.063614962045408         -0.03744013018864351
5.074497897523968         -0.0371297179488707
5.083267526060304         -0.036878242797045976
5.097472179181109         -0.03648702935933227
5.115612803654926         -0.03597990611309096
5.122697886474613         -0.035763332239261814
5.138967031047736         -0.03526917359852055
5.1607428141291045        -0.03461477001597473
5.167604460447936         -0.03440925433683074
5.179865140127133         -0.034042853273325284
5.182753790865103         -0.033956681770673985
5.1838091158549275        -0.03392521492273078
5.1859719993219535        -0.03386074820493268
5.198658807169028         -0.033482566388119375
5.213337771809149         -0.03304457174011431
5.237888764745064         -0.032325273143927614
5.2677836134989295        -0.031436195020546086
5.268350200142091         -0.03141920451139418
5.2767297010359835        -0.031167315733307086
5.278489928050027         -0.031114258198219676
5.28472567115953          -0.030925892886451513
5.309188186769314         -0.03018405717358821
5.332194478609994         -0.02950630147122209
5.338790716781449         -0.029315540679878287
5.344415169729962         -0.02915413727407309
5.349401889329296         -0.029011999892132267
5.359170190163793         -0.028732579901086172
5.363183386371255         -0.028618141332802216
5.427976178351705         -0.026799393585846366
5.4312314084210085        -0.026709451594754543
5.435591021721615         -0.026589307610204265
5.441702800881299         -0.026421478418127666
5.4469006524738095        -0.02627929831397744
5.4671317177839445        -0.025730741914844438
5.48745582368713          -0.02518485313746901
5.493823979838216         -0.02501670534932091
5.5200316508156035        -0.024339249257403498
5.559100988063593         -0.023372770445992144
5.572686494743015         -0.023048884603027626
5.603436486505724         -0.022326164774629606
5.6086782821245285        -0.022204676593349057
5.626100284558795         -0.021804508490797757
5.632162575348455         -0.0216665677347381
5.63471545972537          -0.02160868122046571
5.658622848881839         -0.021072379919892456
5.662651654508481         -0.02098303540455039
5.678680686481315         -0.020630515209221975
5.69378286106973          -0.020302687718774345
5.697835016099901         -0.020215437676079834
5.7008227597102605        -0.020151299049447693
5.70392343046429          -0.020085253625383697
5.705902194516037         -0.020043201931730203
5.716066024047989         -0.019828392809162324
5.72588110371721          -0.019622841132135686
5.728922226845382         -0.01955952878258207
5.743301626272285         -0.019262577981467358
5.748090480708306         -0.019164565941779267
5.750770714229195         -0.019109903023414834
5.755375755533916         -0.019016306762752788
5.771089002305256         -0.018700010967137845
5.793426549009868         -0.018262797714597774
5.798937828332768         -0.01815675960465331
5.810981999523467         -0.017927554286212684
5.830259514622785         -0.017567911651954208
5.835618885826294         -0.017469504846827397
5.842069601743409         -0.017351969640330905
5.851205640342331         -0.017187208374929736
5.865167089567215         -0.016939278518922244
5.905997412814926         -0.01622685080928025
5.911664804295413         -0.01612969987176432
5.912248678718296         -0.016119897117982805
5.918179100509916         -0.016020560407323185
5.95721012398317          -0.015377225138939037
5.972556248295847         -0.0151272711589106
5.97302874375859          -0.015119632820728254
5.974728011938559         -0.015092922110932551
5.992791124844241         -0.014811726130106454
6.0062332168579085        -0.014605714774716914
6.049684376611637         -0.013958744593188287
6.082075465838045         -0.013495291158428515
6.082671887643817         -0.013486908382927912
6.084424780960966         -0.013462302847064657
6.1203963301545805        -0.012967758170066658
6.14622790738812          -0.012625510562626069
6.163523024774903         -0.012402386709622187
6.17287136773252          -0.012283795088632515
6.1898240807282905        -0.012067082377999878
6.202007553222754         -0.011915220379067172
6.216812915318536         -0.011733455347238313
6.233718794157535         -0.011529629167296161
6.248375860351612         -0.011356131843880901
6.249416853581595         -0.01134404598850249
6.250369743044955         -0.01133299197531738
6.253012458207903         -0.011302379936325276
6.31252465033047          -0.010630468762089701
6.3153193629449875        -0.010599737125476905
6.323823911633811         -0.010506671509313332
6.33984115482882          -0.010333197919847143
6.350584476983628         -0.010218273825918103
6.365158417295087         -0.010064208740604767
6.387408669459316         -0.009833072604832562
6.406946421178767         -0.009632469259532251
6.441054081730625         -0.009293180185798123
6.4575923731707725        -0.00913299944911342
6.457713692216396         -0.009131834649742026
6.458722954953284         -0.009122150366975263
6.500871908755713         -0.008726921239178028
6.517221914530341         -0.008578448885635047
6.5376248205979985        -0.008396968030823175
6.544786827768126         -0.008333835871709019
6.5504585545501355        -0.008284083351424798
6.562756166769342         -0.00817694616268265
6.607623880480701         -0.007794620200290111
6.608856492252677         -0.007784306600262558
6.611077373959064         -0.00776574948128809
6.642622663214032         -0.007505721228245046
6.651960111645925         -0.007430103537742667
6.670767275696898         -0.007279723907678491
6.69231835896011          -0.007110787852604604
6.721522705420403         -0.006886274893902013
6.748917816412359         -0.006680290103497541
6.763248262017629         -0.006574320383930244
6.78480594447878          -0.006417212127626683
6.787724526350391         -0.006396154884410284
6.829094119718616         -0.0061031363111159155
6.835171623958794         -0.006060723142138563
6.844040243229873         -0.0059991996292672175
6.847462947814762         -0.005975572407299863
6.84898552222801          -0.005965083110269552
6.854646415776677         -0.005926164817773537
6.85649436759641          -0.0059134877839439985
6.8588857457165755        -0.005897210333596555
6.865409231932064         -0.005852930598273857
6.883054286625358         -0.005734068601221167
6.889017387080151         -0.005694078236903145
6.912306686974951         -0.0055395027999298975
6.93169512539234          -0.005412773204900887
6.940749350408694         -0.005354200111078435
6.96124498266557          -0.005222888545847088
6.980622762603447         -0.005100373893426726
7.000026789959374         -0.004979285733752378
7.031404988338314         -0.0047868463734721325
7.049250415852402         -0.004679260994369873
7.05797580458313          -0.004627148531436077
7.058436975518213         -0.004624393851277148
7.067422983980344         -0.004570885221673815
7.067821240104463         -0.0045685210879133015
7.067962636478885         -0.004567685415035829
7.099747097544324         -0.004381435164406049
7.119736136096079         -0.004265935876037588
7.134276293874977         -0.004182712795258375
7.1365362998743285        -0.004169837148901503
7.158353142013509         -0.00404637129703834
7.181353910185019         -0.003917831233335486
7.191804788780992         -0.003859871109283138
7.194080562386777         -0.003847294806676635
7.200521888712862         -0.003811786286432973
7.2194684734417525        -0.00370801665480776
7.242031357310661         -0.0035858141414452306
7.253295762709333         -0.003525501715859111
7.263850880472932         -0.0034692631602222
7.264105514027224         -0.0034679097518407046
7.293106748380291         -0.0033147820612807128
7.299252965737858         -0.0032825888246872975
7.3005394718621295        -0.00327586170797715
7.32501887718644          -0.00314861567994779
7.33886747334533          -0.0030772775866748548
7.340074060425268         -0.0030710664191053575
7.345482730492487         -0.0030432641183513556
7.353950774834013         -0.002999867008853978
7.365981731719047         -0.0029386283647422663
7.3677827878230655        -0.0029294868195969084
7.402479572122891         -0.0027546990041330956
7.4188507887540505        -0.0026730999489830024
7.426210692651732         -0.002636598202892006
7.441313173492725         -0.0025619768739127786
7.455024319787936         -0.0024946167115091063
7.455104386125369         -0.002494224441859176
7.455222092768677         -0.002493647783535781
7.4556015680302865        -0.002491788875395164
7.467890198573976         -0.002431743776930023
7.478688542283719         -0.002379224513789469
7.490407924977947         -0.0023225256096112636
7.491175266333359         -0.0023188228232762695
7.512608399566786         -0.0022156530450964476
7.526406373136121         -0.0021495759368820237
7.539203601950412         -0.0020885295716486594
7.547010267396262         -0.0020514022014527806
7.560050412056446         -0.0019895754822743246
7.572443997836642         -0.0019310664843633584
7.584380795012244         -0.0018749226594251375
7.6030677199206815        -0.0017874413749414631
7.624369534698616         -0.0016883308706934425
7.627734416481691         -0.0016727348045318634
7.646536231186751         -0.0015856189692429069
7.650584951597474         -0.0015669169779541571
7.666948087379953         -0.0014915384703331432
7.690942977465238         -0.0013816175740166267
7.690967405224283         -0.001381505938777583
7.691566914441593         -0.0013787663435833345
7.71901900281579          -0.0012536702900319853
7.722686530187632         -0.0012370100385669053
7.730094194536057         -0.0012033972586944204
7.735522276782166         -0.0011787988667032265
7.748530960686106         -0.0011199573384748582
7.757300368441124         -0.001080378555483797
7.761435573489346         -0.0010617396539073312
7.782130486170969         -9.687273072439234E-4
7.794954297495253         -9.112876838974039E-4
7.804831206455408         -8.670866033645639E-4
7.836586951392292         -7.252032217361006E-4
7.857164404122305         -6.334511188783815E-4
7.901130998214141         -4.379030708610199E-4
7.91302895204112          -3.8510062498323057E-4
7.918975802270645         -3.587272798991581E-4
7.929337715146351         -3.12731747112504E-4
7.948787801041678         -2.264927976822935E-4
7.961735312661543         -1.6913872383319222E-4
8                         -1.2055991168712194E-18
