0                         0
0.0015036127589484484     6.980101955525979E-6
0.005320828701134047      2.47045452009589E-5
0.042040675973943384      1.9554901548181575E-4
0.05563840703474851       2.5893345186656205E-4
0.06047558342930578       2.814969656007887E-4
0.0720460877843253        3.3550180852214814E-4
0.08699599404415653       4.0534882504817185E-4
0.10012632541268875       4.667587858203917E-4
0.12677363569318512       5.915713946190732E-4
0.13709404969357278       6.400166190578847E-4
0.14961585087302695       6.98849164041364E-4
0.16950542118878092       7.924196518100943E-4
0.19081445466289368       8.928329888692763E-4
0.19328121219448385       9.044687305052899E-4
0.2226872414439018        0.001043567675748149
0.2253216110556256        0.0010560711239682246
0.2566769542035143        0.0012054241652128957
0.2577053560933308        0.0012103393117095793
0.29041299012905647       0.0013672129494219317
0.29690608401059965       0.0013984824125468933
0.3150999680123988        0.001486324740076866
0.32186611185902925       0.0015190768066948685
0.3654602831741896        0.0017311935960395636
0.3684905569655741        0.0017460085547014504
0.3761272597959332        0.0017835357187312286
0.38498268506887534       0.0018271483363059818
0.39543649129455155       0.001878766413178055
0.40472095823516574       0.0019246168615418
0.4208894218843116        0.0020048183163859246
0.4378082767224885        0.0020892249487976695
0.4467842057704136        0.002134205572530759
0.45107117809914105       0.002155737715998843
0.4596066766272311        0.0021987033240654396
0.48147492190635194       0.002309403649968331
0.4983121807650148        0.0023951906552437236
0.5239822558223616        0.002527040833757531
0.54081289939153          0.002614230711538319
0.5724303967033675        0.0027796117356587587
0.5950260188738548        0.002899072902564
0.6172984335176723        0.003017861906731261
0.6657346312955248        0.003280463687191835
0.6787354991273375        0.003352105962772802
0.6790508883930177        0.0033538498023709283
0.6812636905824191        0.003366092562752646
0.6851885603558202        0.003387841300659286
0.6857513770853536        0.003390963542455565
0.6885487648318269        0.0034064952526172
0.6916957209771782        0.0034239939576846978
0.6925774235492412        0.0034289016390862946
0.7352004527054853        0.003668736074591848
0.7609785032975093        0.003816247431926474
0.7630581763594791        0.0038282289531841405
0.766634427215982         0.0038489042690205326
0.7973077527672312        0.004027983538094453
0.79815797239608          0.004032991951443127
0.8084652145928358        0.004093935240149236
0.8199302853191485        0.0041621300153146835
0.8204937913605858        0.004165492789996269
0.8296236443363783        0.004220119846293972
0.8614701174946462        0.004412400855485802
0.8714022174179754        0.004473281131072813
0.880620623640985         0.004530175038650039
0.8874628022668013        0.004572645129853349
0.8908108143297423        0.004593501623420289
0.8977528008381189        0.004636938524834033
0.9020567601977387        0.004663970504743329
0.9263895443835694        0.004818259993753884
0.9519913139421672        0.0049832781344273476
0.9693853551984377        0.005096961862869731
0.9759227588481335        0.0051400171824691815
0.9861427339591273        0.005207685229529331
1.0038911683481722        0.005326024414551197
1.053266486291592         0.005663891683964507
1.0578220323964929        0.005695744089650804
1.0628625893518968        0.005731121909205788
1.0668761717654192        0.005759392605384272
1.0705041839355034        0.005784902254552892
1.0732044252112554        0.0058039465123306
1.0752773531237243        0.0058186000659368265
1.1536465320923102        0.0063922421667789026
1.1545522801133452        0.006399085363053928
1.1738935157945771        0.006546377766161524
1.1982397917488368        0.006734946309762883
1.2051786080438078        0.006789334367829025
1.2402990592210976        0.00706900580796269
1.2423164096903476        0.007085398932835281
1.2502035620642737        0.007149764950773175
1.2801814727926883        0.007398399294338772
1.3005465415741935        0.007570907966856365
1.300954257554374         0.007574376229687804
1.313571635780947         0.007682464816428764
1.365632181667445         0.00814398000007393
1.3657317231944477        0.008144885400167128
1.369286204858082         0.008177271374094585
1.3751217199320398        0.008230674552375729
1.3811528178744288        0.008286173229231756
1.3834520523234735        0.00830741277652728
1.3869917688507052        0.008340199741506347
1.4103077559429509        0.008558840413944828
1.432340188374533         0.008769711719203814
1.4335572693885705        0.008781481183202398
1.4343771171002095        0.008789479953405203
1.4352725640835582        0.008798223508753
1.4530665118162527        0.008973532354538979
1.468201424371966         0.009124982648947648
1.4992278112720383        0.009441382624709699
1.503012580165797         0.009480556357204191
1.5054402531939044        0.00950552952744971
1.524708803103882         0.00970655176881218
1.564876737330594         0.010141652305056072
1.5825877115335742        0.010340602520695486
1.5876570922639148        0.010398309417771978
1.603896594246506         0.010585453054809877
1.6155280678931023        0.010721632200919533
1.6460633081169158        0.011087626068134406
1.6650659431865693        0.011321599920254827
1.6726429498108926        0.011416457887456752
1.6880836448003256        0.011612107233182605
1.6955694705967126        0.011708092361217278
1.7447032319994498        0.012356448207017003
1.7629182456057517        0.012604900684910972
1.7831942720526786        0.012886613400048319
1.7856090707876955        0.012920930835456137
1.8065168637525217        0.013222810998648405
1.8231657530033571        0.01346929335817915
1.8401698736965282        0.013726612823382394
1.8453377126561978        0.013805968420464323
1.8541394028058875        0.01394223055721348
1.8579303824907358        0.014001349627213335
1.876118927841785         0.014288380567781912
1.9127964536503443        0.014886478823207788
1.9149027087416364        0.014921608664052129
1.9564625462787553        0.015632178159746647
1.9658115972786572        0.015796587198939
1.9763041191794288        0.015983101097767915
1.9856230059612197        0.016151632147230758
2.0166884870150104        0.016730232334641628
2.018122388896934         0.016757562474751558
2.01998184678265          0.01679308563268459
2.020785851873378         0.01680847402775798
2.0403049953958012        0.017187371260513288
2.05768517692388          0.017533327856902044
2.077106657330031         0.017931984283435686
2.085934608434526         0.01811685721882884
2.0989561888131334        0.018390401910343544
2.108901739615848         0.018602590123009133
2.1332085731668564        0.019133064864524076
2.1346694954283807        0.01916548572774381
2.134908052173175         0.019170785580765907
2.1411542983402025        0.019310132590429623
2.1675012733681305        0.01991041224147394
2.167549915895532         0.019911538019005495
2.1797054561318854        0.0201980956445094
2.191868901304493         0.020489452723883264
2.1919197844723763        0.020490681246299974
2.215916846475238         0.02107906561704924
2.216574795375399         0.02109545085851993
2.216623057655111         0.02109663846440454
2.218764515341303         0.02114943402600387
2.234888687067502         0.021553240861081964
2.237973695862226         0.021631764312611764
2.2403359793379707        0.021692166497020365
2.269311738724827         0.022452424783631634
2.2885172306051356        0.022976067694804675
2.303224542415779         0.023384861006991154
2.3207969014112453        0.02388207731299809
2.366221335084519         0.02521171398888026
2.37071861180799          0.02534615114193907
2.370825623546685         0.02534935649331979
2.371158159600778         0.02535931894799754
2.372646286845278         0.025403937240761718
2.3791432122964995        0.025602471098277305
2.4084388539181836        0.026522314145958674
2.420934889895745         0.026926935956237383
2.4416934447158725        0.027615308758345006
2.4432895613714227        0.027669075335912532
2.4636967971295523        0.028367055205766913
2.4711074064923526        0.028625357972167295
2.479721387836436         0.02892884668831149
2.4980502102089304        0.02958849589320298
2.5030268785797354        0.02976997945099609
2.5155545774531713        0.03023131524997956
2.519859419812337         0.030391325775750315
2.5316984828441016        0.03083529564147603
2.5439075144272167        0.03129979296766718
2.5658083211120126        0.03214378755982097
2.5691505559968215        0.03227380408627312
2.5787240779633995        0.0326480070176651
2.600432932763713         0.033506337713992085
2.612501138651251         0.03401023180054422
2.6178945646038465        0.034221837822901904
2.6265278879170815        0.03457265987869305
2.627944365638372         0.03463068748688364
2.643324491918534         0.03526924276175273
2.675543258062106         0.03666949728564283
2.6852964318890997        0.037106080762824886
2.691746715885906         0.03739805940035008
2.7249436456518605        0.03892778850594842
2.7409580289261717        0.03967396884056183
2.749694400107214         0.04008329292767192
2.770835871795471         0.041080428458457066
2.7812215256696677        0.04157368641038495
2.7948509425408914        0.04222442249892735
2.8069835787058435        0.042806959120915915
2.817305103454084         0.04331690573482355
2.826412612367754         0.043761905077691926
2.849116711783223         0.044881028308770596
2.887292206903904         0.04679424883286939
2.906029888637379         0.04774776252408796
2.9068015478347324        0.047787234281661935
2.907355063594395         0.04781471102704932
2.9120853847087176        0.04804900670194548
2.916216326144228         0.04825285409123037
2.925103718345497         0.04868901136363571
2.9267523416091477        0.04876955818624633
2.9464570725431973        0.04972352936503327
2.953555790062319         0.050063248006241776
2.9806044602309365        0.05133850542589446
2.9815718524914607        0.05138371652740785
2.983356035273069         0.051467006942632246
3.014092536607077         0.0528788390026179
3.0183522493303636        0.053071789488437236
3.0408185967373096        0.054078512746423425
3.045931593301701         0.05430506160738234
3.052820193543373         0.05460878030894195
3.0938656247482097        0.05638267429875927
3.107918111358344         0.05692621982924398
3.1085400604709092        0.056949397134799566
3.1274590418895194        0.057632742603895844
3.1325913857035914        0.057810881217157335
3.1427289264098235        0.05815366670869039
3.1801132717327016        0.05934455695059672
3.196730791931594         0.05981950891145733
3.202910235600002         0.059987585502209784
3.2047382295687967        0.060036418255978115
3.2066843371550533        0.06008728120356417
3.2432483205027807        0.060886030113908016
3.2683566995323945        0.06126141089435637
3.307679617419199         0.06151972383117686
3.310055543503078         0.06152244359328138
3.310707575391555         0.06152293315935477
3.31145726558304          0.061523359351935245
3.3308645243717314        0.06148350499266633
3.333980800878577         0.06149025495046623
3.33900442832791          0.06149469901399145
3.349893177611322         0.06147705567845445
3.3592365436011886        0.061432157919470515
3.3726672333626913        0.06131946841406102
3.3818847452321643        0.061209265914553286
3.387606414252284         0.06112740295119365
3.3931856156297244        0.060999182138968135
3.4056105451851186        0.060689232855951514
3.4276508646982204        0.06005656310417089
3.435210499825577         0.0598151554644512
3.4409778679832206        0.05962259785134623
3.4522339578685703        0.05922588493138804
3.4647765965290884        0.05875126928765754
3.4835191950065165        0.05797808723278949
3.496968842789189         0.05735314427575945
3.497302831377423         0.05733708026095743
3.5056617837100594        0.0569264314622438
3.5303812463440774        0.055603894547223844
3.530654583457417         0.055588032635883515
3.564623165337075         0.05300870208144874
3.6019035338234198        0.050528453897749695
3.6049025219268884        0.05030645041155622
3.6059986403666073        0.050224473593285406
3.6208238298424966        0.04892949312320666
3.657531955261976         0.04543846816780831
3.6626267448947267        0.04491785716701674
3.6793474599574587        0.043165594038952274
3.6818977220991247        0.04289245492987777
3.691328922983088         0.04186882679610061
3.7070559054439216        0.040114523180883634
3.7369193915117824        0.036620381525438866
3.7417819087761943        0.03603123919663429
3.7595542630430017        0.0337931177609903
3.762458080596459         0.033424963528932365
3.7696984666946443        0.032503987056002416
3.7981298670476065        0.028845817224324794
3.803972877590488         0.02808578347738968
3.805963108877433         0.027828351859979745
3.8091894879321355        0.027409801090171836
3.81474773685697          0.02668518425541203
3.864694568539099         0.019971712879963268
3.8648497852699593        0.019950283164462082
3.864852827187195         0.019949843830048067
3.8950292626099667        0.015586370535406926
3.903125357062092         0.014413921039155888
3.903861776451314         0.014307238184708294
3.9119307365884746        0.01313790761974122
3.9182886685705083        0.012216011934416775
3.9188742403052768        0.012131081285768754
3.933667451196504         0.009984195331254535
3.9730183911910557        0.004131084029531651
3.9857035438455974        0.0021904013865105816
3.99346898125409          9.923275897943359E-4
4.016377421053264         -0.0025738922075331985
4.02625518642305          -0.004072935408495308
4.037313744576606         -0.0057432845039126264
4.055859527613245         -0.008354296963949771
4.060207216664207         -0.009003735850521898
4.095718097536409         -0.014229521895460522
4.104451648726805         -0.015493274032604101
4.11067983931078          -0.01638931878882066
4.121784648859133         -0.017976259907638507
4.143474877411389         -0.021036379265794727
4.163928130558385         -0.023874070409320394
4.165500151008315         -0.024090248483586207
4.183362081054058         -0.026527255997879494
4.183408885008272         -0.026532943345704142
4.18356393458293          -0.026553365086432742
4.1836122393587125        -0.026559709574809985
4.226154220551464         -0.031954956761759926
4.262219127795233         -0.036373383599212356
4.26456843687054          -0.03665063539201906
4.266490808672284         -0.03687654078403272
4.27277386502007          -0.037608849136396415
4.276433276266122         -0.03803110289789583
4.283024059442466         -0.038794635133531055
4.285431278142413         -0.03907104837971909
4.289977755340857         -0.039589516171266874
4.325342561167239         -0.04346215887072731
4.325904894880459         -0.04352144359416464
4.327448537569852         -0.04368381490488133
4.344452982540631         -0.045400980580978176
4.351115717781002         -0.046056008416162586
4.355632672467932         -0.04649438048758084
4.378715293834089         -0.048662654356274045
4.406853655510918         -0.05122709059988727
4.409541875801908         -0.05143385540071085
4.437954570343292         -0.053298955198964035
4.461825853524759         -0.05484304489840751
4.468027448982021         -0.05521765010091962
4.47920781581905          -0.05586530116652258
4.5043722069865435        -0.05719267278541765
4.523917976850331         -0.05809913389799644
4.536821480469794         -0.05863788046949252
4.54565094151951          -0.058979181329280844
4.578438214572916         -0.060052110236731564
4.586010100175905         -0.06025634162602875
4.610015750687192         -0.06079580114808469
4.612094067219967         -0.06083477985511392
4.643739833207486         -0.06146996408210354
4.657764382972864         -0.06156612912793186
4.678315126346763         -0.06163901002536022
4.697908566724686         -0.061633184032064664
4.710955166431715         -0.061553875829167354
4.743879472281169         -0.061191466103284145
4.760070802275733         -0.060927984158601275
4.768973534255581         -0.06075915853707739
4.776848955095671         -0.060595648039985586
4.787996100870523         -0.06034147607111785
4.789913456646453         -0.06029507190352898
4.831267975560304         -0.05910235270206286
4.8424433564362115        -0.05871710341524012
4.8425977180279665        -0.05871145078756511
4.843939906558145         -0.05866419647138996
4.877018632411264         -0.057458891243778634
4.915643732869382         -0.05592494582408428
4.934525902006248         -0.055125451016674064
4.935745843649463         -0.05507267665324285
4.937066057493211         -0.05501541131308299
4.9888368502573615        -0.05265472315578015
4.9913202998744515        -0.05253983352887374
5.005889850771136         -0.05186277789850445
5.00611124707009          -0.051852449448245436
5.008698600940463         -0.051731656889593976
5.062097406055688         -0.049202145024442014
5.067547010789678         -0.048930863989779284
5.113940393183753         -0.04662195949943226
5.1226483220149595        -0.04618869439758058
5.139091280004853         -0.04537066658844316
5.158826650473584         -0.04438900807215319
5.189800383010027         -0.04286439996871681
5.209459313090601         -0.04191572027930215
5.231861244799989         -0.04085264250312526
5.240264625216887         -0.04045879951608938
5.248621172080567         -0.04006982265882834
5.277485306047103         -0.03877573419560614
5.295327711699604         -0.03793109721145434
5.296769881360881         -0.037863862637785635
5.3530762081608785        -0.035414724885650936
5.35652705468478          -0.035268609714610176
5.361850766582705         -0.03504409674439604
5.374637246154693         -0.034509337102563
5.378184405766327         -0.03436210650484242
5.425677039768678         -0.03243769316266466
5.446423418965198         -0.031624404051515856
5.467577602906394         -0.030812257959865676
5.476311935201912         -0.030481976717579393
5.523490308982588         -0.02877936261675666
5.525376438340245         -0.028713538863273633
5.526081744998464         -0.028689086126923082
5.554165296068927         -0.02772994040078483
5.55709315938346          -0.027631572776445863
5.565089361797408         -0.02736449055287622
5.584783866818354         -0.026716453299085386
5.597254657337005         -0.026313303190392146
5.601200519434157         -0.026186904996384423
5.604121230432328         -0.026093705283103546
5.604802285254571         -0.0260720168616995
5.608692947036603         -0.02594843644936053
5.613100479133953         -0.025809520357477248
5.631072598118969         -0.02525304782656673
5.644823175609666         -0.024844642503975056
5.656861475637806         -0.02448856408009968
5.661597568283966         -0.024349826651714333
5.67613542044562          -0.023928723099971475
5.693702196649565         -0.02342964981986656
5.701195133983697         -0.023220030332831362
5.708067171817609         -0.0230294923263491
5.711845163559667         -0.022925439153113698
5.716790297914328         -0.022789988484613402
5.71709747742389          -0.022781602595631133
5.742335715321151         -0.0221037853286693
5.750589748306323         -0.021886901472348032
5.753344720315463         -0.021815037351153168
5.780285564193728         -0.02113075501447287
5.7823928342057265        -0.021077998070952227
5.81178894405057          -0.02035859053087772
5.81754308778848          -0.02022138336723069
5.846926119216065         -0.019539191228463537
5.850531796278119         -0.01945760240430601
5.852856328162594         -0.01940503681397228
5.853693041529372         -0.019386152408512502
5.906240047760098         -0.018238927588294315
5.933192737004722         -0.017680084478385504
5.946977788969993         -0.017402019106960168
5.95940363508481          -0.01715586976647336
6.000529779516098         -0.016371604489018064
6.014533382003488         -0.01611316668635353
6.032463181935264         -0.015788503698590157
6.075185751528799         -0.015043116152978929
6.088557520628082         -0.014817982483868578
6.090517452427541         -0.014785299667996164
6.11013914068151          -0.01446624874011894
6.131111803398545         -0.01413164959115579
6.164098616781491         -0.013625791059289212
6.189498420922197         -0.013247747186402141
6.198256674662173         -0.01311970481521358
6.198638891728189         -0.013114143958340456
6.2264316972056735        -0.012715842433102085
6.226687470034959         -0.012712232396154469
6.232623617080623         -0.012628756764967821
6.260108774858921         -0.012248981633884154
6.268378744356773         -0.012137413158129315
6.277446326585769         -0.012016520549345008
6.278717374339145         -0.011999694493452612
6.315043820111677         -0.011531285187555551
6.341473134694008         -0.011205647096638661
6.3544590482542285        -0.011047122383222205
6.359148675609394         -0.010990482934710744
6.36175112080407          -0.010959012907377762
6.376875452315005         -0.010777969291389926
6.401464867762135         -0.010491037934701198
6.4062679674528775        -0.01043590052626667
6.40843856692163          -0.010411080542784126
6.412604877232637         -0.010363881820714209
6.450573726537735         -0.009942106496667234
6.463152026970336         -0.009805703770975773
6.471925461039346         -0.009711541123342111
6.50197603047326          -0.009395114617509654
6.5109834594589895        -0.009302106814510058
6.519366234295735         -0.009216315937046138
6.533550802569429         -0.00907295047222796
6.537676343756785         -0.009031662798007045
6.542388378032788         -0.008984731498679007
6.5582172256019255        -0.008828841778825777
6.559718839311102         -0.00881419436657796
6.585171559498545         -0.008569638679900795
6.602490683163249         -0.008407275442959185
6.6075478712481015        -0.00836048113649889
6.608142441700049         -0.00835495261439229
6.6447962777968685        -0.00801973597195317
6.659399965168368         -0.007891115786531492
6.663918391873863         -0.007851572456633846
6.685570212822446         -0.007662478318057622
6.698263556375312         -0.007553063522250785
6.715732670110961         -0.007404467586633653
6.716380249583304         -0.007399003344351702
6.772213721757337         -0.006939765353149746
6.774739598536279         -0.00691954507927006
6.783324599932076         -0.006851179402532286
6.819531412616231         -0.0065689611391073184
6.835688466335948         -0.006446210838327387
6.8512156406972435        -0.006330099578343939
6.862104853643508         -0.006248819710726021
6.8637618239959535        -0.006236513131494825
6.88655138615181          -0.006068898859912244
6.902864457337699         -0.005951174924553002
6.906010788549374         -0.005928622473614979
6.936990351347871         -0.005709210334373198
6.937800744671732         -0.0057035351922192935
6.939205016450561         -0.005693708930840242
6.981591067570354         -0.005401760076473225
6.989050103191651         -0.005351313504573702
7.0047614196111025        -0.005245966275106694
7.007025044141591         -0.0052308844678248725
7.016311266972525         -0.005169291371086505
7.047683991886984         -0.004963468004475936
7.0587670250581285        -0.004892096837309285
7.063081693215874         -0.004864495014959151
7.08796493478902          -0.004706664976708674
7.101393572698921         -0.004622486379188741
7.101947249172189         -0.0046190304139568
7.109912104253242         -0.004569444734561849
7.117272782713508         -0.0045238361124166305
7.154380542118225         -0.004297062601506553
7.169641454327446         -0.004205328179254836
7.193730098782664         -0.0040623422621311085
7.200380818947752         -0.004023255716802145
7.216167488846555         -0.003931154193328652
7.237335659482702         -0.003809152211027176
7.247833279922735         -0.003748910416134331
7.26149775940296          -0.003670959294738527
7.277251409936012         -0.003581741563137286
7.294927267883105         -0.003482712244196893
7.298623582648698         -0.0034621196066274684
7.31908965186322          -0.0033488268857912347
7.330548051076105         -0.003285934649508393
7.337287265376142         -0.003249124949759837
7.347008199727558         -0.0031962640679963107
7.352715155283212         -0.003165427396128668
7.368711985303349         -0.003079353562689262
7.381116294848772         -0.003012977886197483
7.39926315675109          -0.00291645275624399
7.409603307400376         -0.0028617600210120524
7.4325083432214685        -0.0027414024585816037
7.439860412344407         -0.0027030023693323806
7.451518113774622         -0.002642345284523865
7.478674047531905         -0.002502149010871171
7.487589956819228         -0.002456455297722655
7.498850851836278         -0.002398969262315886
7.505252779339916         -0.002366407180188347
7.508137978185897         -0.0023517063649892136
7.513117312254946         -0.0023265548368417294
7.532365841620786         -0.0022294629263505286
7.563498859046416         -0.0020735803109628325
7.566943669536981         -0.002056415288185218
7.600373728756583         -0.0018907892369969515
7.610817460609418         -0.0018394003935169939
7.616959388553523         -0.0018092573854429162
7.625303950107976         -0.0017683977113340668
7.625464002534888         -0.0017676150550216187
7.625588812099491         -0.0017670047637331338
7.62605164350474          -0.0017647418299817327
7.645060453709235         -0.001672087215073
7.683984335532794         -0.0014841009292405358
7.7069988018238895        -0.0013735225264502138
7.7072115274808715        -0.0013725032757821594
7.72836779371003          -0.0012714137917427585
7.743736898887068         -0.0011983144335542932
7.743888281480627         -0.0011975958331873421
7.759005806241158         -0.0011259731002738697
7.7591371716583035        -0.0011253520977399763
7.776001665986267         -0.0010457024400447909
7.793244457492015         -9.644173583634607E-4
7.797064175763526         -9.464313288833849E-4
7.798037944368455         -9.418473139453619E-4
7.820650569507398         -8.355355610385263E-4
7.831622740545536         -7.840453956867887E-4
7.835122545285898         -7.676345498693791E-4
7.841378608761632         -7.383150969691775E-4
7.846798310024154         -7.129319208312665E-4
7.852565540498811         -6.859164614900714E-4
7.876759174757118         -5.727969809267777E-4
7.912590930497316         -4.056901844831437E-4
7.917290335112789         -3.838227729137171E-4
7.930752946240848         -3.2121346410089177E-4
7.955994757628271         -2.039648551901826E-4
7.9578585531938835        -1.9531479332441276E-4
7.958645167556393         -1.9166433845870407E-4
7.959315029520866         -1.8855583939874054E-4
7.965170279287767         -1.6139003154890452E-4
7.966829142206855         -1.5369543095187127E-4
7.968092514109683         -1.4783584038106993E-4
7.972839853539188         -1.2582153270766658E-4
8                         1.896717662719308E-18
