0                         0
0.0015036127589484484     9.30680260736855E-6
0.005320828701134047      3.2939393601280594E-5
0.042040675973943384      2.6073202064243715E-4
0.05563840703474851       3.4524460248877076E-4
0.06047558342930578       3.7532928746774154E-4
0.0720460877843253        4.4733574469622524E-4
0.08699599404415653       5.404651000642626E-4
0.10012632541268875       6.223450477605608E-4
0.12677363569318512       7.887618594921463E-4
0.13709404969357278       8.533554920772323E-4
0.14961585087302695       9.317988853885429E-4
0.16950542118878092       0.0010565595357468578
0.19081445466289368       0.0011904439851591086
0.19328121219448385       0.0012059583073404617
0.2226872414439018        0.0013914235676642844
0.2253216110556256        0.0014080948319577199
0.2566769542035143        0.0016072322202839602
0.2577053560933308        0.001613785748946205
0.29041299012905647       0.0018229505992293543
0.29690608401059965       0.0018646432167293053
0.3150999680123988        0.0019817663201026096
0.32186611185902925       0.0020254357422599496
0.3654602831741896        0.0023082581280528935
0.3684905569655741        0.002328011406268744
0.3761272597959332        0.002378047624975118
0.38498268506887534       0.002436197781741459
0.39543649129455155       0.0025050218842375613
0.40472095823516574       0.002566155815389225
0.4208894218843116        0.002673091088514731
0.4378082767224885        0.002785633265063731
0.4467842057704136        0.0028456074300411867
0.45107117809914105       0.002874316954665301
0.4596066766272311        0.002931604432087433
0.48147492190635194       0.0030792048666246304
0.4983121807650148        0.0031935875403251613
0.5239822558223616        0.0033693877783435816
0.54081289939153          0.0034856409487179726
0.5724303967033675        0.003706148980878572
0.5950260188738548        0.003865430536752237
0.6172984335176723        0.004023815875641927
0.6657346312955248        0.0043739515829227145
0.6787354991273375        0.004469474617030675
0.6790508883930177        0.004471799736494844
0.6812636905824191        0.004488123417003801
0.6851885603558202        0.004517121734212656
0.6857513770853536        0.004521284723274362
0.6885487648318269        0.004541993670156542
0.6916957209771782        0.004565325276913208
0.6925774235492412        0.004571868852115336
0.7352004527054853        0.004891648099456095
0.7609785032975093        0.005088329909235607
0.7630581763594791        0.005104305270912494
0.766634427215982         0.005131872358694355
0.7973077527672312        0.005370644717459598
0.79815797239608          0.005377322601924495
0.8084652145928358        0.005458580320199313
0.8199302853191485        0.0055495066870865795
0.8204937913605858        0.005553990386662028
0.8296236443363783        0.0056268264617256375
0.8614701174946462        0.0058832011406480915
0.8714022174179754        0.005964374841430778
0.880620623640985         0.0060402333848670825
0.8874628022668013        0.006096860173138168
0.8908108143297423        0.006124668831227422
0.8977528008381189        0.006182584699779082
0.9020567601977387        0.006218627339658148
0.9263895443835694        0.0064243466583389
0.9519913139421672        0.00664437084590353
0.9693853551984377        0.006795949150493383
0.9759227588481335        0.006853356243292652
0.9861427339591273        0.006943580306039524
1.0038911683481722        0.0071013658860686855
1.053266486291592         0.007551855578619794
1.0578220323964929        0.007594325452868191
1.0628625893518968        0.007641495878941504
1.0668761717654192        0.007679190140512819
1.0705041839355034        0.0077132030060709815
1.0732044252112554        0.007738595349774594
1.0752773531237243        0.007758133421249563
1.1536465320923102        0.00852298955570571
1.1545522801133452        0.008532113817405745
1.1738935157945771        0.008728503688215886
1.1982397917488368        0.008979928413017712
1.2051786080438078        0.00905244582377257
1.2402990592210976        0.009425341077284146
1.2423164096903476        0.009447198577114266
1.2502035620642737        0.009533019934364796
1.2801814727926883        0.009864532392452276
1.3005465415741935        0.01009454395580908
1.300954257554374         0.010099168306251
1.313571635780947         0.01024328642190562
1.365632181667445         0.010858640000099212
1.3657317231944477        0.010859847200223474
1.369286204858082         0.01090302849879342
1.3751217199320398        0.010974232736501612
1.3811528178744288        0.011048230972309652
1.3834520523234735        0.011076550368703687
1.3869917688507052        0.01112026632200911
1.4103077559429509        0.011411787218593771
1.432340188374533         0.011692948958939095
1.4335572693885705        0.011708641577603877
1.4343771171002095        0.01171930660454095
1.4352725640835582        0.011730964678338012
1.4530665118162527        0.011964709806052664
1.468201424371966         0.0121666435319309
1.4992278112720383        0.012588510166280325
1.503012580165797         0.012640741809606316
1.5054402531939044        0.012674039369933672
1.524708803103882         0.012942069025083646
1.564876737330594         0.01352220307340887
1.5825877115335742        0.013787470027594768
1.5876570922639148        0.013864412557030099
1.603896594246506         0.01411393740641397
1.6155280678931023        0.014295509601226858
1.6460633081169158        0.014783501424180046
1.6650659431865693        0.015095466560340626
1.6726429498108926        0.015221943849943194
1.6880836448003256        0.015482809644244347
1.6955694705967126        0.015610789814957251
1.7447032319994498        0.016475264276023596
1.7629182456057517        0.016806534246548908
1.7831942720526786        0.017182151200065388
1.7856090707876955        0.017227907780609147
1.8065168637525217        0.017630414664865524
1.8231657530033571        0.01795905781090653
1.8401698736965282        0.01830215043117754
1.8453377126561978        0.018407957893953452
1.8541394028058875        0.018589640742952336
1.8579303824907358        0.018668466169618807
1.876118927841785         0.01905117409037693
1.9127964536503443        0.019848638430944806
1.9149027087416364        0.01989547821873726
1.9564625462787553        0.02084290421299666
1.9658115972786572        0.021062116265253145
1.9763041191794288        0.021310801463691714
1.9856230059612197        0.02153550952964218
2.0166884870150104        0.022306976446190036
2.018122388896934         0.022343416633003283
2.01998184678265          0.02239078084358066
2.020785851873378         0.022411298703678507
2.0403049953958012        0.022916495014018944
2.05768517692388          0.023377770475870644
2.077106657330031         0.02390931237791552
2.085934608434526         0.024155809625106408
2.0989561888131334        0.024520535880459354
2.108901739615848         0.024803453497346823
2.1332085731668564        0.025510753152700114
2.1346694954283807        0.02555398097032643
2.134908052173175         0.025561047441022562
2.1411542983402025        0.025746843453907518
2.1675012733681305        0.026547216321966643
2.167549915895532         0.02654871735867539
2.1797054561318854        0.026930794192680615
2.191868901304493         0.02731927029851245
2.1919197844723763        0.027320908328401394
2.215916846475238         0.028105420822733783
2.216574795375399         0.028127267811361375
2.216623057655111         0.028128851285874182
2.218764515341303         0.028199245368006637
2.234888687067502         0.028737654481444108
2.237973695862226         0.02884235241681718
2.2403359793379707        0.02892288866269532
2.269311738724827         0.02993656637817706
2.2885172306051356        0.030634756926407804
2.303224542415779         0.03117981467598981
2.3207969014112453        0.03184276975066576
2.366221335084519         0.03361561865184205
2.37071861180799          0.0337948681892538
2.370825623546685         0.03379914199109477
2.371158159600778         0.03381242526399843
2.372646286845278         0.03387191632101734
2.3791432122964995        0.03413662813103814
2.4084388539181836        0.035363085527946675
2.420934889895745         0.035902581274984975
2.4416934447158725        0.03682041167779517
2.4432895613714227        0.03689210044788521
2.4636967971295523        0.037822740274357766
2.4711074064923526        0.038167143962891614
2.479721387836436         0.03857179558441722
2.4980502102089304        0.039451327857605925
2.5030268785797354        0.03969330593466341
2.5155545774531713        0.040308420333308066
2.519859419812337         0.040521767701002416
2.5316984828441016        0.04111372752197007
2.5439075144272167        0.041733057290224945
2.5658083211120126        0.04285838341309671
2.5691505559968215        0.04303173878169959
2.5787240779633995        0.04353067602355557
2.600432932763713         0.044675116951991604
2.612501138651251         0.04534697573406116
2.6178945646038465        0.04562911709720475
2.6265278879170815        0.04609687983825962
2.627944365638372         0.046174249982513745
2.643324491918534         0.047025657015672566
2.675543258062106         0.048892663047526104
2.6852964318890997        0.04947477435043556
2.691746715885906         0.04986407920046917
2.7249436456518605        0.0519037180079337
2.7409580289261717        0.05289862512075162
2.749694400107214         0.053444390570231766
2.770835871795471         0.05477390461127868
2.7812215256696677        0.055431581880515876
2.7948509425408914        0.056299229998572446
2.8069835787058435        0.05707594549455725
2.817305103454084         0.05775587431310079
2.826412612367754         0.05834920677025865
2.849116711783223         0.059841371078363605
2.887292206903904         0.062392331777162115
2.906029888637379         0.06366368336545361
2.9068015478347324        0.06371631237555223
2.907355063594395         0.06375294803606875
2.9120853847087176        0.06406534226926362
2.916216326144228         0.06433713878831017
2.925103718345497         0.06491868181818398
2.9267523416091477        0.06502607758166482
2.9464570725431973        0.06629803915338078
2.953555790062319         0.06675099734165882
2.9806044602309365        0.06845134056786245
2.9815718524914607        0.06851162203654698
2.983356035273069         0.06862267592351286
3.014092536607077         0.07050511867016049
3.0183522493303636        0.07076238598458627
3.0408185967373096        0.07210468366190126
3.045931593301701         0.07240674880984649
3.052820193543373         0.07281170707859266
3.0938656247482097        0.07517689906501587
3.107918111358344         0.07590162643899553
3.1085400604709092        0.07593252951306965
3.1274590418895194        0.07684365680519809
3.1325913857035914        0.0770811749562134
3.1427289264098235        0.07753822227825752
3.1801132717327016        0.07912607593413273
3.196730791931594         0.07975934521528028
3.202910235600002         0.07998344733628356
3.2047382295687967        0.08004855767464132
3.2066843371550533        0.0801163749380894
3.2432483205027807        0.08118137348521459
3.2683566995323945        0.0816818811924791
3.307679617419199         0.08202629844157316
3.310055543503078         0.08202992479104587
3.310707575391555         0.08203057754581036
3.31145726558304          0.08203114580258436
3.3308645243717314        0.08197800665689252
3.333980800878577         0.08198700660062569
3.33900442832791          0.08199293201865933
3.349893177611322         0.0819694075712767
3.3592365436011886        0.08190954389263148
3.3726672333626913        0.08175929121875217
3.3818847452321643        0.08161235455274188
3.387606414252284         0.08150320393492906
3.3931856156297244        0.0813322428519617
3.4056105451851186        0.08091897714127289
3.4276508646982204        0.08007541747223205
3.435210499825577         0.0797535406192725
3.4409778679832206        0.07949679713513255
3.4522339578685703        0.07896784657518827
3.4647765965290884        0.07833502571688096
3.4835191950065165        0.07730411631039025
3.496968842789189         0.07647085903435018
3.497302831377423         0.07644944034794751
3.5056617837100594        0.07590190861632931
3.5303812463440774        0.07413852606296939
3.530654583457417         0.07411737684784897
3.564623165337075         0.07067826944193595
3.6019035338234198        0.06737127186367052
3.6049025219268884        0.06707526721541257
3.6059986403666073        0.06696596479105148
3.6208238298424966        0.06523932416427979
3.657531955261976         0.060584624223748655
3.6626267448947267        0.05989047622269324
3.6793474599574587        0.05755412538527391
3.6818977220991247        0.057189939906507906
3.691328922983088         0.05582510239480501
3.7070559054439216        0.05348603090784904
3.7369193915117824        0.04882717536725598
3.7417819087761943        0.04804165226218321
3.7595542630430017        0.04505749034799118
3.762458080596459         0.044566618038580606
3.7696984666946443        0.04333864940800732
3.7981298670476065        0.03846108963243711
3.803972877590488         0.037447711303190294
3.805963108877433         0.0371044691466437
3.8091894879321355        0.03654640145356649
3.81474773685697          0.035580245673886735
3.864694568539099         0.02662895050662162
3.8648497852699593        0.026600377552620038
3.864852827187195         0.026599791773401354
3.8950292626099667        0.020781827380546448
3.903125357062092         0.01921856138554505
3.903861776451314         0.01907631757961492
3.9119307365884746        0.017517210159658805
3.9182886685705083        0.016288015912559534
3.9188742403052768        0.01617477504769551
3.933667451196504         0.013312260441676521
3.9730183911910557        0.005508112039379269
3.9857035438455974        0.0029205351820178194
3.99346898125409          0.0013231034530628092
4.016377421053264         -0.0034318562767072834
4.02625518642305          -0.005430580544656782
4.037313744576606         -0.007657712671879898
4.055859527613245         -0.011139062618596127
4.060207216664207         -0.012004981134025632
4.095718097536409         -0.01897269586061053
4.104451648726805         -0.020657698710135324
4.11067983931078          -0.021852425051757413
4.121784648859133         -0.023968346543514568
4.143474877411389         -0.0280485056877229
4.163928130558385         -0.0318320938790905
4.165500151008315         -0.03212033131144492
4.183362081054058         -0.035369674663836004
4.183408885008272         -0.035377257794268854
4.18356393458293          -0.035404486781906996
4.1836122393587125        -0.03541294609974332
4.226154220551464         -0.042606609015676644
4.262219127795233         -0.048497844798946615
4.26456843687054          -0.04886751385602222
4.266490808672284         -0.04916872104537377
4.27277386502007          -0.05014513218185872
4.276433276266122         -0.050708137197191264
4.283024059442466         -0.05172618017803825
4.285431278142413         -0.05209473117295563
4.289977755340857         -0.052786021561686026
4.325342561167239         -0.057949545160966655
4.325904894880459         -0.058028591458883096
4.327448537569852         -0.05824508653983869
4.344452982540631         -0.06053464077463452
4.351115717781002         -0.06140801122154708
4.355632672467932         -0.06199250731677144
4.378715293834089         -0.06488353914169576
4.406853655510918         -0.06830278746651343
4.409541875801908         -0.06857847386761154
4.437954570343292         -0.07106527359861586
4.461825853524759         -0.07312405986454057
4.468027448982021         -0.07362353346789002
4.47920781581905          -0.07448706822202734
4.5043722069865435        -0.0762568970472208
4.523917976850331         -0.07746551186399257
4.536821480469794         -0.07818384062598735
4.54565094151951          -0.07863890843903847
4.578438214572916         -0.08006948031563949
4.586010100175905         -0.08034178883470243
4.610015750687192         -0.08106106819744371
4.612094067219967         -0.08111303980681604
4.643739833207486         -0.08195995210946894
4.657764382972864         -0.08208817217057336
4.678315126346763         -0.08218534670047789
4.697908566724686         -0.08217757870941718
4.710955166431715         -0.08207183443888745
4.743879472281169         -0.08158862147104323
4.760070802275733         -0.08123731221146609
4.768973534255581         -0.08101221138276761
4.776848955095671         -0.08079419738664523
4.787996100870523         -0.08045530142815495
4.789913456646453         -0.08039342920470309
4.831267975560304         -0.0788031369360817
4.8424433564362115        -0.07828947122031805
4.8425977180279665        -0.07828193438341804
4.843939906558145         -0.07821892862851784
4.877018632411264         -0.07661185499170282
4.915643732869382         -0.07456659443211039
4.934525902006248         -0.0735006013555635
4.935745843649463         -0.0734302355376552
4.937066057493211         -0.07335388175077538
4.9888368502573615        -0.07020629754103837
4.9913202998744515        -0.0700531113718298
5.005889850771136         -0.06915037053133748
5.00611124707009          -0.06913659926432544
5.008698600940463         -0.06897554251945684
5.062097406055688         -0.06560286003258765
5.067547010789678         -0.06524115198637066
5.113940393183753         -0.06216261266590806
5.1226483220149595        -0.06158492586343916
5.139091280004853         -0.060494222117922616
5.158826650473584         -0.059185344096202686
5.189800383010027         -0.0571525332916209
5.209459313090601         -0.05588762703906805
5.231861244799989         -0.05447019000416556
5.240264625216887         -0.05394506602145108
5.248621172080567         -0.053426430211769696
5.277485306047103         -0.05170097892747346
5.295327711699604         -0.05057479628193775
5.296769881360881         -0.0504851501837128
5.3530762081608785        -0.04721963318086661
5.35652705468478          -0.04702481295281228
5.361850766582705         -0.0467254623258601
5.374637246154693         -0.046012449470082734
5.378184405766327         -0.04581614200645529
5.425677039768678         -0.043250257550218336
5.446423418965198         -0.04216587206868662
5.467577602906394         -0.041083010613153066
5.476311935201912         -0.040642635623438034
5.523490308982588         -0.03837248348900777
5.525376438340245         -0.03828471848436373
5.526081744998464         -0.03825211483589634
5.554165296068927         -0.03697325386771204
5.55709315938346          -0.036842097035260084
5.565089361797408         -0.036485987403833894
5.584783866818354         -0.0356219377321128
5.597254657337005         -0.03508440425385517
5.601200519434157         -0.03491587332851154
5.604121230432328         -0.03479160704413704
5.604802285254571         -0.03476268914893165
5.608692947036603         -0.034597915265813024
5.613100479133953         -0.034412693809968656
5.631072598118969         -0.03367073043542132
5.644823175609666         -0.033126190005299094
5.656861475637806         -0.03265141877346528
5.661597568283966         -0.03246643553561815
5.67613542044562          -0.03190496413329435
5.693702196649565         -0.031239533093154484
5.701195133983697         -0.030960040443774223
5.708067171817609         -0.030705989768464552
5.711845163559667         -0.03056725220415067
5.716790297914328         -0.030386651312816957
5.71709747742389          -0.030375470127507256
5.742335715321151         -0.029471713771558168
5.750589748306323         -0.02918253529646316
5.753344720315463         -0.029086716468203346
5.780285564193728         -0.0281743400192963
5.7823928342057265        -0.02810399742793544
5.81178894405057          -0.027144787374502787
5.81754308778848          -0.026961844489640084
5.846926119216065         -0.02605225497128391
5.850531796278119         -0.025943469872407206
5.852856328162594         -0.025873382418628892
5.853693041529372         -0.025848203211349195
5.906240047760098         -0.02431857011772498
5.933192737004722         -0.023573445971179913
5.946977788969993         -0.02320269214261281
5.95940363508481          -0.022874493021963746
6.000529779516098         -0.021828805985356706
6.014533382003488         -0.021484222248470675
6.032463181935264         -0.021051338264786192
6.075185751528799         -0.020057488203971248
6.088557520628082         -0.01975730997849079
6.090517452427541         -0.019713732890660907
6.11013914068151          -0.019288331653491288
6.131111803398545         -0.018842199454873764
6.164098616781491         -0.01816772141238501
6.189498420922197         -0.017663662915202265
6.198256674662173         -0.017492939753617518
6.198638891728189         -0.017485525277786684
6.2264316972056735        -0.01695445657746887
6.226687470034959         -0.016949643194872053
6.232623617080623         -0.016838342353289848
6.260108774858921         -0.01633197551184498
6.268378744356773         -0.016183217544171867
6.277446326585769         -0.016022027399126126
6.278717374339145         -0.015999592657936268
6.315043820111677         -0.015375046916740206
6.341473134694008         -0.014940862795517698
6.3544590482542285        -0.014729496510962429
6.359148675609394         -0.01465397724628048
6.36175112080407          -0.014612017209836509
6.376875452315005         -0.014370625721852735
6.401464867762135         -0.013988050579601109
6.4062679674528775        -0.01391453403502174
6.40843856692163          -0.013881440723711686
6.412604877232637         -0.013818509094285128
6.450573726537735         -0.013256141995555849
6.463152026970336         -0.013074271694633903
6.471925461039346         -0.012948721497789025
6.50197603047326          -0.012526819490012426
6.5109834594589895        -0.01240280908601297
6.519366234295735         -0.012288421249394412
6.533550802569429         -0.012097267296303513
6.537676343756785         -0.012042217064008964
6.542388378032788         -0.01197964199823825
6.5582172256019255        -0.011771789038433947
6.559718839311102         -0.01175225915543686
6.585171559498545         -0.01142618490653398
6.602490683163249         -0.011209700590611845
6.6075478712481015        -0.011147308181998123
6.608142441700049         -0.01113993681918932
6.6447962777968685        -0.010692981295937177
6.659399965168368         -0.010521487715374943
6.663918391873863         -0.010468763275511418
6.685570212822446         -0.010216637757409795
6.698263556375312         -0.010070751363000684
6.715732670110961         -0.009872623448844512
6.716380249583304         -0.009865337792468579
6.772213721757337         -0.009253020470865991
6.774739598536279         -0.009226060105693074
6.783324599932076         -0.009134905870042712
6.819531412616231         -0.008758614852142767
6.835688466335948         -0.008594947784436197
6.8512156406972435        -0.008440132771124938
6.862104853643508         -0.00833175961430105
6.8637618239959535        -0.008315350841992794
6.88655138615181          -0.008091865146549358
6.902864457337699         -0.007934899899403708
6.906010788549374         -0.00790482996481968
6.936990351347871         -0.007612280445830645
6.937800744671732         -0.0076047135896254395
6.939205016450561         -0.007591611907786705
6.981591067570354         -0.007202346768630694
6.989050103191651         -0.007135084672764666
7.0047614196111025        -0.006994621700141993
7.007025044141591         -0.006974512623766233
7.016311266972525         -0.006892388494781746
7.047683991886984         -0.006617957339300996
7.0587670250581285        -0.006522795783078798
7.063081693215874         -0.006485993353278621
7.08796493478902          -0.006275553302277994
7.101393572698921         -0.00616331517225142
7.101947249172189         -0.006158707218608833
7.109912104253242         -0.006092592979415567
7.117272782713508         -0.006031781483221944
7.154380542118225         -0.005729416802008518
7.169641454327446         -0.005607104239006233
7.193730098782664         -0.0054164563495079365
7.200380818947752         -0.005364340955735988
7.216167488846555         -0.0052415389244380006
7.237335659482702         -0.005078869614702704
7.247833279922735         -0.004998547221512248
7.26149775940296          -0.004894612392984513
7.277251409936012         -0.004775655417516196
7.294927267883105         -0.004643616325595677
7.298623582648698         -0.004616159475503111
7.31908965186322          -0.004465102514388138
7.330548051076105         -0.004381246199344352
7.337287265376142         -0.0043321665996796125
7.347008199727558         -0.004261685423994914
7.352715155283212         -0.004220569861504726
7.368711985303349         -0.004105804750252189
7.381116294848772         -0.004017303848263152
7.39926315675109          -0.003888603674991834
7.409603307400376         -0.00381568002801592
7.4325083432214685        -0.0036552032781086608
7.439860412344407         -0.0036040031591096995
7.451518113774622         -0.003523127046031682
7.478674047531905         -0.00333619868116143
7.487589956819228         -0.0032752737302967445
7.498850851836278         -0.003198625683087722
7.505252779339916         -0.003155209573584339
7.508137978185897         -0.0031356084866521615
7.513117312254946         -0.003102073115788851
7.532365841620786         -0.002972617235133921
7.563498859046416         -0.0027647737479503352
7.566943669536981         -0.002741887050913516
7.600373728756583         -0.0025210523159958356
7.610817460609418         -0.0024525338580225617
7.616959388553523         -0.0024123431805904596
7.625303950107976         -0.002357863615111996
7.625464002534888         -0.0023568200733620655
7.625588812099491         -0.0023560063516440853
7.62605164350474          -0.0023529891066422174
7.645060453709235         -0.002229449620097246
7.683984335532794         -0.0019788012389873027
7.7069988018238895        -0.0018313633686002123
7.7072115274808715        -0.0018300043677094732
7.72836779371003          -0.001695218388990277
7.743736898887068         -0.0015977525780723268
7.743888281480627         -0.001596794444249726
7.759005806241158         -0.001501297467031766
7.7591371716583035        -0.0015004694636532416
7.776001665986267         -0.001394269920059665
7.793244457492015         -0.0012858898111512294
7.797064175763526         -0.0012619084385111293
7.798037944368455         -0.0012557964185937653
7.820650569507398         -0.00111404741471799
7.831622740545536         -0.0010453938609156761
7.835122545285898         -0.0010235127331591307
7.841378608761632         -9.84420129292197E-4
7.846798310024154         -9.5057589444165E-4
7.852565540498811         -9.145552819867248E-4
7.876759174757118         -7.637293079023396E-4
7.912590930497316         -5.409202459775032E-4
7.917290335112789         -5.117636972182689E-4
7.930752946240848         -4.282846188011719E-4
7.955994757628271         -2.7195314025356605E-4
7.9578585531938835        -2.604197244325399E-4
7.958645167556393         -2.5555245127826187E-4
7.959315029520866         -2.5140778586497735E-4
7.965170279287767         -2.1518670873186413E-4
7.966829142206855         -2.0492724126915346E-4
7.968092514109683         -1.9711445384141873E-4
7.972839853539188         -1.6776204361021544E-4
8                         2.528956883625644E-18
