0                         0
0.016889578630481485      2.1689891454742478E-4
0.024872545037944567      3.1949557150628E-4
0.04799775550383259       6.171042796949289E-4
0.05101353683708146       6.559433076982672E-4
0.05211261209144339       6.700994358228476E-4
0.05468095331489389       7.031830573928158E-4
0.055972384947084126      7.198201438506221E-4
0.05760265811901556       7.40824080427992E-4
0.0592467323421425        7.62007709131712E-4
0.06836352420550708       8.795104154625031E-4
0.10447844846506431       0.0013455529043654118
0.11316222129165816       0.001457748158555336
0.12052246454707563       0.0015528845917973356
0.12578838740504888       0.0016209736936186627
0.1425010904492392        0.001837235437797461
0.1572499122807019        0.0020281600570145443
0.17869212494813025       0.002306758043042668
0.188998471244687         0.002441005227204539
0.2038868941104665        0.0026345293204284624
0.20946228071385278       0.002707111246103802
0.21751332984280705       0.0028120291612207748
0.24419640918622468       0.003160656963430249
0.25475145461893          0.0032989477366251892
0.2673239177254565        0.0034639543807406118
0.2850417822209217        0.0036970156511361455
0.29939434712776086       0.0038862591580074777
0.3052760944135115        0.003963928236784132
0.32518555473706046       0.0042273361360775944
0.3471654022346824        0.004518653941303449
0.36881455494827436       0.004807646157075842
0.3823565250522837        0.004988920853888441
0.38922423159565506       0.00508108341546555
0.3933858751388397        0.005137006899766827
0.3989275288987184        0.005211563156262011
0.41058888489381906       0.005368612663107843
0.4117925833276057        0.005384846421444522
0.4206040759606858        0.005503813867875389
0.43531110198520373       0.005702891396560354
0.4436370841951418        0.0058158776740621886
0.4719563525692904        0.006201715944035073
0.47321278011453466       0.0062188900721933974
0.47455120327968975       0.0062371900950271295
0.4749538012213996        0.006242695773697653
0.47536145686610526       0.0062482711029524275
0.4764793656961088        0.006263562758689665
0.47853971871051576       0.006291746362237778
0.47939419687986407       0.006303440026579932
0.4802913316434839        0.00631572076095748
0.48191427897969896       0.006337945637400499
0.4881340695241907        0.006423223039284146
0.5276184530391674        0.006968401168305044
0.5391052197855942        0.007128240575148359
0.5521355466657041        0.007310233494683949
0.5614183867346634        0.007440128132990138
0.5775749553646803        0.007667551489434977
0.5813751685176259        0.007721200668111581
0.6103316799438964        0.008131949722793397
0.6291204111796972        0.008400320304824162
0.6341296996190878        0.008472117026585157
0.6357114950858614        0.00849482049182004
0.6470451604345113        0.008657456394376444
0.6472728088314655        0.008660730575320845
0.6477332049871403        0.008667353178547135
0.6527011648461015        0.008738891718576473
0.6767222544944854        0.009086787495582765
0.688504059922182         0.0092586129935709
0.7144100714034302        0.009639180823016394
0.7216443676321331        0.009746131603711999
0.7337589030226549        0.00992589263502114
0.742948460541326         0.010062804000722248
0.7704055498038305        0.010474715291894391
0.7813061462255743        0.010639426035981954
0.7891389698723876        0.010758680311825308
0.791700692636701         0.010797773889884111
0.7942946355910203        0.010837330499366544
0.8317677726731578        0.011412976185593761
0.8359876114554957        0.011478378956503138
0.8374052434476015        0.011500374803407033
0.850999083161556         0.011711911955391952
0.8563338518972758        0.01179523264903643
0.8594430406532719        0.011843872587343018
0.8787910450037011        0.012147863908260512
0.8945882587523138        0.012397743057613445
0.9029333026999227        0.012530352893160644
0.9149823648872439        0.012722564973022352
0.9215944785519063        0.01282841710526082
0.9275765611378828        0.012924896449646995
0.9348966324196128        0.013043267169015993
0.9403033335980345        0.01313091797991578
0.9513312213749218        0.013310277871540353
0.9743505645087369        0.013686774992200132
0.9799604562457708        0.013779291151601517
0.9913698547647426        0.013968479483363702
0.9983596977891072        0.014084967514527123
1.0474635797740475        0.014915804752523807
1.0578446343688133        0.015094255591033032
1.0661592052798818        0.015237889189879304
1.070108054293057         0.015306325118190732
1.0965285210939215        0.015767667526643606
1.1279776540637252        0.01632466203948585
1.1302431489715987        0.016365115332662144
1.1313215404026815        0.0163843869248657
1.1614153460549594        0.016926226872596747
1.1822775982271159        0.017306434063547933
1.1839795639952553        0.017337617304617484
1.195584592528619         0.017551387489979173
1.197671479667431         0.017590061140591525
1.2037148462861609        0.017702338352412687
1.2341456768482852        0.018274095658106317
1.2574048739537989        0.01871830243829306
1.2781211849190552        0.019118652398495844
1.2791069235445716        0.019137814887398755
1.296019250735391         0.019468181202187154
1.3070680493380435        0.019685637219178237
1.308077176047037         0.0197055623919046
1.3717074615648441        0.020983617060535035
1.3725902219629418        0.021001648004143045
1.372833321620743         0.021006621049945228
1.4040944847965418        0.021654339384227117
1.4048109751618159        0.02166937586553758
1.4240202192286064        0.02207505585177166
1.4393555675087835        0.022402487603618244
1.4450218553234253        0.022524271728406535
1.4478754599181536        0.022585767138700544
1.4573182246211844        0.022790040766811136
1.4610883054101937        0.0228719334266387
1.464540318624267         0.02294708486209744
1.4697946556785004        0.02306178127870329
1.4909399446744913        0.02352711591096055
1.492320539323519         0.0235577072785755
1.4982051686972548        0.02368838721553356
1.5156271748622978        0.02407680801660723
1.5543699816299716        0.02495951865182
1.5549830284915684        0.024973704872813914
1.5552558037305177        0.02498001922246804
1.5750846219999755        0.0254407358400105
1.5942214154196952        0.02589008735168693
1.59539134073676          0.02591770858132339
1.5956268146906663        0.02592327007109895
1.5959386656860168        0.025930639155049125
1.6088062885172534        0.02623586343264887
1.6127351715951734        0.026329509421905137
1.6200285722054013        0.02650390968627163
1.634064773283785         0.026841592935058854
1.644798790091634         0.02710392018051725
1.656000152795289         0.027378956259994144
1.687961541971509         0.02817065777939684
1.7015632505391847        0.028512854640187327
1.724005402832912         0.029084347697428316
1.7537125804458518        0.029854031989333403
1.7550343384231415        0.029888626544753674
1.765982961052061         0.030176329842555166
1.786359034874559         0.03071719644344884
1.7867611965924           0.030727942629318848
1.7914246613759233        0.03085275640561573
1.8213306312383084        0.031666629647831304
1.8371936747364805        0.032105782719438286
1.8670312536038076        0.03293698595170504
1.8725895420956487        0.03309384017054451
1.8731095890566767        0.033108548185336754
1.8748642825778012        0.033158215438046285
1.8777799541887916        0.03324088398149049
1.8899788464182323        0.033588648450913555
1.8900235557235092        0.033589928620837976
1.8902974326426412        0.033597771483085084
1.9257560820424175        0.03462590974533592
1.9312715807639727        0.034788056224086775
1.9586868698314504        0.03559926626231481
1.9779764029104803        0.036175136921447956
1.989720581676457         0.03653285528385554
1.9905146588906382        0.036557093411242504
1.9913774000227895        0.03658343475711026
2.0346101273150854        0.03792162311362034
2.0492562990688206        0.03838204943228281
2.0518436927005355        0.03846376086393555
2.059271876808728         0.038698968831896656
2.0737035424364887        0.039158572230480464
2.081271967054164         0.039400993807043795
2.0814772319260118        0.039407523861494514
2.111478989854028         0.04037324186035164
2.1396016320471887        0.04129732004568373
2.1452865495850597        0.04148585732345364
2.1475993513823153        0.0415627273737459
2.171937994572945         0.042377528681100896
2.1835965439906038        0.0427716235044583
2.1904770553192088        0.043005359004525824
2.1923430554822487        0.043068895791673556
2.1993342215823435        0.04330750279605133
2.211174764581623         0.04371363359563766
2.229752396266992         0.044348686414809775
2.246861950359766         0.044941949883807106
2.267305789161304         0.045661383255282996
2.2731442256448           0.04586857608432979
2.279559532345846         0.04609703924473094
2.2861922881693455        0.046334125348286556
2.2914472344444734        0.046520497750967726
2.303398312798887         0.046945382704966496
2.3243644478864813        0.04769421772147278
2.333736897865525         0.04803038799281607
2.335962707292981         0.04811035206683996
2.3491894707179446        0.04858655537141529
2.379272239214902         0.04967474620319673
2.389572227425221         0.05004795975270605
2.3988901798518203        0.050386006678073636
2.418427770737543         0.05109247601096337
2.4208628454003946        0.051180554679472814
2.4478316207346493        0.05215644682261877
2.45770957392042          0.05251407826386621
2.4593593965240688        0.0525764277419202
2.4655349299738587        0.0528097038695119
2.4737503798664084        0.05311977374783848
2.481168712727313         0.053392017216897514
2.508152609993642         0.054375329295380755
2.5372422018011425        0.05542313954168326
2.5430585017273724        0.05563621392267376
2.54515368528518          0.05571293611060911
2.548748671816299         0.055844538166852746
2.554044077338216         0.05603829453063821
2.5612515327656107        0.0563018336601878
2.5684497062335745        0.05656482830838985
2.577385151126047         0.05689101130757262
2.593191150273741         0.05746722627258262
2.610239034304864         0.058076671589730684
2.633644757508738         0.058899139436665235
2.660850263864458         0.05983438736121719
2.6609004745109566        0.05983609284382273
2.675076875368827         0.060314578017518286
2.698054248797255         0.061077254891547306
2.698121964610486         0.06107947904098572
2.721499804158539         0.06183907519337846
2.728609798748172         0.06206682859491558
2.7525063321727345        0.06282114045547312
2.784485640343162         0.06382398108612919
2.7908459649287023        0.06402149252910007
2.7983733962018777        0.06424449402397805
2.802687496526448         0.06436660216213756
2.8044364729864193        0.06441570482547658
2.8141067587901847        0.06470139342601114
2.8393866919999677        0.06539967219771656
2.855257021117336         0.06581738310301596
2.8569705876368165        0.06586153151413371
2.871726046414528         0.0662340053216274
2.8801307826032065        0.06644000996753993
2.8933453809940155        0.06675487030373797
2.909684542627583         0.06712890466660816
2.9208748732064453        0.06737532820337114
2.9339099951474314        0.06764587738755674
2.940779917596992         0.06778026944072835
2.9670129200062796        0.06824140216621752
2.983035750748763         0.06848247719303226
2.997310211506703         0.06867132599132005
3.016558733541086         0.06888730637808838
3.0389400371024062        0.06907429923651431
3.0503759299449555        0.0691510507787863
3.072528466669128         0.06926356726186635
3.0781595796704684        0.06928661528699659
3.088502186100489         0.06931978643573468
3.0982632004264716        0.06934021119837695
3.1037171085645108        0.06934702211216276
3.1095907966925456        0.06935066788801661
3.113268735542919         0.06935299419051005
3.1641343992411777        0.06914327720897838
3.1668588382023657        0.06911931499201565
3.1693787764622394        0.06909599920475552
3.169393075761578         0.06909586611092672
3.169408981550053         0.06909571801679923
3.1810229392329537        0.06897421498030096
3.2177786528166266        0.06841371374757564
3.2323970024712767        0.06811646005830142
3.2684940694440296        0.06723327114556624
3.2749746310614016        0.06705611376572278
3.3240918539735542        0.06542368688153614
3.3273651966532443        0.0652982016297933
3.329730754416051         0.06520621821761802
3.3394553165111374        0.06481663851115962
3.352802132914515         0.06425196947726122
3.3538679564703733        0.0642061316136269
3.354915029328494         0.06415931230279005
3.40861018666908          0.06151200165481881
3.441030215966662         0.05964326720400028
3.447295213840512         0.05925867571859894
3.4789596897340536        0.05719858049423013
3.4916602708718836        0.056329451464156015
3.510585842734421         0.05494672472311268
3.5259642025944826        0.05374594699005332
3.5271393760412377        0.053651941963222594
3.556639987432569         0.051219602813853876
3.5568633090151542        0.05120065795465893
3.557362233431828         0.051158304229252924
3.5953888106043417        0.047812838420013604
3.610377537396504         0.04643050213096239
3.613584230249008         0.0461300894268474
3.6240355313749593        0.04513954205995458
3.684278623501562         0.03908860323329775
3.685769254233091         0.038931507675101
3.6947908721985234        0.03797313239235647
3.7154265260751957        0.03573194849996193
3.7424939288086825        0.03266826239689683
3.7803063566617023        0.028194608644829554
3.788929952545537         0.027204516766448653
3.797250001813339         0.026195558649998646
3.8095814398354104        0.024681852682012978
3.838421882945757         0.021103520413656197
3.843643433235303         0.0204499555705075
3.8521021820869583        0.01939730983614378
3.8757783112495283        0.01640585535810216
3.8844164792116693        0.015297889779053612
3.885791617612535         0.01512069308140354
3.895865572839525         0.013815754795846241
3.9139441538372512        0.01144376906658914
3.931156270739354         0.009149470129590737
3.932336464895413         0.008990869121857535
3.933172231934813         0.008878288539509152
3.9421155173247437        0.007673997776418632
3.979683259084089         0.0026231546703572185
3.981105136373922         0.0024332711090733223
3.983863350926411         0.002065158449158521
3.983932971287077         0.002055870827730643
3.9874958926470567        0.001580822940328686
4.025902075550827         -0.0035076059980050723
4.028697250344123         -0.003875630052555464
4.051205393054602         -0.006827728600856204
4.051464392429408         -0.0068615799752969235
4.074425812633864         -0.009851965277562751
4.07651955389247          -0.01011757803208788
4.080016507132553         -0.010581763946777937
4.098041082510888         -0.012934706684316727
4.1039426139739605        -0.013700552302725285
4.117721756930166         -0.015479951654286271
4.118552792929849         -0.015586878456062717
4.119189295256199         -0.015668745151359836
4.140748373486154         -0.01842626293493919
4.15573571986346          -0.02032559119318834
4.1617711046275065        -0.0210763905286996
4.192904920568633         -0.02490963053752632
4.195658730379076         -0.025245474519251677
4.1972525312810784        -0.02543961002863829
4.216727711307857         -0.027797706110599042
4.242207466769047         -0.030843460291028087
4.2536689326738655        -0.03218989734694667
4.254547741216664         -0.03229244940197314
4.261953149960039         -0.03315273817244089
4.296849558065552         -0.037099818099566244
4.305209475772253         -0.0380162024134049
4.317373871816868         -0.03932946466123616
4.337861407129569         -0.0414872843725379
4.347218829809643         -0.042450295772208185
4.372204294545686         -0.04484685308237546
4.391160420338877         -0.04660841413020499
4.413511300955015         -0.0486226273675267
4.433329272509944         -0.050351720182725775
4.464698782665451         -0.0529794183450962
4.465084014211052         -0.053011984949102954
4.466671065810333         -0.05314362664256004
4.5150190416527805        -0.056859138953850086
4.523042118351554         -0.05742047746339426
4.555231270864496         -0.0595145386951666
4.5922675792944005        -0.06161083927779127
4.594339864912461         -0.061718236274489226
4.594502368135753         -0.06172682119783243
4.595934510183201         -0.06180225197622248
4.625920809646448         -0.06328748297824703
4.634518573729591         -0.06368018321981928
4.6496337757343955        -0.06433474864311503
4.665236633086463         -0.0649625376200565
4.684929550253499         -0.06564202433406616
4.703202429339491         -0.066286523886798
4.707224778301649         -0.06641583507272761
4.709978524321432         -0.06650270813149115
4.741047225056242         -0.06738964625444163
4.757296585084466         -0.06778533728293495
4.762807974130046         -0.06790890976372826
4.779992171818266         -0.06825961358145435
4.800394618056046         -0.06856404669813222
4.815288730075255         -0.06874863271383977
4.839178962903505         -0.06897834253945828
4.84441547556343          -0.0690177680415842
4.852758265019089         -0.06907246602663045
4.863622436710344         -0.06912871990360021
4.867075579638604         -0.06914244071951078
4.874870480363184         -0.06919632656668794
4.911939402416178         -0.06922095274864813
4.92150726920583          -0.0691958263968885
4.925003208104095         -0.06918342338656662
4.9273265859718185        -0.0691742264925595
4.941715673515277         -0.06910030167422442
4.947459352713606         -0.06906263447464903
4.952225045387552         -0.06902784723461065
5.002625422723317         -0.06846377881763625
5.010353764094174         -0.06835705456557786
5.034762633312202         -0.06798818953667046
5.054959490336672         -0.06765478564983383
5.059882872864594         -0.06756598527563629
5.064096678380403         -0.06748842452663402
5.1061193895979           -0.066636285328515
5.108897656779598         -0.06657490876368796
5.118075426106857         -0.06636771448487794
5.146305475772822         -0.06568765285043385
5.152669459783285         -0.06552543230928665
5.163594101307057         -0.0652393129422609
5.173104802346495         -0.06498235731951767
5.188401092835998         -0.06455372849712442
5.203229402576978         -0.06412013038332831
5.228514273165238         -0.0633397109400079
5.237747107221746         -0.06304759263770755
5.244897131825923         -0.06281073291723899
5.245186771708879         -0.06280134667126208
5.272788917605169         -0.06190045019943714
5.352541489183942         -0.0592262091747227
5.35338475181295          -0.05919736773980667
5.353780727987501         -0.05918382040230714
5.415950716241079         -0.057024470685177624
5.418752486662358         -0.056923670081869285
5.444331562401063         -0.05599330355406371
5.4467809367628615        -0.055903259715531735
5.456601679064313         -0.05554055396785465
5.472644161424319         -0.05496721472546495
5.487666070189277         -0.05442802777710918
5.517729053483844         -0.05331858727939755
5.51899456134817          -0.053271966681801994
5.5418975679959415        -0.0524293712843958
5.544065044690068         -0.05234974216867272
5.544431412957357         -0.052336284380265045
5.5455795331847035        -0.05229402603749873
5.588476570058579         -0.05072104736036876
5.592077588126968         -0.05058952673089238
5.616714337810119         -0.04969189155744434
5.665937562311291         -0.04790983121586719
5.678261039546461         -0.04746605011825779
5.680856512815236         -0.0473727056404142
5.684753976232298         -0.047232445333126816
5.688486895485781         -0.04709829613899821
5.6956358292866           -0.046841904030093195
5.697260849438712         -0.046783718572549184
5.737442565797785         -0.04537771954941157
5.748524572621173         -0.04499408466411363
5.752063330227965         -0.04487184989581053
5.755198739919762         -0.04476365637544964
5.757770273047238         -0.04467499691676001
5.760822985443314         -0.04456983707043289
5.768042050994423         -0.044317714292035765
5.789331583102383         -0.04358040843058656
5.794957603095709         -0.04338711866027749
5.813793745317199         -0.04274470027888631
5.830248920828008         -0.042189439510548585
5.8441235772422635        -0.0417255693236122
5.852856787920582         -0.0414356166811055
5.875916339789889         -0.040677528624162594
5.897988987434525         -0.03994994538882131
5.91169990368122          -0.03950630085979703
5.952315622001409         -0.038211336175243416
5.971448809819256         -0.037611274101109565
5.9853220677723105        -0.03718016852359082
5.999303610043021         -0.03674909382664423
6.000185570340429         -0.03672209090415638
6.025525892117744         -0.03595337390348595
6.054167769434186         -0.03510108305530125
6.070644167241951         -0.03461877026962616
6.09285073699787          -0.03397793069588595
6.107775465524373         -0.033548541338658915
6.119233767302148         -0.033221168967504475
6.121130564716459         -0.033167199326143586
6.124929925234935         -0.033059283325440655
6.132807950351616         -0.03283631436344651
6.16085439938666          -0.032051247119266754
6.170670021416253         -0.031779708316257274
6.176372264855614         -0.03162272773183283
6.177102167797642         -0.03160267442162364
6.178847902608385         -0.031555213101538894
6.194831058659839         -0.031122061878146996
6.199092261171831         -0.03100700229867957
6.19931364142237          -0.03100102950612175
6.199510730951211         -0.03099569393177514
6.200130552970621         -0.0309789187803403
6.200471123200546         -0.030969704378282316
6.244094899944024         -0.02980672019321916
6.257793777053779         -0.02944859629397162
6.259602905811103         -0.029401553973542646
6.260531897157674         -0.029377420579657698
6.266080856994838         -0.02923359346089047
6.27973817266001          -0.028881965592570995
6.3100476370463845        -0.028113618622454026
6.320786860140154         -0.027845229293925737
6.3339884926666326        -0.027517841774250533
6.351366460832363         -0.027091157801349103
6.368133879138118         -0.02668406791887741
6.373528392406495         -0.02655405775696454
6.389077691501441         -0.02618193108602045
6.433412181153039         -0.025144599769736615
6.454546800837776         -0.024657148957936102
6.456322069397711         -0.0246164957900702
6.459359204911801         -0.02454705107141749
6.465544085477257         -0.02440604172851091
6.511909135576937         -0.02336644323116871
6.51396579549152          -0.023321043214836322
6.518666736282954         -0.023217499572228985
6.537743666960662         -0.022800562520490064
6.5468971598461385        -0.022602541469681936
6.576374216758879         -0.021972252416000836
6.576896591660943         -0.02196118463944335
6.595146689424892         -0.021580511360392875
6.595336888966441         -0.021576560285896433
6.61989311901769          -0.02106925983491729
6.65086255540161          -0.020438221243441253
6.663803157177728         -0.020177521806956703
6.688205811297765         -0.01969068948982449
6.690486013097315         -0.019645419377857385
6.713949492658479         -0.01918362109146268
6.721724796245683         -0.019032213459161704
6.722399021529639         -0.019019145740613776
6.724588921288148         -0.018976745313577043
6.769009177462985         -0.018131158145730172
6.783961954160333         -0.017852720455315798
6.785868053369484         -0.017817451299437112
6.793318092008613         -0.017678845765656936
6.79356998295812          -0.017674169499709284
6.818706587207583         -0.017210834136873732
6.853462717457065         -0.016581003710179808
6.853844780948673         -0.016574149949962872
6.864300813560084         -0.016387170248005165
6.884017368338929         -0.01603768134484039
6.884320228613202         -0.01603234026488813
6.914377443571372         -0.015506107089244488
6.921567553036852         -0.01538135154557301
6.939952199299141         -0.015064338009574223
6.952376669504048         -0.014851322326641858
6.967293829575487         -0.014597298943977953
6.987205240099041         -0.01426282374904848
6.991729779233905         -0.014187224842521275
7.01308917964022          -0.01383236375512195
7.019507591647029         -0.01372638264449559
7.023931780100523         -0.013653497440738323
7.0265157162618666        -0.013610994227118263
7.066637531129778         -0.012957199616191127
7.072550976610815         -0.012861936489181889
7.085044520136906         -0.012661635198134577
7.099725412998897         -0.012427938602170212
7.113002826995562         -0.012218139990435122
7.119314990345565         -0.012118919036684522
7.137238364225254         -0.011839016688000378
7.143050590234054         -0.011748538815744735
7.169669028563906         -0.011336573545074741
7.182400746362142         -0.011140921081240358
7.190559645652756         -0.011016014310562868
7.203149592228531         -0.010824090370914153
7.21229489069804          -0.010685307051665831
7.228226035312718         -0.010444811427279814
7.247207326800223         -0.010160598597548804
7.251324362763024         -0.010099273895086403
7.262722562273352         -0.009930090579814607
7.2937111835566375        -0.009474560235782992
7.300495838537058         -0.009375691316511255
7.30487645975446          -0.00931194440445498
7.335499995464615         -0.00886841931523694
7.336742400846428         -0.008850503284761826
7.350681325589885         -0.0086499142860162
7.35304047815439          -0.008616040409588223
7.383356374054245         -0.008182699070699441
7.383678408086447         -0.008178115268546412
7.386381949377926         -0.008139649412006882
7.393908383422385         -0.008032841749604223
7.3980007010327675        -0.00797488361065574
7.405537484461889         -0.007868356396379537
7.406093888268027         -0.00786050299613235
7.40876695764996          -0.007822816735712147
7.441135111641734         -0.007369786550174245
7.451520954237452         -0.007225721200611129
7.470548195998784         -0.006961885501172693
7.471822392999355         -0.006944265084775839
7.473424921216904         -0.006922112823090971
7.48753770252169          -0.00672743770101574
7.506376619692489         -0.006468717762394924
7.508608477708288         -0.006438154069423592
7.526838321593699         -0.006189094079436447
7.53741353045163          -0.006045172646749758
7.548169602359084         -0.005899211066495327
7.559390739753994         -0.005747391273891169
7.582453671228332         -0.005436806112693464
7.582525381327071         -0.005435842770843572
7.5957640244128966        -0.005258266905720535
7.596258598090542         -0.0052516433710484344
7.601408202804027         -0.005182840018642481
7.6392161682440465        -0.004679375736503378
7.640060515348708         -0.004668165952832964
7.672391758781838         -0.004240039743935726
7.679577702223397         -0.004145178857476827
7.696308687221135         -0.003924613154868515
7.7035596295162785        -0.0038292402480295655
7.714188629965401         -0.003689672044220154
7.733790214804891         -0.003433024477747979
7.75181696623031          -0.0031978420424747037
7.756333799295161         -0.0031390398551889047
7.780796803712825         -0.002821207968255084
7.785924651980235         -0.0027547218649278584
7.789469180606288         -0.0027087922882071754
7.7906531850178355        -0.0026934551444901503
7.794479358688396         -0.002643971030444331
7.802192096681653         -0.002544253592289987
7.8185485965418104        -0.002332922359515685
7.860086861972352         -0.0017970946095418213
7.8765418255798           -0.001585173120599733
7.901105244732968         -0.0012691841166787212
7.916154506076758         -0.001075800427873598
7.923859088607525         -9.768385927033602E-4
7.932601894268764         -8.645942763548531E-4
7.9411021747920625        -7.55517656288216E-4
7.949685583835157         -6.454283878099424E-4
7.97223423651041          -3.557816964357395E-4
8                         6.996049728524461E-18
