0                         0
0.005678447192200522      3.600290087495908E-5
0.01678771750235543       1.0649039978256016E-4
0.04658581752561256       2.958950614141108E-4
0.04920829450029778       3.1258779345828114E-4
0.07514553542325995       4.7789027290718147E-4
0.07722565180744509       4.911633671082949E-4
0.09512990788906948       6.055085101037035E-4
0.09793705367585932       6.234524032698587E-4
0.09841658900059558       6.265181354359683E-4
0.10942814196727614       6.969515142923932E-4
0.12141183988253416       7.736570018410799E-4
0.1408925723093243        8.985101260489856E-4
0.14721827824026118       9.39148169186683E-4
0.14826871450463486       9.458987841706467E-4
0.15125504437017112       9.6507977763638E-4
0.15498005408204715       9.889354752085917E-4
0.1887694763543306        0.001206380060268596
0.20540162992458855       0.0013138684862266416
0.23334420493462138       0.0014951295540913236
0.2335169190879032        0.0014962525749203342
0.23599680127793968       0.0015123808235792343
0.2638116466910535        0.0016937363794885818
0.3096511787318618        0.0019944495989186834
0.3149529990449446        0.002029377579620015
0.3206706906470686        0.0020670795301996193
0.32222166345751835       0.002077312633989385
0.3229947322680286        0.002082434324129838
0.3285164122841533        0.0021190443570667694
0.3328505288692881        0.002147815127705322
0.3457572622934886        0.0022336727618139365
0.3491539703685423        0.002256313008044043
0.3664357662157398        0.002371791357400694
0.3700851751732105        0.0023962388058005693
0.3767605306973613        0.002441005349630319
0.3989816648127807        0.0025907042306916725
0.43852196024842          0.002859659305066718
0.44583476680512313       0.0029096718186966035
0.4875506372780317        0.0031977171633633386
0.4897054819901978        0.003212723295104539
0.4952542622461502        0.003251421925740328
0.5092843832402292        0.0033496408593817555
0.5195034112654447        0.003421513034717327
0.5408890037319771        0.003572830074063537
0.5510831731482655        0.0036453932112675957
0.5586110573808507        0.003699156783906245
0.5813507089229765        0.003862278199749004
0.5995847468768758        0.003995243291747555
0.6314803014557191        0.004229055231114854
0.6558161211990678        0.004410060988142632
0.659564913987707         0.004438150242116526
0.6609473298827754        0.0044485243245017785
0.6620475368600176        0.004456785540291288
0.6654409189251561        0.004482293164302137
0.6660865175953586        0.004487150742554735
0.6696324189093743        0.004513857378310829
0.7243642539863587        0.004931823343386187
0.7245619694708202        0.004933352773610377
0.725019361930855         0.004936891477305085
0.735187527499069         0.005015753942684689
0.7727431964370522        0.005310167235816724
0.7766195787502126        0.005340841495643346
0.7843709180421832        0.005402339130768503
0.7880611259592176        0.005431879369759794
0.7970991082872345        0.005504580315370908
0.8336595977261281        0.005802482649684937
0.8507359006557424        0.00594273470592751
0.8735618447287016        0.006133122475050361
0.8875263834847753        0.006251241422816861
0.8885931257388926        0.006260315726922109
0.8908598574137584        0.0062796219714832515
0.9051505410202954        0.00640207937048608
0.9520589885224903        0.006812481031478941
0.95297606923693          0.006820625715383409
0.9729724540995048        0.0069993707250144525
0.9931561048854187        0.007182029800849064
1.0137053103628177        0.007370309165032318
1.0237630099357569        0.007463311815111982
1.0535758524864551        0.0077437505241906065
1.0660856353732557        0.007863082325023182
1.0725237273588941        0.007924877519358125
1.0820159592825724        0.008016460666494796
1.092283406789434         0.00811607873978118
1.120207635827638         0.008391467032273312
1.1224435401692965        0.008413799401247854
1.1362516532548503        0.008552641951751455
1.150412003056449         0.008696681974882908
1.1630043158739896        0.008826180159153771
1.1765808975845276        0.008967285760339977
1.1904873472271285        0.009113417554413653
1.205860468820292         0.009276843181532874
1.2069693789508367        0.009288707978738278
1.2625566977415703        0.00989836054766077
1.2698261753764506        0.009980368831265607
1.2790288468377935        0.01008436501132015
1.3035123835864284        0.010364246466247704
1.3285927912511557        0.010657816170847881
1.3601294697308821        0.011036818285034632
1.3955841332981347        0.011476023291907236
1.405238289537137         0.0115980220381
1.4227133952120226        0.01182147168838495
1.4754448907496536        0.012516181221110203
1.5121394197584777        0.01301773462919732
1.512544947938042         0.013023360617015709
1.5168339991728903        0.013082974834647454
1.5181210694600547        0.013101122730295697
1.5329151551915192        0.013311406236721026
1.5414662256528835        0.01343436486360539
1.5430750310980654        0.013457585221791139
1.5769451351570634        0.013955342743090243
1.6073463912945947        0.014416593979860753
1.6092546060012725        0.014445901220670729
1.6151602864375094        0.014536973231194354
1.6202277817751483        0.014615565185679668
1.6589358688062719        0.015227987595168007
1.6595926887778005        0.015238569590178115
1.6632786350412252        0.0152980713697424
1.6965672851175386        0.015844494409685897
1.704817486050972         0.015982438317266312
1.7093797880809387        0.016059150036434926
1.7114088886867744        0.016093366178673067
1.7119712646721659        0.016102828683366814
1.7133401503687766        0.016125891006192043
1.7193431850113465        0.016227521609311474
1.7226713185328186        0.0162842134177766
1.7255894420847397        0.01633412469713587
1.7395955273194397        0.016576331436883043
1.7503819600515627        0.016765848367021444
1.7648062934590172        0.01702334549632741
1.766557325647589         0.017054920604417607
1.7686230507167728        0.017092418709925842
1.7821224927385644        0.01733972423670103
1.8094258004843766        0.017848580749621826
1.8228044700888384        0.018102156365016997
1.8294016422728352        0.018228222770298504
1.8510072963109356        0.018645829953446713
1.8809444078368482        0.019236479129517637
1.8836222367836404        0.01928999137511366
1.8925887474258223        0.019470773063529248
1.9096187626119598        0.019819923175553502
1.9293592009066045        0.02023414048472229
1.9395201346429163        0.020452055076847553
1.9425078592290632        0.020516530886416078
1.9801097901534093        0.021343534834134262
1.9804700036504252        0.021351596524627467
1.9851717820160877        0.021457066205765957
2.009365708799242         0.0220069017740882
2.011690286959984         0.02206035842493325
2.0146837129023485        0.02212963505810664
2.019293563334778         0.022236689574447095
2.023923379934701         0.022344658236019516
2.0240023821639244        0.022346504508246347
2.0657017613610216        0.023339359225803567
2.0666450414607995        0.023362242131717927
2.0923791776601974        0.02399375246914016
2.0960053426849443        0.02408365977852134
2.0962874684956687        0.024090671838400315
2.1250832571204503        0.024819297079553795
2.1373979867011776        0.025138713154071523
2.1558840814101736        0.025626988848752835
2.1790229263246648        0.026253024453999595
2.180511814773764         0.026293873208965254
2.183236831246597         0.026369136609465493
2.185179534341244         0.02642292265805215
2.1870355793160163        0.02647441031710515
2.207698412652855         0.02705426325736866
2.270377183704719         0.028857678362890306
2.271098552323348         0.028879009918370627
2.2729010043227182        0.028932391848930733
2.2738843853256245        0.028961326056794485
2.2746734937904116        0.028984565964999005
2.2750289018501424        0.028995039376703252
2.2788438578003394        0.029107709330560904
2.291577267755345         0.029487061706051112
2.294057772526675         0.029561549324865266
2.333836742167377         0.030783051079255545
2.3378133442863684        0.030907869739609545
2.3600186918951067        0.031613906215194894
2.3758929276674476        0.03212804867186682
2.3916628034124083        0.03264657825276601
2.40157250176234          0.03297576737274714
2.4328922475711545        0.034024075954707536
2.441241588574448         0.03430789068907271
2.4440644010487436        0.03440425949404635
2.4489536572341852        0.03457167071994241
2.450114983813426         0.034611527616327534
2.4518059558285996        0.03466962540290276
2.466669729759579         0.03518354301577269
2.4865563003351463        0.03588020614434076
2.500931327759853         0.03639026197971687
2.5082661895260485        0.03665261070620776
2.521404323657684         0.0371100970423732
2.526435047340322         0.0372828607263502
2.531800128921269         0.037483611607922164
2.5479148254482977        0.03805718265096695
2.5667104584093003        0.038742642621679084
2.5800190350300163        0.039231038776691984
2.583178572775985         0.039347357745643644
2.6049590831874383        0.04015308162933234
2.6095720385078414        0.040324595629613616
2.622292377463525         0.040799120705965815
2.6510324966941092        0.04187974464976292
2.6749567039009365        0.042788268216805286
2.6778742965177513        0.04289962199866125
2.6798118068048034        0.04297264513055745
2.6923371876314404        0.04344268085649874
2.6926220136878607        0.043453328432989165
2.701350493314223         0.043778738939541775
2.701570388315733         0.043786914839323995
2.7368928990288333        0.04514033603401308
2.759315795686579         0.04598587840475164
2.7688971007213494        0.0463432220495655
2.7867538430867054        0.04700641252864507
2.798566373480945         0.047443125947605344
2.8038989486080017        0.047639751897302726
2.8278210727296624        0.0485178331819863
2.853961195581828         0.04946986732237786
2.869225456156917         0.04999725973990037
2.8760494138983796        0.05023065261634998
2.8777261677493966        0.05028777582667127
2.896063731801056         0.05091774868035813
2.915054728385493         0.05156267232103467
2.9186450657585334        0.05167370403252591
2.9377740890797406        0.05224827052784664
2.951066118522382         0.052666285965339635
2.9697069322463028        0.0532264868042374
2.9762993609042767        0.05341733174384834
3.0064645370970653        0.05427768931139401
3.0163038049026873        0.05453939299844119
3.019810981526735         0.05463042562790795
3.0427032549059545        0.055195559117167
3.063340662240911         0.05566182965294601
3.0743306564498982        0.05589341761189067
3.1132271977867227        0.05661976221113461
3.1181960575405996        0.05670206854787044
3.119792585493962         0.056725542160576216
3.1316038325922197        0.056892361135793434
3.1334142827859486        0.05691686616610617
3.141482524452685         0.05702262948090886
3.1431086782872106        0.057043265092457746
3.1546062237032086        0.05718171915489503
3.1838648420112174        0.057453886555335926
3.1980491790932652        0.05751191060739233
3.2084960634562187        0.05753310220676753
3.2405521553754615        0.05748405719085727
3.2441614367227256        0.05747167634142504
3.248656940521315         0.05745299188580028
3.250169132574835         0.05744589307626316
3.2711887800832686        0.057304795824581214
3.283972518323744         0.057180275570431975
3.3053235223786612        0.05690702363374421
3.3230468606838848        0.056650990437447604
3.3235670361075718        0.056642752718949085
3.3266700168376797        0.056592755815084175
3.3273622611890934        0.05658123881133396
3.3325842477797605        0.05648934207887099
3.3381613206108054        0.05638141181461417
3.3442702616643527        0.05625159044262514
3.3489746133924285        0.05614335361920681
3.355407951012581         0.055998172022152716
3.3702320841849196        0.055620076702748225
3.402691008005501         0.054580056980482065
3.4171494664867303        0.05402302651771544
3.4383247463138047        0.05310292353287072
3.438371513612986         0.05310084449131596
3.4486945552794372        0.052631559824303974
3.4502736093656727        0.05255795489621986
3.458316669708128         0.05217554161882308
3.4730860081357866        0.051440672560021834
3.484014214524649         0.050890041960420906
3.5157396732078428        0.04912870805334581
3.528629120350515         0.04835339908010918
3.5393690398405413        0.047684001263131943
3.56706348358063          0.04584511393985446
3.5721771162061517        0.0454853310676984
3.590541866847791         0.044135196894435194
3.6002599800205948        0.043383222218012475
3.6173130290322435        0.04200975664296369
3.6290672342035353        0.041023069291563075
3.6395880739842137        0.04011223410980315
3.6676228612795088        0.037557468750173593
3.6707563078138628        0.037285749751612536
3.6817955448308766        0.03631683291923263
3.6850282839816444        0.03602966147463063
3.687777158916957         0.035784249284254575
3.695879474938644         0.035054354191839054
3.713462397376966         0.033337612262162905
3.7157466793502714        0.0331109565626813
3.7345206856416877        0.031216540084214938
3.758120059971618         0.028755326449144067
3.7665936826680606        0.02784988827902874
3.770357092515347         0.02744407482706636
3.7894608060750423        0.025349197321945575
3.8000243173689623        0.024186830948729983
3.8134190736060956        0.022671296620719546
3.8146452006085427        0.0225302423886555
3.825349953100498         0.021293048242377547
3.830577649666709         0.020685211126132447
3.845563977000251         0.018929439335650916
3.8657138099355866        0.0165376959328135
3.8957061514916744        0.012911766358898949
3.9053880208712926        0.011724442657180291
3.9091115249389023        0.011283729148787267
3.9125773137353916        0.010873613124046472
3.912945439713808         0.010830057139373985
3.913177561404631         0.010802593457884601
3.9277512712431126        0.008999794658665163
3.9585009403482974        0.005152575354553553
3.9616831783272204        0.00475306399417604
3.9830407460140176        0.0020147669177233377
4.023760183036682         -0.0031376487487552356
4.025414678747026         -0.0033437873447241732
4.032015709202728         -0.004164499001063619
4.037964755327036         -0.0049017779144272956
4.0382369869116905        -0.004935462414313981
4.093576937854144         -0.011685202415697815
4.093590903466222         -0.011686881233242748
4.0939557696219975        -0.011730737700001546
4.09772692251613          -0.012183530350274604
4.144670215370472         -0.01772174543126377
4.150967702344932         -0.018456918198910266
4.158612165282385         -0.019346863471278695
4.178415119525959         -0.02171697222232796
4.180833534648638         -0.02199693176646281
4.182049478187921         -0.02213736651845734
4.21284645969262          -0.025621788629641203
4.21943473269688          -0.026349094736452416
4.220092488887305         -0.026421338340044394
4.226673448441813         -0.027142833777791486
4.2459448845288           -0.02912829490899091
4.255689876398393         -0.030137972548080358
4.293820436574026         -0.0339543337238989
4.3052756317971665        -0.035059045298759195
4.32069243513144          -0.03651531746932248
4.341106233664252         -0.03838977863708133
4.359293044610274         -0.04000808792535238
4.390417541919949         -0.04266467881992128
4.393583290311639         -0.04292395156314687
4.400638256744364         -0.043491117475903604
4.443794177919566         -0.04664104436807772
4.457369873339216         -0.047561983565699024
4.466461364299182         -0.04815133062723187
4.493039178466105         -0.049748185098086845
4.496785775196648         -0.04995818551452474
4.530863205473651         -0.051696909480641574
4.5322478705127285        -0.0517610312361602
4.537054863949893         -0.051979679215385065
4.575883412086122         -0.0536341995016291
4.576175409160911         -0.053645592109297736
4.582061050695232         -0.053871886272731664
4.592370752412281         -0.054249261951767165
4.6016851012618005        -0.054574366335855086
4.614169808471586         -0.054986546762730036
4.620343338933599         -0.05518038437689122
4.626552000270989         -0.055359620385293566
4.643894940199573         -0.05582704150585647
4.668215971627175         -0.05640005297945777
4.682328836910266         -0.056688405765469844
4.701016393761034         -0.0570203349199051
4.726637751798762         -0.05736486973398964
4.7424607055821415        -0.057494214114422196
4.764434762259833         -0.057580977943743124
4.769700001470487         -0.057585731893594436
4.779607494996641         -0.05757786989528194
4.783477890609855         -0.05756883631514001
4.79334867031856          -0.05753063250681131
4.80333681858172          -0.05746979686657668
4.845856526438736         -0.05714129860805527
4.862547497626798         -0.056955231083727756
4.868755104370234         -0.05687781484393698
4.89043949133802          -0.05659380917819885
4.899552121327491         -0.05645920426638567
4.908467754019993         -0.056286592235666774
4.923300730768057         -0.055984678313315155
4.943459663216576         -0.0555448449652506
4.957139222916598         -0.05522994279937351
4.982260443154738         -0.0545993817474546
5.000094509652618         -0.0541106505374679
5.010205531179842         -0.05381841152643034
5.0126659666184326        -0.05374563872549406
5.015547697697126         -0.0536618944863172
5.015595560962204         -0.05366050031111643
5.0210783648654695        -0.0535000927833233
5.022748245591267         -0.05345096112633358
5.050660500639029         -0.052610582262473816
5.060722654214516         -0.05229877609201873
5.086939602637145         -0.051464320580523755
5.088271349255166         -0.05142108229119793
5.093722332587878         -0.05124324636996648
5.10133584006377          -0.051005769594928155
5.115563875348513         -0.05055255914978424
5.120586051046668         -0.050389656588605856
5.134900747805627         -0.049880625560733464
5.180826746300562         -0.04821763865294265
5.186606528226158         -0.04800512678545405
5.187652272461738         -0.0479665996783073
5.194441209586269         -0.047715908954779486
5.213444935200193         -0.04700888084457699
5.223292393031698         -0.04663944292501333
5.233245724677503         -0.0462657508441591
5.266973776897682         -0.044994805798161897
5.285966135953254         -0.044275976396540934
5.339721867500996         -0.04222908178084441
5.342450943520636         -0.042124678850732525
5.345659005749124         -0.042001891881401854
5.348285698404379         -0.04190623800848744
5.35796348207031          -0.041553440422577914
5.36151596769801          -0.04142379051091828
5.386466699365529         -0.04050391713783693
5.391697485336781         -0.0403107828231078
5.397027032416015         -0.04011389937592748
5.407186661878199         -0.03973829673379828
5.431531901305179         -0.0388254131251624
5.441407503051168         -0.038458800889713804
5.445951715036476         -0.038290822871981434
5.487146152280238         -0.03679770487759074
5.489875812757177         -0.03670096625376712
5.5006210358634675        -0.03632281398039112
5.51333382213364          -0.035882186516388345
5.51980577437555          -0.035658467143754695
5.541880505192605         -0.03489844176418371
5.558309776984363         -0.03433584277770652
5.57303116579798          -0.03383394278888252
5.597965677191622         -0.032990501482898844
5.5980006528444335        -0.032989333553815794
5.602760448586559         -0.0328307877873447
5.616137498147616         -0.032389420174442976
5.631964443679033         -0.03187524666073447
5.632642067240723         -0.0318534267766367
5.6416426378825975        -0.03156511579188698
5.647331492739462         -0.03138433865980633
5.658512439052036         -0.031032312686066627
5.679255453364577         -0.030382159456451382
5.685277278950006         -0.03019559020554231
5.726769322140316         -0.028936671724172955
5.7296974490053           -0.028849910590122867
5.731522911005241         -0.028795950876765203
5.7337287620428885        -0.028730879444433362
5.737474681217499         -0.028620535540230037
5.741467770932703         -0.02850331773197554
5.750624796943834         -0.028236097738431797
5.795810865970909         -0.026952044145624434
5.828460842247065         -0.026054456013058197
5.858726183036811         -0.025245072647499655
5.86005465746596          -0.025210044586044228
5.861220616813502         -0.025179336174202857
5.865945305411783         -0.02505556815585251
5.905781873882498         -0.024036017087993626
5.92638813808989          -0.023532869103515194
5.952381171225305         -0.022902279022133903
5.9571462298715           -0.022788333249234873
5.983057748711802         -0.02217768934093855
6.02376116179942          -0.021249175427288394
6.026925949004966         -0.0211786881827945
6.028146468346974         -0.021151570156045154
6.055071235126691         -0.02056266105475914
6.081410433514574         -0.020003808390340508
6.097571816495121         -0.019669348665745965
6.103528000429355         -0.019546724240727297
6.135915105360676         -0.018893822499280448
6.155510466077823         -0.0185101752645701
6.160703159737092         -0.018409948502281993
6.169175339825968         -0.0182477163407098
6.182223537041666         -0.018000996511525008
6.226137087451748         -0.017188932634533107
6.231551602424082         -0.01709074950687569
6.2333211541299915        -0.017058754183693573
6.2367696417796           -0.016996740796610902
6.24664903086086          -0.016820289130684687
6.262635858675456         -0.01653854627259661
6.2907845701784515        -0.016053859448132528
6.296318905343523         -0.01596027395858179
6.318143119549551         -0.015596701117979776
6.327369781560032         -0.015445476673437486
6.354692779808374         -0.015007022302051445
6.361044612052635         -0.014906517611046891
6.37938196306244          -0.014619380073029768
6.384361342549169         -0.01454219380528152
6.4125261668248585        -0.014111885697452286
6.436069688328998         -0.01376037264384252
6.445503587954331         -0.013621435466219661
6.483208370012706         -0.01308042339523258
6.488109565063841         -0.013011776023912775
6.494949311768064         -0.012916622140802579
6.5151993266937005        -0.01263931421198203
6.541007669055608         -0.012292750491703032
6.551556672199316         -0.012153291083094521
6.566069563014407         -0.011963511424050262
6.573312539396436         -0.011869700131262467
6.6037959200007545        -0.011481464210496714
6.608969930286945         -0.011416624625970552
6.612537328794042         -0.011372097338703679
6.614099906077916         -0.01135259141971969
6.627543536972638         -0.011185861817011646
6.65964656104233          -0.0107956129734076
6.660158611568132         -0.010789478611345896
6.660713132097959         -0.010782838653101881
6.662701651496597         -0.010759110090658257
6.67749681382346          -0.010583718191770066
6.685128221988771         -0.010494046698935297
6.775262115509285         -0.009475364024329198
6.787005047309686         -0.00934832081016619
6.788282509470861         -0.009334605626209002
6.790268290784199         -0.009313318193002134
6.801825840440597         -0.0091902061512891
6.840332343461515         -0.008789687954582728
6.865711809214687         -0.008531211491971709
6.875047274986056         -0.008437309227569635
6.883032654473391         -0.008357619115585425
6.893164533310041         -0.00825713237970579
6.91569199954108          -0.008036210257832377
6.936556378415972         -0.0078346771387686
6.942370264086064         -0.007779047254373291
6.951845306265263         -0.007688950421405034
6.970328850093293         -0.007514917848795456
7.000151828946132         -0.007238926766391229
7.007998369437653         -0.007167298986844267
7.049342845006105         -0.006796670694058827
7.053872230380111         -0.006756579952153427
7.060227264245            -0.006700547954603757
7.068917056864978         -0.006624525609663633
7.072544133820814         -0.006592911789510932
7.077837234561104         -0.0065469010267880405
7.119030793246988         -0.006193860356389789
7.12597778972954          -0.006135202463531117
7.144800056515415         -0.005977732698527961
7.147914634567055         -0.005951811426200854
7.149911243450956         -0.005935214795959691
7.1558192201635755        -0.005886370161567289
7.169600705951418         -0.005773000211891201
7.181978031750266         -0.0056718607674969305
7.215123893096886         -0.005404181234137257
7.247637569770624         -0.005146087639983889
7.248274563067662         -0.005141077881330607
7.258993208602546         -0.005057060407047408
7.283253269017329         -0.004868861309903861
7.3065361942778475        -0.004690801694972656
7.30889879290906          -0.004672873459131309
7.326784031935202         -0.004537991202002197
7.337551370737535         -0.004457593316898977
7.3397148309854545        -0.004441364008973504
7.358145140552167         -0.004304086071241629
7.360056432857227         -0.0042899102441515445
7.376374406166976         -0.004169343988218628
7.376751345820146         -0.004166568726706904
7.376936614676681         -0.004165204825306171
7.387935897338213         -0.004084422105300233
7.393534342560432         -0.004043451680268097
7.394086663018398         -0.004039409901330056
7.4156287079955545        -0.003882641043408942
7.4156524768140795        -0.0038824689248691978
7.4157606946004515        -0.00388168530489833
7.415857479454453         -0.0038809845054802615
7.428071003925295         -0.0037927997396982483
7.429965060396558         -0.003779168754169815
7.456169903690059         -0.0035918090992229004
7.456341653305637         -0.003590593030991818
7.488511830850733         -0.0033639389442854115
7.507657954425538         -0.0032301087015579977
7.523772547560686         -0.0031180835718624864
7.546474521373005         -0.0029612180286329964
7.567128850363378         -0.0028195184750460503
7.591566426680844         -0.0026530873267842903
7.598094274408063         -0.0026088541092087903
7.637877345175512         -0.002341326433899693
7.66470338233595          -0.0021629143535251863
7.669077867885706         -0.0021338827605278787
7.675582683358551         -0.0020907854905254735
7.677803974805919         -0.002076096834184076
7.686602768167636         -0.00201797347314649
7.689550833849736         -0.001998520512229919
7.7230151805724745        -0.0017784414260129037
7.749055831178778         -0.0016082572741155086
7.757607181211981         -0.0015525762107129347
7.761519411080838         -0.001527135966211193
7.774675961464096         -0.0014417377126128043
7.795396124235257         -0.0013081669284772121
7.79664186037073          -0.0013001415314866107
7.798591563080097         -0.0012875821450556845
7.829083753817416         -0.0010913464856395264
7.83491193223254          -0.0010538783702990092
7.860063681944078         -8.923293918996243E-4
7.867901149273171         -8.420380898729958E-4
7.877860070345971         -7.781169710087488E-4
7.908708382137779         -5.805428347559509E-4
7.910911384721356         -5.664603830577142E-4
7.952335150137434         -3.0233652478177907E-4
7.981290046314906         -1.1847485237614107E-4
8                         -1.7279527002270877E-17
