0                         0
0.005678447192200522      1.8001450436679135E-5
0.01678771750235543       5.3245199888889934E-5
0.04658581752561256       1.4794753070024563E-4
0.04920829450029778       1.5629389672193098E-4
0.07514553542325995       2.3894513644233221E-4
0.07722565180744509       2.455816835425568E-4
0.09512990788906948       3.027542550373564E-4
0.09793705367585932       3.117262016199713E-4
0.09841658900059558       3.1325906770294674E-4
0.10942814196727614       3.4847575712932294E-4
0.12141183988253416       3.868285009016166E-4
0.1408925723093243        4.4925506300215234E-4
0.14721827824026118       4.695740845698142E-4
0.14826871450463486       4.729493920615979E-4
0.15125504437017112       4.8253988879387485E-4
0.15498005408204715       4.944677375791811E-4
0.1887694763543306        6.031900301017163E-4
0.20540162992458855       6.569342430769391E-4
0.23334420493462138       7.475647770027094E-4
0.2335169190879032        7.481262874171733E-4
0.23599680127793968       7.561904117460289E-4
0.2638116466910535        8.468681896939092E-4
0.3096511787318618        9.972247993972607E-4
0.3149529990449446        0.0010146887897465328
0.3206706906470686        0.0010335397650348232
0.32222166345751835       0.0010386563169292936
0.3229947322680286        0.0010412171619993199
0.3285164122841533        0.0010595221784663585
0.3328505288692881        0.001073907563784523
0.3457572622934886        0.0011168363808355603
0.3491539703685423        0.001128156503949763
0.3664357662157398        0.0011858956786238279
0.3700851751732105        0.0011981194028228804
0.3767605306973613        0.0012205026747361574
0.3989816648127807        0.0012953521152614122
0.43852196024842          0.001429829652438899
0.44583476680512313       0.0014548359092518785
0.4875506372780317        0.0015988585815739308
0.4897054819901978        0.0016063616474439415
0.4952542622461502        0.0016257109627603157
0.5092843832402292        0.0016748204295771688
0.5195034112654447        0.0017107565172421286
0.5408890037319771        0.001786415036909284
0.5510831731482655        0.001822696605508459
0.5586110573808507        0.0018495783918256689
0.5813507089229765        0.0019311390997404105
0.5995847468768758        0.0019976216457341465
0.6314803014557191        0.0021145276154077245
0.6558161211990678        0.0022050304939139373
0.659564913987707         0.002219075120899701
0.6609473298827754        0.002224262162091891
0.6620475368600176        0.0022283927699862996
0.6654409189251561        0.0022411465819906543
0.6660865175953586        0.002243575371116749
0.6696324189093743        0.002256928688993679
0.7243642539863587        0.002465911671514117
0.7245619694708202        0.00246667638662615
0.725019361930855         0.0024684457384733585
0.735187527499069         0.00250787697115996
0.7727431964370522        0.0026550836177141866
0.7766195787502126        0.0026704207476262822
0.7843709180421832        0.00270116956518643
0.7880611259592176        0.0027159396846809544
0.7970991082872345        0.0027522901574838173
0.8336595977261281        0.0029012413246302746
0.8507359006557424        0.0029713673527469475
0.8735618447287016        0.0030665612373023394
0.8875263834847753        0.003125620711181975
0.8885931257388926        0.003130157863234325
0.8908598574137584        0.0031398109855143154
0.9051505410202954        0.00320103968501214
0.9520589885224903        0.0034062405154970717
0.95297606923693          0.0034103128574490857
0.9729724540995048        0.003499685362259851
0.9931561048854187        0.003591014900172443
1.0137053103628177        0.0036851545822593583
1.0237630099357569        0.0037316559072969177
1.0535758524864551        0.0038718752618292765
1.0660856353732557        0.003931541162242636
1.0725237273588941        0.003962438759408599
1.0820159592825724        0.0040082303329747075
1.092283406789434         0.004058039369615487
1.120207635827638         0.004195733515854959
1.1224435401692965        0.0042068997003417
1.1362516532548503        0.004276320975590217
1.150412003056449         0.004348340987152565
1.1630043158739896        0.0044130900792849785
1.1765808975845276        0.004483642879874817
1.1904873472271285        0.004556708776908298
1.205860468820292         0.004638421590464183
1.2069693789508367        0.0046443539890666154
1.2625566977415703        0.0049491802735145115
1.2698261753764506        0.0049901844153152726
1.2790288468377935        0.005042182505340461
1.3035123835864284        0.005182123232799019
1.3285927912511557        0.0053289080850938775
1.3601294697308821        0.0055184091421808384
1.3955841332981347        0.005738011645610151
1.405238289537137         0.005799011018704669
1.4227133952120226        0.005910735843843814
1.4754448907496536        0.006258090610196734
1.5121394197584777        0.006508867314233843
1.512544947938042         0.0065116803081429675
1.5168339991728903        0.006541487416958103
1.5181210694600547        0.006550561364782023
1.5329151551915192        0.0066557031179924125
1.5414662256528835        0.00671718243143331
1.5430750310980654        0.006728792610525991
1.5769451351570634        0.006977671371171659
1.6073463912945947        0.007208296989553734
1.6092546060012725        0.007222950609958533
1.6151602864375094        0.007268486615219775
1.6202277817751483        0.007307782592461948
1.6589358688062719        0.0076139937972028214
1.6595926887778005        0.007619284794707825
1.6632786350412252        0.007649035684489682
1.6965672851175386        0.00792224720445912
1.704817486050972         0.007991219158248821
1.7093797880809387        0.008029575017832857
1.7114088886867744        0.008046683088951812
1.7119712646721659        0.008051414341298647
1.7133401503687766        0.00806294550271116
1.7193431850113465        0.008113760804270441
1.7226713185328186        0.008142106708502767
1.7255894420847397        0.008167062348182194
1.7395955273194397        0.008288165718054836
1.7503819600515627        0.008382924183123348
1.7648062934590172        0.008511672747775463
1.766557325647589         0.008527460301820463
1.7686230507167728        0.008546209354574464
1.7821224927385644        0.008669862117961334
1.8094258004843766        0.008924290374420368
1.8228044700888384        0.009051078182117332
1.8294016422728352        0.009114111384757793
1.8510072963109356        0.009322914976330986
1.8809444078368482        0.009618239564365319
1.8836222367836404        0.00964499568716324
1.8925887474258223        0.009735386531370798
1.9096187626119598        0.009909961587382585
1.9293592009066045        0.010117070241966737
1.9395201346429163        0.01022602753802939
1.9425078592290632        0.010258265442813665
1.9801097901534093        0.010671767416673316
1.9804700036504252        0.010675798261919927
1.9851717820160877        0.01072853310248929
2.009365708799242         0.011003450886651183
2.011690286959984         0.011030179212073797
2.0146837129023485        0.011064817528660606
2.019293563334778         0.011118344786831023
2.023923379934701         0.01117232911761743
2.0240023821639244        0.011173252253730849
2.0657017613610216        0.01166967961251172
2.0666450414607995        0.011681121065468963
2.0923791776601974        0.011996876234181919
2.0960053426849443        0.012041829888872802
2.0962874684956687        0.012045335918812313
2.1250832571204503        0.012409648539391768
2.1373979867011776        0.012569356576651992
2.1558840814101736        0.012813494423994919
2.1790229263246648        0.01312651222662153
2.180511814773764         0.013146936604104585
2.183236831246597         0.013184568304355142
2.185179534341244         0.013211461328648786
2.1870355793160163        0.013237205158175586
2.207698412652855         0.013527131628310802
2.270377183704719         0.014428839181083175
2.271098552323348         0.014439504958823467
2.2729010043227182        0.01446619592410386
2.2738843853256245        0.014480663028035932
2.2746734937904116        0.014492282982138354
2.2750289018501424        0.014497519687990547
2.2788438578003394        0.014553854664920145
2.291577267755345         0.014743530852667856
2.294057772526675         0.01478077466207545
2.333836742167377         0.015391525539279211
2.3378133442863684        0.015453934869457099
2.3600186918951067        0.015806953107254867
2.3758929276674476        0.01606402433559457
2.3916628034124083        0.016323289126047972
2.40157250176234          0.016487883686040997
2.4328922475711545        0.017012037977029285
2.441241588574448         0.017153945344214147
2.4440644010487436        0.017202129746701763
2.4489536572341852        0.017285835359651162
2.450114983813426         0.017305763807844054
2.4518059558285996        0.017334812701132147
2.466669729759579         0.01759177150757143
2.4865563003351463        0.01794010307186151
2.500931327759853         0.018195130989554123
2.5082661895260485        0.01832630535280196
2.521404323657684         0.018555048520888857
2.526435047340322         0.01864143036287883
2.531800128921269         0.018741805803666817
2.5479148254482977        0.01902859132519543
2.5667104584093003        0.01937132131055904
2.5800190350300163        0.019615519388070886
2.583178572775985         0.019673678872548003
2.6049590831874383        0.020076540814401304
2.6095720385078414        0.02016229781454385
2.622292377463525         0.02039956035272525
2.6510324966941092        0.02093987232463594
2.6749567039009365        0.021394134108167394
2.6778742965177513        0.021449810999096628
2.6798118068048034        0.021486322565045603
2.6923371876314404        0.021721340428021887
2.6926220136878607        0.02172666421626723
2.701350493314223         0.021889369469547504
2.701570388315733         0.02189345741943871
2.7368928990288333        0.022570168016799712
2.759315795686579         0.02299293920217973
2.7688971007213494        0.02317161102459118
2.7867538430867054        0.023503206264139476
2.798566373480945         0.02372156297362532
2.8038989486080017        0.023819875948476617
2.8278210727296624        0.024258916590830206
2.853961195581828         0.024734933661039175
2.869225456156917         0.024998629869808445
2.8760494138983796        0.02511532630803685
2.8777261677493966        0.025143887913198375
2.896063731801056         0.02545887434005201
2.915054728385493         0.025781336160401104
2.9186450657585334        0.02583685201614852
2.9377740890797406        0.026124135263818443
2.951066118522382         0.026333142982572045
2.9697069322463028        0.02661324340203096
2.9762993609042767        0.026708665871840006
3.0064645370970653        0.02713884465562943
3.0163038049026873        0.02726969649915847
3.019810981526735         0.027315212813893812
3.0427032549059545        0.02759777955853614
3.063340662240911         0.027830914826437327
3.0743306564498982        0.027946708805915908
3.1132271977867227        0.028309881105560257
3.1181960575405996        0.02835103427393106
3.119792585493962         0.028362771080284878
3.1316038325922197        0.028446180567900315
3.1334142827859486        0.028458433083057736
3.141482524452685         0.02851131474046379
3.1431086782872106        0.028521632546239177
3.1546062237032086        0.02859085957746482
3.1838648420112174        0.028726943277702935
3.1980491790932652        0.028755955303739592
3.2084960634562187        0.02876655110343347
3.2405521553754615        0.028742028595497945
3.2441614367227256        0.028735838170784116
3.248656940521315         0.02872649594297457
3.250169132574835         0.02872294653820697
3.2711887800832686        0.02865239791237923
3.283972518323744         0.028590137785312626
3.3053235223786612        0.028453511816982083
3.3230468606838848        0.028325495218844803
3.3235670361075718        0.02832137635959586
3.3266700168376797        0.028296377907665354
3.3273622611890934        0.028290619405790602
3.3325842477797605        0.028244671039561853
3.3381613206108054        0.028190705907436324
3.3442702616643527        0.028125795221444913
3.3489746133924285        0.02807167680973812
3.355407951012581         0.027999086011214584
3.3702320841849196        0.027810038351520204
3.402691008005501         0.027290028490403167
3.4171494664867303        0.027011513259026478
3.4383247463138047        0.026551461766613275
3.438371513612986         0.026550422245835908
3.4486945552794372        0.026315779912333796
3.4502736093656727        0.026278977448292325
3.458316669708128         0.026087770809596938
3.4730860081357866        0.02572033628020181
3.484014214524649         0.025445020980405048
3.5157396732078428        0.024564354026878753
3.528629120350515         0.024176699540264808
3.5393690398405413        0.023842000631779676
3.56706348358063          0.02292255697014957
3.5721771162061517        0.022742665534073163
3.590541866847791         0.022067598447447174
3.6002599800205948        0.021691611109238576
3.6173130290322435        0.021004878321718812
3.6290672342035353        0.020511534646021522
3.6395880739842137        0.02005611705514416
3.6676228612795088        0.018778734375335795
3.6707563078138628        0.0186428748760559
3.6817955448308766        0.01815841645986815
3.6850282839816444        0.018014830737567787
3.687777158916957         0.01789212464238029
3.695879474938644         0.017527177096174067
3.713462397376966         0.016668806131338972
3.7157466793502714        0.01655547828159855
3.7345206856416877        0.0156082700423684
3.758120059971618         0.014377663224836582
3.7665936826680606        0.013924944139780163
3.770357092515347         0.013722037413799518
3.7894608060750423        0.01267459866124181
3.8000243173689623        0.01209341547463526
3.8134190736060956        0.011335648310631562
3.8146452006085427        0.011265121194599674
3.825349953100498         0.010646524121462156
3.830577649666709         0.010342605563340304
3.845563977000251         0.009464719668101503
3.8657138099355866        0.008268847966685337
3.8957061514916744        0.006455883179731633
3.9053880208712926        0.005862221328873404
3.9091115249389023        0.005641864574677371
3.9125773137353916        0.005436806562307416
3.912945439713808         0.005415028569971221
3.913177561404631         0.005401296729226559
3.9277512712431126        0.004499897329618391
3.9585009403482974        0.002576287677565789
3.9616831783272204        0.0023765319973773564
3.9830407460140176        0.0010073834591523805
4.023760183036682         -0.001568824374084157
4.025414678747026         -0.0016718936720685285
4.032015709202728         -0.0020822495002378633
4.037964755327036         -0.0024508889569193467
4.0382369869116905        -0.0024677312068626745
4.093576937854144         -0.005842601207551094
4.093590903466222         -0.005843440616323561
4.0939557696219975        -0.005865368849702935
4.09772692251613          -0.006091765174839212
4.144670215370472         -0.008860872715330634
4.150967702344932         -0.009228459099153449
4.158612165282385         -0.00967343173533713
4.178415119525959         -0.010858486110860986
4.180833534648638         -0.010998465882928316
4.182049478187921         -0.011068683258925531
4.21284645969262          -0.012810894314516071
4.21943473269688          -0.013174547367921346
4.220092488887305         -0.013210669169717285
4.226673448441813         -0.013571416888590362
4.2459448845288           -0.014564147454188171
4.255689876398393         -0.015068986273731946
4.293820436574026         -0.016977166861637367
4.3052756317971665        -0.017529522649066313
4.32069243513144          -0.018257658734346295
4.341106233664252         -0.019194889318223482
4.359293044610274         -0.020004043962356954
4.390417541919949         -0.021332339409637763
4.393583290311639         -0.021461975781250055
4.400638256744364         -0.02174555873762729
4.443794177919566         -0.023320522183706914
4.457369873339216         -0.02378099178251506
4.466461364299182         -0.0240756653132797
4.493039178466105         -0.024874092548701515
4.496785775196648         -0.0249790927569196
4.530863205473651         -0.025848454739969613
4.5322478705127285        -0.025880515617728563
4.537054863949893         -0.025989839607339707
4.575883412086122         -0.026817099750449654
4.576175409160911         -0.026822796054283875
4.582061050695232         -0.02693594313599883
4.592370752412281         -0.027124630975513292
4.6016851012618005        -0.027287183167554133
4.614169808471586         -0.027493273380987206
4.620343338933599         -0.02759019218806553
4.626552000270989         -0.027679810192264554
4.643894940199573         -0.02791352075254003
4.668215971627175         -0.028200026489332373
4.682328836910266         -0.028344202882333625
4.701016393761034         -0.028510167459544954
4.726637751798762         -0.028682434866578604
4.7424607055821415        -0.028747107056789872
4.764434762259833         -0.02879048897144334
4.769700001470487         -0.028792865946367315
4.779607494996641         -0.028788934947207887
4.783477890609855         -0.028784418157135682
4.79334867031856          -0.02876531625296817
4.80333681858172          -0.02873489843284763
4.845856526438736         -0.028570649303578048
4.862547497626798         -0.028477615541411323
4.868755104370234         -0.02843890742151491
4.89043949133802          -0.028296904588644405
4.899552121327491         -0.028229602132737244
4.908467754019993         -0.028143296117377283
4.923300730768057         -0.027992339156200658
4.943459663216576         -0.02777242248216736
4.957139222916598         -0.027614971399228045
4.982260443154738         -0.027299690873267998
5.000094509652618         -0.02705532526827487
5.010205531179842         -0.026909205762756454
5.0126659666184326        -0.026872819362288428
5.015547697697126         -0.026830947242700114
5.015595560962204         -0.026830250155099728
5.0210783648654695        -0.0267500463912034
5.022748245591267         -0.026725480562708608
5.050660500639029         -0.02630529113078004
5.060722654214516         -0.02614938804555304
5.086939602637145         -0.02573216028980714
5.088271349255166         -0.0257105411451443
5.093722332587878         -0.025621623184528933
5.10133584006377          -0.025502884797010565
5.115563875348513         -0.02527627957444012
5.120586051046668         -0.02519482829385149
5.134900747805627         -0.02494031277991751
5.180826746300562         -0.024108819326029818
5.186606528226158         -0.024002563392286555
5.187652272461738         -0.02398329983871337
5.194441209586269         -0.023857954476950695
5.213444935200193         -0.02350444042185302
5.223292393031698         -0.023319721462073104
5.233245724677503         -0.023132875421648255
5.266973776897682         -0.022497402898657398
5.285966135953254         -0.022137988197851285
5.339721867500996         -0.02111454089001543
5.342450943520636         -0.021062339424960115
5.345659005749124         -0.021000945940295522
5.348285698404379         -0.02095311900383898
5.35796348207031          -0.020776720210886775
5.36151596769801          -0.02071189525505794
5.386466699365529         -0.02025195856852689
5.391697485336781         -0.020155391411164462
5.397027032416015         -0.020056949687576535
5.407186661878199         -0.019869148366516307
5.431531901305179         -0.019412706562210537
5.441407503051168         -0.01922940044449131
5.445951715036476         -0.019145411435627483
5.487146152280238         -0.018398852438455193
5.489875812757177         -0.018350483126544945
5.5006210358634675        -0.018161406989863182
5.51333382213364          -0.017941093257869342
5.51980577437555          -0.017829233571556427
5.541880505192605         -0.017449220881784577
5.558309776984363         -0.017167921388556467
5.57303116579798          -0.016916971394154094
5.597965677191622         -0.01649525074117831
5.5980006528444335        -0.016494666776636812
5.602760448586559         -0.016415393893404406
5.616137498147616         -0.01619471008696251
5.631964443679033         -0.015937623330119118
5.632642067240723         -0.0159267133880707
5.6416426378825975        -0.015782557895702144
5.647331492739462         -0.015692169329665846
5.658512439052036         -0.015516156342804021
5.679255453364577         -0.015191079728012468
5.685277278950006         -0.015097795102562686
5.726769322140316         -0.014468335861911845
5.7296974490053           -0.01442495529488926
5.731522911005241         -0.014397975438211965
5.7337287620428885        -0.0143654397220479
5.737474681217499         -0.014310267769949534
5.741467770932703         -0.014251658865825809
5.750624796943834         -0.014118048869062066
5.795810865970909         -0.013476022072699519
5.828460842247065         -0.013027228006446871
5.858726183036811         -0.012622536323696407
5.86005465746596          -0.01260502229296997
5.861220616813502         -0.01258966808705041
5.865945305411783         -0.012527784077879791
5.905781873882498         -0.012018008543989383
5.92638813808989          -0.011766434551770772
5.952381171225305         -0.011451139511106326
5.9571462298715           -0.011394166624661594
5.983057748711802         -0.011088844670539316
6.02376116179942          -0.01062458771375464
6.026925949004966         -0.010589344091510808
6.028146468346974         -0.010575785078137338
6.055071235126691         -0.010281330527520687
6.081410433514574         -0.010001904195336902
6.097571816495121         -0.009834674333055175
6.103528000429355         -0.009773362120551398
6.135915105360676         -0.00944691124985783
6.155510466077823         -0.009255087632520401
6.160703159737092         -0.009204974251381013
6.169175339825968         -0.009123858170602487
6.182223537041666         -0.009000498256021665
6.226137087451748         -0.008594466317565478
6.231551602424082         -0.00854537475374162
6.2333211541299915        -0.008529377092152145
6.2367696417796           -0.008498370398614145
6.24664903086086          -0.008410144565660572
6.262635858675456         -0.008269273136631929
6.2907845701784515        -0.00802692972442687
6.296318905343523         -0.007980136979656789
6.318143119549551         -0.00779835055937657
6.327369781560032         -0.007722738337113942
6.354692779808374         -0.007503511151446412
6.361044612052635         -0.007453258805950014
6.37938196306244          -0.0073096900369583155
6.384361342549169         -0.007271096903088856
6.4125261668248585        -0.007055942849200261
6.436069688328998         -0.006880186322416686
6.445503587954331         -0.0068107177336137106
6.483208370012706         -0.006540211698151843
6.488109565063841         -0.006505888012495811
6.494949311768064         -0.006458311070946015
6.5151993266937005        -0.0063196571065507875
6.541007669055608         -0.006146375246429189
6.551556672199316         -0.006076645542131869
6.566069563014407         -0.005981755712618916
6.573312539396436         -0.0059348500662294405
6.6037959200007545        -0.005740732105864034
6.608969930286945         -0.005708312313603733
6.612537328794042         -0.005686048669972185
6.614099906077916         -0.005676295710480942
6.627543536972638         -0.005592930909133144
6.65964656104233          -0.005397806487344217
6.660158611568132         -0.005394739306313551
6.660713132097959         -0.005391419327191749
6.662701651496597         -0.005379555045970728
6.67749681382346          -0.0052918590965323085
6.685128221988771         -0.005247023350117692
6.775262115509285         -0.004737682012847344
6.787005047309686         -0.00467416040576903
6.788282509470861         -0.004667302813790748
6.790268290784199         -0.004656659097187796
6.801825840440597         -0.0045951030763339545
6.840332343461515         -0.0043948439779881035
6.865711809214687         -0.004265605746686723
6.875047274986056         -0.004218654614486928
6.883032654473391         -0.004178809558496062
6.893164533310041         -0.004128566190557595
6.91569199954108          -0.004018105129623003
6.936556378415972         -0.0039173385700919825
6.942370264086064         -0.003889523627894384
6.951845306265263         -0.003844475211409644
6.970328850093293         -0.0037574589251028966
7.000151828946132         -0.0036194633838954934
7.007998369437653         -0.0035836494941201835
7.049342845006105         -0.0033983353477148176
7.053872230380111         -0.0033782899767609135
7.060227264245            -0.003350273977984333
7.068917056864978         -0.0033122628055112313
7.072544133820814         -0.003296455895433533
7.077837234561104         -0.0032734505140700376
7.119030793246988         -0.003096930178851577
7.12597778972954          -0.0030676012324183893
7.144800056515415         -0.00298886634990557
7.147914634567055         -0.002975905713740121
7.149911243450956         -0.0029676073986183204
7.1558192201635755        -0.002943185081418778
7.169600705951418         -0.0028865001065727694
7.181978031750266         -0.0028359303843682833
7.215123893096886         -0.0027020906176678273
7.247637569770624         -0.0025730438205696024
7.248274563067662         -0.0025705389412425347
7.258993208602546         -0.0025285302040937052
7.283253269017329         -0.0024344306555051255
7.3065361942778475        -0.0023454008480228174
7.30889879290906          -0.0023364367301004167
7.326784031935202         -0.002268995601522601
7.337551370737535         -0.00222879665896283
7.3397148309854545        -0.0022206820049987335
7.358145140552167         -0.0021520430361186517
7.360056432857227         -0.0021449551225721326
7.376374406166976         -0.0020846719945929837
7.376751345820146         -0.002083284363836826
7.376936614676681         -0.002082602413136314
7.387935897338213         -0.0020422110531247077
7.393534342560432         -0.002021725840604252
7.394086663018398         -0.002019704951134846
7.4156287079955545        -0.0019413205221597792
7.4156524768140795        -0.0019412344628898918
7.4157606946004515        -0.001940842652904385
7.415857479454453         -0.0019404922531952853
7.428071003925295         -0.0018963998702960672
7.429965060396558         -0.0018895843775305773
7.456169903690059         -0.0017959045500395684
7.456341653305637         -0.0017952965159239085
7.488511830850733         -0.0016819694725482637
7.507657954425538         -0.0016150543511709286
7.523772547560686         -0.0015590417863115447
7.546474521373005         -0.0014806090146801745
7.567128850363378         -0.0014097592378712965
7.591566426680844         -0.0013265436637217955
7.598094274408063         -0.0013044270549289983
7.637877345175512         -0.0011706632172430338
7.66470338233595          -0.0010814571770339557
7.669077867885706         -0.0010669413805317086
7.675582683358551         -0.0010453927455251462
7.677803974805919         -0.0010380484173526253
7.686602768167636         -0.0010089867368266166
7.689550833849736         -9.99260256365914E-4
7.7230151805724745        -8.892207132305415E-4
7.749055831178778         -8.041286372606938E-4
7.757607181211981         -7.762881055524147E-4
7.761519411080838         -7.635679832983373E-4
7.774675961464096         -7.208688564883236E-4
7.795396124235257         -6.540834644034414E-4
7.79664186037073          -6.500707659071166E-4
7.798591563080097         -6.437910726900511E-4
7.829083753817416         -5.45673242957027E-4
7.83491193223254          -5.269391852820246E-4
7.860063681944078         -4.461646960619478E-4
7.867901149273171         -4.2101904504231104E-4
7.877860070345971         -3.890584856021873E-4
7.908708382137779         -2.902714174510513E-4
7.910911384721356         -2.832301916001672E-4
7.952335150137434         -1.5116826242901932E-4
7.981290046314906         -5.923742620303134E-5
8                         -8.639763503319276E-18
