0                         0
0.005678447192200522      3.060246573823146E-5
0.01678771750235543       9.051683979889744E-5
0.04658581752561256       2.515108021563253E-4
0.04920829450029778       2.6569962439125327E-4
0.07514553542325995       4.0620673189667184E-4
0.07722565180744509       4.174888619655006E-4
0.09512990788906948       5.146822334932422E-4
0.09793705367585932       5.299345426815756E-4
0.09841658900059558       5.325404150222729E-4
0.10942814196727614       5.924087870388055E-4
0.12141183988253416       6.576084514426015E-4
0.1408925723093243        7.637336069986182E-4
0.14721827824026118       7.982759436587299E-4
0.14826871450463486       8.040139663939454E-4
0.15125504437017112       8.203178108364609E-4
0.15498005408204715       8.40595153768458E-4
0.1887694763543306        0.0010254230510291919
0.20540162992458855       0.0011167882130734014
0.23334420493462138       0.0012708601207241062
0.2335169190879032        0.0012718146884285514
0.23599680127793968       0.0012855236997855466
0.2638116466910535        0.0014396759222737516
0.3096511787318618        0.001695282158730846
0.3149529990449446        0.0017249709423201134
0.3206706906470686        0.0017570176003053506
0.32222166345751835       0.0017657157385246329
0.3229947322680286        0.0017700691751430279
0.3285164122841533        0.0018011877031323647
0.3328505288692881        0.0018256428581696254
0.3457572622934886        0.0018986218471456838
0.3491539703685423        0.0019178660564370287
0.3664357662157398        0.002016022653368814
0.3700851751732105        0.002036802984504245
0.3767605306973613        0.0020748545467514905
0.3989816648127807        0.0022020985956266504
0.43852196024842          0.0024307104087965864
0.44583476680512313       0.002473221045372711
0.4875506372780317        0.0027180595882864774
0.4897054819901978        0.0027308148002637605
0.4952542622461502        0.002763708636297135
0.5092843832402292        0.0028471947298745227
0.5195034112654447        0.0029082860788967714
0.5408890037319771        0.003036905562313865
0.5510831731482655        0.003098584228924351
0.5586110573808507        0.003144283265657628
0.5813507089229765        0.0032829364690944184
0.5995847468768758        0.0033959567972689205
0.6314803014557191        0.0035946969456880206
0.6558161211990678        0.0037485518391290108
0.659564913987707         0.003772427705001809
0.6609473298827754        0.003781245675027426
0.6620475368600176        0.003788267708447039
0.6654409189251561        0.0038099491888517263
0.6660865175953586        0.0038140781303655736
0.6696324189093743        0.0038367787707535212
0.7243642539863587        0.00419204984099506
0.7245619694708202        0.004193349856685361
0.725019361930855         0.004196357754825261
0.735187527499069         0.004263390850384564
0.7727431964370522        0.004513642149497819
0.7766195787502126        0.004539715270345422
0.7843709180421832        0.004591988260191769
0.7880611259592176        0.00461709746332972
0.7970991082872345        0.0046788932670879455
0.8336595977261281        0.004932110251210746
0.8507359006557424        0.005051324498997461
0.8735618447287016        0.005213154102726455
0.8875263834847753        0.005313555208312764
0.8885931257388926        0.005321268366801071
0.8908598574137584        0.005337678674675602
0.9051505410202954        0.005441767463812866
0.9520589885224903        0.005790608875608514
0.95297606923693          0.005797531856926391
0.9729724540995048        0.005949465115092917
0.9931561048854187        0.006104725329532719
1.0137053103628177        0.006264762789068948
1.0237630099357569        0.006343815041627264
1.0535758524864551        0.006582187944315695
1.0660856353732557        0.0066836199750115385
1.0725237273588941        0.006736145890190159
1.0820159592825724        0.006813991565247388
1.092283406789434         0.006898666927531178
1.120207635827638         0.0071327469761235125
1.1224435401692965        0.0071517294897498074
1.1362516532548503        0.007269745657665155
1.150412003056449         0.007392179677313938
1.1630043158739896        0.007502253133932724
1.1765808975845276        0.00762219289492873
1.1904873472271285        0.0077464049198788685
1.205860468820292         0.0078853167029165
1.2069693789508367        0.007895401780540108
1.2625566977415703        0.008413606464076188
1.2698261753764506        0.008483313505134427
1.2790288468377935        0.00857171025817347
1.3035123835864284        0.008809609494843438
1.3285927912511557        0.009059143743735449
1.3601294697308821        0.009381295540772475
1.3955841332981347        0.009754619796591238
1.405238289537137         0.009858318730849107
1.4227133952120226        0.010048250933580775
1.4754448907496536        0.010638754036367716
1.5121394197584777        0.01106507443322324
1.512544947938042         0.011069856522868673
1.5168339991728903        0.011120528607853602
1.5181210694600547        0.011135954319154059
1.5329151551915192        0.011314695299609484
1.5414662256528835        0.011419210132457827
1.5430750310980654        0.011438947436915294
1.5769451351570634        0.011862041330011687
1.6073463912945947        0.012254104881261092
1.6092546060012725        0.012279016035949273
1.6151602864375094        0.012356427244893456
1.6202277817751483        0.012423230406205242
1.6589358688062719        0.012943789454266774
1.6595926887778005        0.012952784150025331
1.6632786350412252        0.013003360662654792
1.6965672851175386        0.013467820246606338
1.704817486050972         0.013585072568049921
1.7093797880809387        0.013650277529343426
1.7114088886867744        0.013679361250245943
1.7119712646721659        0.013687404379235617
1.7133401503687766        0.013707007353637031
1.7193431850113465        0.013793393366288487
1.7226713185328186        0.013841581403483837
1.7255894420847397        0.013884005990939228
1.7395955273194397        0.014089881719724676
1.7503819600515627        0.014250971110342878
1.7648062934590172        0.014469843670254104
1.766557325647589         0.014496682512130946
1.7686230507167728        0.014528555901813145
1.7821224927385644        0.01473876559957335
1.8094258004843766        0.015171293635559368
1.8228044700888384        0.015386832908647247
1.8294016422728352        0.015493989353137595
1.8510072963109356        0.01584895545881745
1.8809444078368482        0.016351007258484096
1.8836222367836404        0.016396492667241337
1.8925887474258223        0.01655015710239691
1.9096187626119598        0.01684693469762245
1.9293592009066045        0.017199019410422466
1.9395201346429163        0.017384246813733205
1.9425078592290632        0.017439051251867753
1.9801097901534093        0.018142004607446693
1.9804700036504252        0.01814885704436611
1.9851717820160877        0.01823850627333641
2.009365708799242         0.018705866506424536
2.011690286959984         0.01875130465964428
2.0146837129023485        0.018810189797843522
2.019293563334778         0.018901186136735828
2.023923379934701         0.018992959499075375
2.0240023821639244        0.018994528830468232
2.0657017613610216        0.019838455340421515
2.0666450414607995        0.019857905810449442
2.0923791776601974        0.02039468959727913
2.0960053426849443        0.02047111081025626
2.0962874684956687        0.02047707106115363
2.1250832571204503        0.021096402516160725
2.1373979867011776        0.021367906179513167
2.1558840814101736        0.021782940520011954
2.1790229263246648        0.02231507078449821
2.180511814773764         0.022349792226220806
2.183236831246597         0.022413766116649428
2.185179534341244         0.022459484257950534
2.1870355793160163        0.022503248768147938
2.207698412652855         0.022996123767398683
2.270377183704719         0.024529026607178796
2.271098552323348         0.0245471584293381
2.2729010043227182        0.02459253307031677
2.2738843853256245        0.02461712714700243
2.2746734937904116        0.02463688106897745
2.2750289018501424        0.024645783468926586
2.2788438578003394        0.02474155292971132
2.291577267755345         0.025064002448897355
2.294057772526675         0.02512731692489321
2.333836742167377         0.02616559341618854
2.3378133442863684        0.026271689277496
2.3600186918951067        0.026871820281780943
2.3758929276674476        0.027308841369979544
2.3916628034124083        0.02774959151377174
2.40157250176234          0.028029402265773738
2.4328922475711545        0.028920464560499095
2.441241588574448         0.029161707084726023
2.4440644010487436        0.0292436205689593
2.4489536572341852        0.029385920110980863
2.450114983813426         0.029419798472910593
2.4518059558285996        0.029469181591502996
2.466669729759579         0.029906011562473498
2.4865563003351463        0.030498175221799605
2.500931327759853         0.030931722681901763
2.5082661895260485        0.03115471909943598
2.521404323657684         0.0315435824852069
2.526435047340322         0.03169043161659838
2.531800128921269         0.03186106986594826
2.5479148254482977        0.03234860525257833
2.5667104584093003        0.032931246227734225
2.5800190350300163        0.03334638295953151
2.583178572775985         0.03344525408314911
2.6049590831874383        0.034130119384345035
2.6095720385078414        0.034275906284597084
2.622292377463525         0.03467925259953247
2.6510324966941092        0.03559778295184282
2.6749567039009365        0.03637002798389929
2.6778742965177513        0.036464678698485534
2.6798118068048034        0.03652674836060315
2.6923371876314404        0.036926278727691345
2.6926220136878607        0.03693532916770908
2.701350493314223         0.03721192809830557
2.701570388315733         0.037218877613121135
2.7368928990288333        0.03836928562871982
2.759315795686579         0.03908799664392133
2.7688971007213494        0.0393917387420443
2.7867538430867054        0.03995545064932083
2.798566373480945         0.04032665705547659
2.8038989486080017        0.040493789112737356
2.8278210727296624        0.04124015820480024
2.853961195581828         0.04204938722422461
2.869225456156917         0.0424976707791738
2.8760494138983796        0.04269605472418071
2.8777261677493966        0.0427446094529599
2.896063731801056         0.04328008637866322
2.915054728385493         0.043828271473311656
2.9186450657585334        0.043922648428091876
2.9377740890797406        0.04441102994918234
2.951066118522382         0.04476634307110087
2.9697069322463028        0.04524251378423402
2.9762993609042767        0.04540473198292828
3.0064645370970653        0.04613603591545779
3.0163038049026873        0.04635848404948594
3.019810981526735         0.04643586178454629
3.0427032549059545        0.046916225250505705
3.063340662240911         0.04731255520599904
3.0743306564498982        0.0475094049711455
3.1132271977867227        0.048126797880658316
3.1181960575405996        0.04819675826690381
3.119792585493962         0.048216710837710196
3.1316038325922197        0.04835850696669288
3.1334142827859486        0.0483793362424661
3.141482524452685         0.048469235060081446
3.1431086782872106        0.04848677532990467
3.1546062237032086        0.04860446128302537
3.1838648420112174        0.048835803573524496
3.1980491790932652        0.04888512401783232
3.2084960634562187        0.048903136877345724
3.2405521553754615        0.048861448613960586
3.2441614367227256        0.048850924891959226
3.248656940521315         0.04883504310469813
3.250169132574835         0.048829009116598286
3.2711887800832686        0.048709076452761804
3.283972518323744         0.04860323423679152
3.3053235223786612        0.04837097009070121
3.3230468606838848        0.04815334187392699
3.3235670361075718        0.04814633981320553
3.3266700168376797        0.04810384244493407
3.3273622611890934        0.04809405299174908
3.3325842477797605        0.0480159407691757
3.3381613206108054        0.047924200044578716
3.3442702616643527        0.04781385187841114
3.3489746133924285        0.0477218505785232
3.355407951012581         0.04759844622105283
3.3702320841849196        0.047277065199616566
3.402691008005501         0.04639304843580911
3.4171494664867303        0.04591957254250716
3.4383247463138047        0.04513748500545842
3.438371513612986         0.045135717820137
3.4486945552794372        0.04473682585320709
3.4502736093656727        0.044674261664340215
3.458316669708128         0.044349210378576406
3.4730860081357866        0.04372457167863823
3.484014214524649         0.04325653566900729
3.5157396732078428        0.041759401848085735
3.528629120350515         0.04110038922087095
3.5393690398405413        0.04053140107646973
3.56706348358063          0.03896834685175775
3.5721771162061517        0.038662531410438974
3.590541866847791         0.03751491736321377
3.6002599800205948        0.03687573888827882
3.6173130290322435        0.035708293149528725
3.6290672342035353        0.034869608900865705
3.6395880739842137        0.034095398996393717
3.6676228612795088        0.03192384844076922
3.6707563078138628        0.03169288729199873
3.6817955448308766        0.030869307984498117
3.6850282839816444        0.030625212256592885
3.687777158916957         0.030416611894778695
3.695879474938644         0.029796201066241465
3.713462397376966         0.02833697042604911
3.7157466793502714        0.028144313081493903
3.7345206856416877        0.026534059074831105
3.758120059971618         0.02444202748506187
3.7665936826680606        0.023672405040478222
3.770357092515347         0.02332746360631653
3.7894608060750423        0.021546817726995453
3.8000243173689623        0.02055880630977802
3.8134190736060956        0.019270602130988825
3.8146452006085427        0.019150706033736156
3.825349953100498         0.01809909100941726
3.830577649666709         0.017582429460617287
3.845563977000251         0.01609002343873156
3.8657138099355866        0.0140570415463505
3.8957061514916744        0.01097500140856688
3.9053880208712926        0.00996577626211963
3.9091115249389023        0.009591169779991159
3.9125773137353916        0.009242571158966671
3.912945439713808         0.00920554857199561
3.913177561404631         0.009182204442729982
3.9277512712431126        0.007649825463413034
3.9585009403482974        0.004379689054958171
3.9616831783272204        0.004040104398641331
3.9830407460140176        0.0017125518836787542
4.023760183036682         -0.0026670014327859286
4.025414678747026         -0.0028422192393580334
4.032015709202728         -0.0035398241472406086
4.037964755327036         -0.004166511223594362
4.0382369869116905        -0.004195143048497801
4.093576937854144         -0.009932422049623867
4.093590903466222         -0.00993384904453705
4.0939557696219975        -0.009971127041281695
4.09772692251613          -0.010356000794010358
4.144670215370472         -0.01506348361280879
4.150967702344932         -0.01568838046530266
4.158612165282385         -0.016444833946808974
4.178415119525959         -0.018459426385185468
4.180833534648638         -0.018697391997698234
4.182049478187921         -0.018816761536892664
4.21284645969262          -0.02177852033137523
4.21943473269688          -0.022396730522159666
4.220092488887305         -0.022458137585212277
4.226673448441813         -0.02307140870729164
4.2459448845288           -0.024759050668793674
4.255689876398393         -0.02561727666201128
4.293820436574026         -0.028861183661424566
4.3052756317971665        -0.029800188500046232
4.32069243513144          -0.031038019845012234
4.341106233664252         -0.03263131183759057
4.359293044610274         -0.03400687473260629
4.390417541919949         -0.03626497699296521
4.393583290311639         -0.0364853588247044
4.400638256744364         -0.036967449850541845
4.443794177919566         -0.03964488770885271
4.457369873339216         -0.04042768602681917
4.466461364299182         -0.040928631029113864
4.493039178466105         -0.04228595732931461
4.496785775196648         -0.04246445768328292
4.530863205473651         -0.04394237305444418
4.5322478705127285        -0.043996876546633375
4.537054863949893         -0.044182727328968725
4.575883412086122         -0.04558906957222026
4.576175409160911         -0.04559875328873814
4.582061050695232         -0.045791103327647485
4.592370752412281         -0.046111872654811654
4.6016851012618005        -0.046388211381271166
4.614169808471586         -0.04673856474409333
4.620343338933599         -0.046903326716119215
4.626552000270989         -0.0470556773232516
4.643894940199573         -0.04745298527570347
4.668215971627175         -0.04794004502822783
4.682328836910266         -0.04818514489631707
4.701016393761034         -0.04846728467755954
4.726637751798762         -0.04876013926949488
4.7424607055821415        -0.0488700819928428
4.764434762259833         -0.04894383124773822
4.769700001470487         -0.04894787210510529
4.779607494996641         -0.04894118940652735
4.783477890609855         -0.04893351086340192
4.79334867031856          -0.048901037626310276
4.80333681858172          -0.04884932733209848
4.845856526438736         -0.04857010381233631
4.862547497626798         -0.04841194641665361
4.868755104370234         -0.0483461426128303
4.89043949133802          -0.04810473779696329
4.899552121327491         -0.04799032362192676
4.908467754019993         -0.047843603395820014
4.923300730768057         -0.047586976561828864
4.943459663216576         -0.0472131182159855
4.957139222916598         -0.046945451374998365
4.982260443154738         -0.046409474480889605
5.000094509652618         -0.045994052952422176
5.010205531179842         -0.045745649793054316
5.0126659666184326        -0.04568379291226212
5.015547697697126         -0.04561261030896616
5.015595560962204         -0.04561142526004557
5.0210783648654695        -0.045475078861429756
5.022748245591267         -0.04543331695299105
5.050660500639029         -0.04471899491875327
5.060722654214516         -0.0444539596738822
5.086939602637145         -0.04374467248915308
5.088271349255166         -0.04370791994322824
5.093722332587878         -0.04355675941019028
5.10133584006377          -0.04335490415142176
5.115563875348513         -0.04296967527307571
5.120586051046668         -0.04283120809608336
5.134900747805627         -0.042398531722423916
5.180826746300562         -0.04098499285090673
5.186606528226158         -0.04080435776355487
5.187652272461738         -0.04077160972248257
5.194441209586269         -0.040558522607499786
5.213444935200193         -0.039957548713872415
5.223292393031698         -0.03964352648226671
5.233245724677503         -0.039325888213567216
5.266973776897682         -0.03824558492455882
5.285966135953254         -0.0376345799332306
5.339721867500996         -0.03589471951002635
5.342450943520636         -0.03580597701943814
5.345659005749124         -0.035701608095515175
5.348285698404379         -0.035620302303544786
5.35796348207031          -0.03532042435554772
5.36151596769801          -0.03521022193064686
5.386466699365529         -0.03442832956361937
5.391697485336781         -0.034264165396119886
5.397027032416015         -0.034096814466037656
5.407186661878199         -0.03377755222026901
5.431531901305179         -0.03300160115304032
5.441407503051168         -0.03268998075295506
5.445951715036476         -0.03254719943790385
5.487146152280238         -0.03127804914287653
5.489875812757177         -0.0311958213126402
5.5006210358634675        -0.030874391880324984
5.51333382213364          -0.030499858535987575
5.51980577437555          -0.030309697069282524
5.541880505192605         -0.029663675496764
5.558309776984363         -0.02918546635834774
5.57303116579798          -0.028758851367929147
5.597965677191622         -0.028041926257975594
5.5980006528444335        -0.028040933518255193
5.602760448586559         -0.027906169616780434
5.616137498147616         -0.027531007145886747
5.631964443679033         -0.027093959659321817
5.632642067240723         -0.027075412757842476
5.6416426378825975        -0.026830348420855462
5.647331492739462         -0.026676687858618896
5.658512439052036         -0.026377465781003483
5.679255453364577         -0.0258248355359548
5.685277278950006         -0.025666251672718625
5.726769322140316         -0.02459617096381207
5.7296974490053           -0.024522423999888073
5.731522911005241         -0.024476558243545637
5.7337287620428885        -0.024421247526077574
5.737474681217499         -0.024327455207529464
5.741467770932703         -0.024227820070539544
5.750624796943834         -0.024000683076088138
5.795810865970909         -0.022909237522508136
5.828460842247065         -0.022146287610052107
5.858726183036811         -0.02145831174953914
5.86005465746596          -0.02142853789731139
5.861220616813502         -0.02140243574725445
5.865945305411783         -0.021297232931689888
5.905781873882498         -0.020430614524293057
5.92638813808989          -0.020002938737632727
5.952381171225305         -0.019466937168644862
5.9571462298715           -0.019370083261714546
5.983057748711802         -0.018851035939845284
6.02376116179942          -0.018061799113524627
6.026925949004966         -0.01800188495572644
6.028146468346974         -0.017978834632997827
6.055071235126691         -0.017478261897086757
6.081410433514574         -0.017003237132505945
6.097571816495121         -0.01671894636670648
6.103528000429355         -0.016614715605478652
6.135915105360676         -0.016059749125452084
6.155510466077823         -0.01573364897606833
6.160703159737092         -0.015648456228154885
6.169175339825968         -0.015510558890869481
6.182223537041666         -0.015300847036140089
6.226137087451748         -0.014610592740962915
6.231551602424082         -0.014527137082486387
6.2333211541299915        -0.014499941057792107
6.2367696417796           -0.01444722967879402
6.24664903086086          -0.014297245762820272
6.262635858675456         -0.014057764333548231
6.2907845701784515        -0.013645780532934786
6.296318905343523         -0.013566232866852247
6.318143119549551         -0.013257195952480887
6.327369781560032         -0.013128655174677172
6.354692779808374         -0.012755968959170414
6.361044612052635         -0.012670539971855957
6.37938196306244          -0.012426473064654274
6.384361342549169         -0.012360864737099242
6.4125261668248585        -0.011995102845616902
6.436069688328998         -0.011696316750189287
6.445503587954331         -0.011578220149263192
6.483208370012706         -0.011118359889124296
6.488109565063841         -0.011060009623526944
6.494949311768064         -0.010979128822916847
6.5151993266937005        -0.010743417083514747
6.541007669055608         -0.01044883792139166
6.551556672199316         -0.010330297424118557
6.566069563014407         -0.010168984713989292
6.573312539396436         -0.010089245115147765
6.6037959200007545        -0.009759244582607681
6.608969930286945         -0.00970413093577805
6.612537328794042         -0.009666282741613153
6.614099906077916         -0.009649702710481415
6.627543536972638         -0.009507982548218295
6.65964656104233          -0.009176271031237615
6.660158611568132         -0.009171056823486373
6.660713132097959         -0.009165412858980268
6.662701651496597         -0.009145243580908107
6.67749681382346          -0.008996160466888354
6.685128221988771         -0.008919939697995986
6.775262115509285         -0.008054059424776456
6.787005047309686         -0.0079460726927569
6.788282509470861         -0.007934414786395134
6.790268290784199         -0.007916320468172129
6.801825840440597         -0.007811675232731716
6.840332343461515         -0.007471234765573468
6.865711809214687         -0.007251529772378856
6.875047274986056         -0.007171712847644339
6.883032654473391         -0.007103976252464945
6.893164533310041         -0.0070185625269748855
6.91569199954108          -0.006830778723393499
6.936556378415972         -0.006659475572192167
6.942370264086064         -0.006612190170455702
6.951845306265263         -0.006535607862428905
6.970328850093293         -0.006387680175698273
7.000151828946132         -0.00615308775562026
7.007998369437653         -0.006092204142993361
7.049342845006105         -0.005777170094042458
7.053872230380111         -0.005743092963413791
7.060227264245            -0.005695465765483429
7.068917056864978         -0.005630846772261795
7.072544133820814         -0.005603975025122017
7.077837234561104         -0.005564865876792377
7.119030793246988         -0.005264781306810848
7.12597778972954          -0.005214922097852516
7.144800056515415         -0.005081072797510579
7.147914634567055         -0.005059039716017436
7.149911243450956         -0.005044932580302717
7.1558192201635755        -0.005003414641043261
7.169600705951418         -0.004907050183757012
7.181978031750266         -0.004821081655965238
7.215123893096886         -0.004593554052451574
7.247637569770624         -0.0043741744972574355
7.248274563067662         -0.004369916202398991
7.258993208602546         -0.0042985013492047265
7.283253269017329         -0.0041385321165081975
7.3065361942778475        -0.003987181443692849
7.30889879290906          -0.0039719424432149006
7.326784031935202         -0.0038572925245568277
7.337551370737535         -0.0037889543221591975
7.3397148309854545        -0.0037751594104120673
7.358145140552167         -0.0036584731632373934
7.360056432857227         -0.003646423710200058
7.376374406166976         -0.0035439423925641925
7.376751345820146         -0.00354158342027706
7.376936614676681         -0.0035404241040853717
7.387935897338213         -0.003471758792016689
7.393534342560432         -0.0034369339307069573
7.394086663018398         -0.003433498418606997
7.4156287079955545        -0.0033002448892717616
7.4156524768140795        -0.003300098588512868
7.4157606946004515        -0.0032994325115371214
7.415857479454453         -0.0032988368320313074
7.428071003925295         -0.003223879781059514
7.429965060396558         -0.003212293443351552
7.456169903690059         -0.003053037736527047
7.456341653305637         -0.0030520040785299045
7.488511830850733         -0.0028593481046931685
7.507657954425538         -0.002745592398292816
7.523772547560686         -0.0026503710379820297
7.546474521373005         -0.002517035326138069
7.567128850363378         -0.002396590705498697
7.591566426680844         -0.0022551242293661843
7.598094274408063         -0.002217525994397074
7.637877345175512         -0.001990127470196927
7.66470338233595          -0.0018384772017473907
7.669077867885706         -0.0018138003476772723
7.675582683358551         -0.0017771676681416569
7.677803974805919         -0.0017646823102418774
7.686602768167636         -0.0017152774533220614
7.689550833849736         -0.0016987424365303323
7.7230151805724745        -0.0015116752131092749
7.749055831178778         -0.0013670186838906047
7.757607181211981         -0.0013196897799637236
7.761519411080838         -0.0012980655721213843
7.774675961464096         -0.0012254770565094792
7.795396124235257         -0.0011119418899161553
7.79664186037073          -0.0011051203024695084
7.798591563080097         -0.001094444823995979
7.829083753817416         -9.276445133810807E-4
7.83491193223254          -8.957966153208429E-4
7.860063681944078         -7.584799835932626E-4
7.867901149273171         -7.157323768437236E-4
7.877860070345971         -6.613994257758048E-4
7.908708382137779         -4.934614098573173E-4
7.910911384721356         -4.8149132590636376E-4
7.952335150137434         -2.5698604623037116E-4
7.981290046314906         -1.0070362458522026E-4
8                         -1.4687597961531293E-17
