0                         0
0.005678447192200522      2.7002175655017993E-5
0.01678771750235543       7.986779983333282E-5
0.04658581752561256       2.219212960503626E-4
0.04920829450029778       2.3444084508289034E-4
0.07514553542325995       3.5841770466348905E-4
0.07722565180744509       3.683725253138256E-4
0.09512990788906948       4.5413138255602286E-4
0.09793705367585932       4.6758930242994483E-4
0.09841658900059558       4.698886015544079E-4
0.10942814196727614       5.227136356939707E-4
0.12141183988253416       5.802427513524097E-4
0.1408925723093243        6.738825945032111E-4
0.14721827824026118       7.04361126854703E-4
0.14826871450463486       7.094240880923783E-4
0.15125504437017112       7.238098331907935E-4
0.15498005408204715       7.417016063687521E-4
0.1887694763543306        9.04785045152551E-4
0.20540162992458855       9.854013646153827E-4
0.23334420493462138       0.001121347165504035
0.2335169190879032        0.0011221894311257308
0.23599680127793968       0.0011342856176190137
0.2638116466910535        0.001270302284540831
0.3096511787318618        0.001495837199095852
0.3149529990449446        0.00152203318461976
0.3206706906470686        0.001550309647552194
0.32222166345751835       0.0015579844753939001
0.3229947322680286        0.0015618257429989395
0.3285164122841533        0.0015892832676994966
0.3328505288692881        0.001610861345676743
0.3457572622934886        0.001675254571253297
0.3491539703685423        0.0016922347559246002
0.3664357662157398        0.0017788435179356967
0.3700851751732105        0.0017971791042342739
0.3767605306973613        0.0018307540121041896
0.3989816648127807        0.0019430281728920686
0.43852196024842          0.002144744478658294
0.44583476680512313       0.0021822538638777613
0.4875506372780317        0.002398287872360835
0.4897054819901978        0.0024095424711658505
0.4952542622461502        0.002438566444140411
0.5092843832402292        0.0025122306443656883
0.5195034112654447        0.0025661347758631275
0.5408890037319771        0.0026796225553638578
0.5510831731482655        0.002734044908262619
0.5586110573808507        0.0027743675877384332
0.5813507089229765        0.002896708649610542
0.5995847468768758        0.002996432468601144
0.6314803014557191        0.003171791423111506
0.6558161211990678        0.0033075457408708216
0.659564913987707         0.0033286126813494663
0.6609473298827754        0.003336393243137752
0.6620475368600176        0.003342589154979363
0.6654409189251561        0.003361719872985896
0.6660865175953586        0.0033653630566750393
0.6696324189093743        0.0033853930334904326
0.7243642539863587        0.0036988675072710826
0.7245619694708202        0.003700014579939132
0.725019361930855         0.003702668607709946
0.735187527499069         0.0037618154567398455
0.7727431964370522        0.003982625426571181
0.7766195787502126        0.004005631121439324
0.7843709180421832        0.004051754347779544
0.7880611259592176        0.00407390952702133
0.7970991082872345        0.004128435236225624
0.8336595977261281        0.0043518619869453035
0.8507359006557424        0.0044570510291203095
0.8735618447287016        0.004599841855953394
0.8875263834847753        0.004688431066772844
0.8885931257388926        0.004695236794851369
0.8908598574137584        0.004709716478271355
0.9051505410202954        0.00480155952751809
0.9520589885224903        0.00510936077324548
0.95297606923693          0.005115469286173498
0.9729724540995048        0.005249528043389644
0.9931561048854187        0.005386522350258529
1.0137053103628177        0.005527731873388898
1.0237630099357569        0.0055974838609452356
1.0535758524864551        0.005807812892743767
1.0660856353732557        0.005897311743363806
1.0725237273588941        0.005943658139112748
1.0820159592825724        0.006012345499461911
1.092283406789434         0.006087059054423078
1.120207635827638         0.006293600273782281
1.1224435401692965        0.006310349550512391
1.1362516532548503        0.006414481463385166
1.150412003056449         0.006522511480728683
1.1630043158739896        0.0066196351189273025
1.1765808975845276        0.0067254643198120575
1.1904873472271285        0.006835063165362276
1.205860468820292         0.006957632385696099
1.2069693789508367        0.006966530983599749
1.2625566977415703        0.00742377041027158
1.2698261753764506        0.007485276622972721
1.2790288468377935        0.007563273758010505
1.3035123835864284        0.007773184849198336
1.3285927912511557        0.007993362127640615
1.3601294697308821        0.008277613713271053
1.3955841332981347        0.008607017468415011
1.405238289537137         0.008698516528056786
1.4227133952120226        0.0088661037657655
1.4754448907496536        0.009387135915294867
1.5121394197584777        0.009763300971350523
1.512544947938042         0.00976752046221421
1.5168339991728903        0.00981223112543691
1.5181210694600547        0.009825842047172791
1.5329151551915192        0.009983554676988372
1.5414662256528835        0.010075773647149715
1.5430750310980654        0.010093188915788736
1.5769451351570634        0.010466507056757229
1.6073463912945947        0.010812445484330337
1.6092546060012725        0.010834425914937535
1.6151602864375094        0.010902729922829394
1.6202277817751483        0.010961673888692654
1.6589358688062719        0.01142099069580395
1.6595926887778005        0.011428927192061454
1.6632786350412252        0.011473553526734242
1.6965672851175386        0.011883370806688385
1.704817486050972         0.011986828737372935
1.7093797880809387        0.012044362526748988
1.7114088886867744        0.012070024633427422
1.7119712646721659        0.012077121511947668
1.7133401503687766        0.012094418254066437
1.7193431850113465        0.012170641206405363
1.7226713185328186        0.012213160062753846
1.7255894420847397        0.01225059352227299
1.7395955273194397        0.012432248577081945
1.7503819600515627        0.012574386274684712
1.7648062934590172        0.012767509121662883
1.766557325647589         0.012791190452730375
1.7686230507167728        0.012819314031861382
1.7821224927385644        0.01300479317694168
1.8094258004843766        0.013386435561630224
1.8228044700888384        0.013576617273175667
1.8294016422728352        0.013671167077136354
1.8510072963109356        0.01398437246449614
1.8809444078368482        0.014427359346547626
1.8836222367836404        0.014467493530744498
1.8925887474258223        0.01460307979705584
1.9096187626119598        0.014864942381073509
1.9293592009066045        0.01517560536294973
1.9395201346429163        0.015339041307043708
1.9425078592290632        0.015387398164220118
1.9801097901534093        0.016007651125009577
1.9804700036504252        0.016013697392879493
1.9851717820160877        0.016092799653733534
2.009365708799242         0.016505176329976362
2.011690286959984         0.016545268818110283
2.0146837129023485        0.016597226292990493
2.019293563334778         0.01667751718024612
2.023923379934701         0.01675849367642573
2.0240023821639244        0.016759878380595856
2.0657017613610216        0.01750451941876716
2.0666450414607995        0.01752168159820302
2.0923791776601974        0.017995314351272447
2.0960053426849443        0.01806274483330877
2.0962874684956687        0.018068003878218043
2.1250832571204503        0.0186144728090872
2.1373979867011776        0.018854034864977533
2.1558840814101736        0.01922024163599191
2.1790229263246648        0.019689768339931822
2.180511814773764         0.019720404906156407
2.183236831246597         0.019776852456532233
2.185179534341244         0.019817191992972702
2.1870355793160163        0.019855807737262907
2.207698412652855         0.020290697442465717
2.270377183704719         0.021643258771624235
2.271098552323348         0.021659257438234682
2.2729010043227182        0.021699293886155265
2.2738843853256245        0.02172099454205337
2.2746734937904116        0.021738424473207008
2.2750289018501424        0.021746279531985296
2.2788438578003394        0.021830781997379693
2.291577267755345         0.022115296279001256
2.294057772526675         0.02217116199311265
2.333836742167377         0.023087288308918263
2.3378133442863684        0.023180902304185094
2.3600186918951067        0.023710429660881726
2.3758929276674476        0.024096036503391274
2.3916628034124083        0.02448493368907137
2.40157250176234          0.0247318255290609
2.4328922475711545        0.02551805696554332
2.441241588574448         0.025730918016320613
2.4440644010487436        0.025803194620052025
2.4489536572341852        0.02592875303947613
2.450114983813426         0.02595864571176546
2.4518059558285996        0.026002219051697605
2.466669729759579         0.02638765726135652
2.4865563003351463        0.026910154607791628
2.500931327759853         0.02729269648433054
2.5082661895260485        0.027489458029202288
2.521404323657684         0.02783257278133263
2.526435047340322         0.027962145544317602
2.531800128921269         0.028112708705499565
2.5479148254482977        0.028542886987792483
2.5667104584093003        0.029056981965837878
2.5800190350300163        0.02942327908210564
2.583178572775985         0.0295105183088213
2.6049590831874383        0.030114811221601246
2.6095720385078414        0.03024344672181506
2.622292377463525         0.03059934052908715
2.6510324966941092        0.03140980848695316
2.6749567039009365        0.03209120116225033
2.6778742965177513        0.03217471649864418
2.6798118068048034        0.032229483847567644
2.6923371876314404        0.03258201064203206
2.6926220136878607        0.03258999632440008
2.701350493314223         0.032834054204320486
2.701570388315733         0.03284018612915729
2.7368928990288333        0.03385525202519876
2.759315795686579         0.034489408803268784
2.7688971007213494        0.034757416536885945
2.7867538430867054        0.03525480939620838
2.798566373480945         0.03558234446043714
2.8038989486080017        0.03572981392271408
2.8278210727296624        0.03638837488624445
2.853961195581828         0.03710240049155789
2.869225456156917         0.03749794480471179
2.8760494138983796        0.037672989462054385
2.8777261677493966        0.03771583186979668
2.896063731801056         0.03818831151007711
2.915054728385493         0.038672004240600744
2.9186450657585334        0.03875527802422185
2.9377740890797406        0.03918620289572674
2.951066118522382         0.03949971447385714
2.9697069322463028        0.039919865103045495
2.9762993609042767        0.04006299880775905
3.0064645370970653        0.04070826698344316
3.0163038049026873        0.040904544748736726
3.019810981526735         0.04097281922083972
3.0427032549059545        0.0413966693378032
3.063340662240911         0.04174637223965496
3.0743306564498982        0.04192006320887284
3.1132271977867227        0.042464821658339334
3.1181960575405996        0.042526551410895536
3.119792585493962         0.042544156620426266
3.1316038325922197        0.04266927085184942
3.1334142827859486        0.042687649624585544
3.141482524452685         0.042766972110694634
3.1431086782872106        0.04278244881935772
3.1546062237032086        0.04288628936619617
3.1838648420112174        0.04309041491655334
3.1980491790932652        0.04313393295560832
3.2084960634562187        0.04314982665514913
3.2405521553754615        0.04311304289324582
3.2441614367227256        0.04310375725617507
3.248656940521315         0.04308974391446074
3.250169132574835         0.04308441980730935
3.2711887800832686        0.04297859686856773
3.283972518323744         0.04288520667796783
3.3053235223786612        0.04268026772547201
3.3230468606838848        0.04248824282826609
3.3235670361075718        0.04248206453939267
3.3266700168376797        0.042444566861496905
3.3273622611890934        0.04243592910868478
3.3325842477797605        0.04236700655934165
3.3381613206108054        0.04228605886115336
3.3442702616643527        0.04218869283216626
3.3489746133924285        0.04210751521460607
3.355407951012581         0.041998629016820756
3.3702320841849196        0.04171505752727919
3.402691008005501         0.040935042735603645
3.4171494664867303        0.04051726988853861
3.4383247463138047        0.03982719264991881
3.438371513612986         0.039825633368752764
3.4486945552794372        0.03947366986849959
3.4502736093656727        0.03941846617243738
3.458316669708128         0.03913165621439431
3.4730860081357866        0.03858050442030161
3.484014214524649         0.03816753147060646
3.5157396732078428        0.036846531040317036
3.528629120350515         0.03626504931039612
3.5393690398405413        0.03576300094766844
3.56706348358063          0.03438383545522329
3.5721771162061517        0.034113998301108686
3.590541866847791         0.03310139767116971
3.6002599800205948        0.03253741666385682
3.6173130290322435        0.03150731748257718
3.6290672342035353        0.03076730196903126
3.6395880739842137        0.03008417558271522
3.6676228612795088        0.028168101563002684
3.6707563078138628        0.02796431231408285
3.6817955448308766        0.027237624689801235
3.6850282839816444        0.02702224610635069
3.687777158916957         0.026838186963569446
3.695879474938644         0.02629076564426012
3.713462397376966         0.02500320919700748
3.7157466793502714        0.02483321742239685
3.7345206856416877        0.02341240506355164
3.758120059971618         0.02156649483725394
3.7665936826680606        0.02088741620966932
3.770357092515347         0.020583056120698356
3.7894608060750423        0.01901189799186181
3.8000243173689623        0.018140123211951995
3.8134190736060956        0.01700347246594646
3.8146452006085427        0.016897681791898628
3.825349953100498         0.01596978618219236
3.830577649666709         0.01551390834500959
3.845563977000251         0.014197079502151405
3.8657138099355866        0.012403271950027179
3.8957061514916744        0.009683824769596651
3.9053880208712926        0.00879333199330932
3.9091115249389023        0.008462796862015275
3.9125773137353916        0.008155209843460347
3.912945439713808         0.008122542854956052
3.913177561404631         0.008101945093839059
3.9277512712431126        0.006749845994426821
3.9585009403482974        0.0038644315163479594
3.9616831783272204        0.0035647979960653116
3.9830407460140176        0.0015110751887278714
4.023760183036682         -0.0023532365611268883
4.025414678747026         -0.002507840508103444
4.032015709202728         -0.0031233742503574396
4.037964755327036         -0.003676333435379657
4.0382369869116905        -0.0037015968102946484
4.093576937854144         -0.008763901811327217
4.093590903466222         -0.008765160924485912
4.0939557696219975        -0.008798053274554976
4.09772692251613          -0.009137647762259388
4.144670215370472         -0.01329130907299647
4.150967702344932         -0.01384268864873068
4.158612165282385         -0.014510147603006198
4.178415119525959         -0.01628772916629195
4.180833534648638         -0.01649769882439295
4.182049478187921         -0.016603024888388777
4.21284645969262          -0.019216341471774548
4.21943473269688          -0.019761821051882456
4.220092488887305         -0.019816003754576365
4.226673448441813         -0.020357125332885966
4.2459448845288           -0.02184622118128266
4.255689876398393         -0.02260347941059832
4.293820436574026         -0.02546575029245641
4.3052756317971665        -0.026294283973599807
4.32069243513144          -0.02738648810151977
4.341106233664252         -0.028792333977335532
4.359293044610274         -0.03000606594353572
4.390417541919949         -0.03199850911445691
4.393583290311639         -0.03219296367187534
4.400638256744364         -0.03261833810644119
4.443794177919566         -0.0349807832755606
4.457369873339216         -0.035671487673772796
4.466461364299182         -0.03611349796991976
4.493039178466105         -0.03731113882305245
4.496785775196648         -0.03746863913537959
4.530863205473651         -0.038772682109954576
4.5322478705127285        -0.038820773426593
4.537054863949893         -0.03898475941100972
4.575883412086122         -0.0402256496256746
4.576175409160911         -0.040234194081425936
4.582061050695232         -0.040403914703998366
4.592370752412281         -0.040686946463270056
4.6016851012618005        -0.040930774751331306
4.614169808471586         -0.04123991007148091
4.620343338933599         -0.041385288282098386
4.626552000270989         -0.04151971528839692
4.643894940199573         -0.041870281128810125
4.668215971627175         -0.04230003973399864
4.682328836910266         -0.042516304323500495
4.701016393761034         -0.042765251189317496
4.726637751798762         -0.04302365229986795
4.7424607055821415        -0.04312066058518484
4.764434762259833         -0.043185733457165025
4.769700001470487         -0.04318929891955099
4.779607494996641         -0.043183402420811846
4.783477890609855         -0.043176627235703535
4.79334867031856          -0.04314797437945225
4.80333681858172          -0.04310234764927145
4.845856526438736         -0.042855973955367055
4.862547497626798         -0.04271642331211697
4.868755104370234         -0.042658361132272345
4.89043949133802          -0.042445356882966585
4.899552121327491         -0.042344403199105846
4.908467754019993         -0.042214944176065895
4.923300730768057         -0.04198850873430096
4.943459663216576         -0.04165863372325102
4.957139222916598         -0.04142245709884204
4.982260443154738         -0.04094953630990195
5.000094509652618         -0.04058298790241226
5.010205531179842         -0.04036380864413465
5.0126659666184326        -0.04030922904343261
5.015547697697126         -0.040246420864050135
5.015595560962204         -0.040245375232649566
5.0210783648654695        -0.04012506958680506
5.022748245591267         -0.040088220844062876
5.050660500639029         -0.03945793669617004
5.060722654214516         -0.03922408206832953
5.086939602637145         -0.038598240434710655
5.088271349255166         -0.038565811717716406
5.093722332587878         -0.03843243477679337
5.10133584006377          -0.03825432719551581
5.115563875348513         -0.03791441936166015
5.120586051046668         -0.037792242440777196
5.134900747805627         -0.03741046916987623
5.180826746300562         -0.03616322898904469
5.186606528226158         -0.036003845088429805
5.187652272461738         -0.035974949758070016
5.194441209586269         -0.03578693171542601
5.213444935200193         -0.0352566606327795
5.223292393031698         -0.03497958219310962
5.233245724677503         -0.03469931313247235
5.266973776897682         -0.03374610434798606
5.285966135953254         -0.03320698229677689
5.339721867500996         -0.031671811335023115
5.342450943520636         -0.03159350913744015
5.345659005749124         -0.031501418910443266
5.348285698404379         -0.03142967850575845
5.35796348207031          -0.031165080316330144
5.36151596769801          -0.03106784288258688
5.386466699365529         -0.030377937852790304
5.391697485336781         -0.03023308711674667
5.397027032416015         -0.030085424531364775
5.407186661878199         -0.029803722549774436
5.431531901305179         -0.029119059843315788
5.441407503051168         -0.028844100666736944
5.445951715036476         -0.02871811715344121
5.487146152280238         -0.027598278657682763
5.489875812757177         -0.027525724689817403
5.5006210358634675        -0.027242110484794756
5.51333382213364          -0.026911639886803996
5.51980577437555          -0.026743850357334616
5.541880505192605         -0.026173831322676856
5.558309776984363         -0.025751882082834687
5.57303116579798          -0.025375457091231124
5.597965677191622         -0.024742876111767464
5.5980006528444335        -0.024742000164955206
5.602760448586559         -0.0246230908401066
5.616137498147616         -0.02429206513044375
5.631964443679033         -0.023906434995178666
5.632642067240723         -0.02389007008210604
5.6416426378825975        -0.023673836843553203
5.647331492739462         -0.023538253994498763
5.658512439052036         -0.02327423451420602
5.679255453364577         -0.022786619592018695
5.685277278950006         -0.02264669265384402
5.726769322140316         -0.021702503792867752
5.7296974490053           -0.021637432942333886
5.731522911005241         -0.021596963157317933
5.7337287620428885        -0.021548159583071835
5.737474681217499         -0.021465401654924287
5.741467770932703         -0.02137748829873871
5.750624796943834         -0.021177073303593086
5.795810865970909         -0.020214033109049272
5.828460842247065         -0.019540842009670302
5.858726183036811         -0.01893380448554461
5.86005465746596          -0.018907533439454952
5.861220616813502         -0.01888450213057561
5.865945305411783         -0.018791676116819683
5.905781873882498         -0.018027012815984077
5.92638813808989          -0.017649651827656158
5.952381171225305         -0.01717670926665949
5.9571462298715           -0.01709124993699239
5.983057748711802         -0.01663326700580897
6.02376116179942          -0.01593688157063196
6.026925949004966         -0.015884016137266213
6.028146468346974         -0.015863677617206005
6.055071235126691         -0.015421995791281031
6.081410433514574         -0.015002856293005356
6.097571816495121         -0.014752011499582765
6.103528000429355         -0.014660043180827104
6.135915105360676         -0.014170366874786754
6.155510466077823         -0.013882631448780608
6.160703159737092         -0.013807461377071525
6.169175339825968         -0.013685787255903737
6.182223537041666         -0.013500747384032508
6.226137087451748         -0.012891699476348224
6.231551602424082         -0.012818062130612437
6.2333211541299915        -0.012794065638228224
6.2367696417796           -0.012747555597921224
6.24664903086086          -0.012615216848490866
6.262635858675456         -0.0124039097049479
6.2907845701784515        -0.012040394586640312
6.296318905343523         -0.011970205469485188
6.318143119549551         -0.011697525839064865
6.327369781560032         -0.011584107505670916
6.354692779808374         -0.011255266727169625
6.361044612052635         -0.011179888208925026
6.37938196306244          -0.01096453505543748
6.384361342549169         -0.01090664535463329
6.4125261668248585        -0.010583914273800397
6.436069688328998         -0.010320279483625036
6.445503587954331         -0.010216076600420574
6.483208370012706         -0.009810317547227774
6.488109565063841         -0.009758832018743722
6.494949311768064         -0.009687466606419028
6.5151993266937005        -0.009479485659826191
6.541007669055608         -0.009219562869643793
6.551556672199316         -0.00911496831319781
6.566069563014407         -0.008972633568928383
6.573312539396436         -0.008902275099344171
6.6037959200007545        -0.00861109815879606
6.608969930286945         -0.008562468470405609
6.612537328794042         -0.008529073004958289
6.614099906077916         -0.008514443565721423
6.627543536972638         -0.008389396363699723
6.65964656104233          -0.008096709731016333
6.660158611568132         -0.008092108959470337
6.660713132097959         -0.008087128990787631
6.662701651496597         -0.008069332568956103
6.67749681382346          -0.007937788644798473
6.685128221988771         -0.007870535025176548
6.775262115509285         -0.0071065230192710275
6.787005047309686         -0.007011240608653555
6.788282509470861         -0.007000954220686134
6.790268290784199         -0.006984988645781705
6.801825840440597         -0.006892654614500942
6.840332343461515         -0.006592265966982168
6.865711809214687         -0.006398408620030098
6.875047274986056         -0.006327981921730404
6.883032654473391         -0.006268214337744105
6.893164533310041         -0.006192849285836403
6.91569199954108          -0.006027157694434515
6.936556378415972         -0.0058760078551379855
6.942370264086064         -0.005834285441841586
6.951845306265263         -0.005766712817114475
6.970328850093293         -0.005636188387654355
7.000151828946132         -0.005429195075843248
7.007998369437653         -0.005375474241180283
7.049342845006105         -0.005097503021572236
7.053872230380111         -0.00506743496514138
7.060227264245            -0.0050254109669765085
7.068917056864978         -0.004968394208266856
7.072544133820814         -0.00494468384315031
7.077837234561104         -0.004910175771105067
7.119030793246988         -0.004645395268277376
7.12597778972954          -0.004601401848627594
7.144800056515415         -0.004483299524858365
7.147914634567055         -0.004463858570610191
7.149911243450956         -0.00445141109792749
7.1558192201635755        -0.004414777622128175
7.169600705951418         -0.004329750159859163
7.181978031750266         -0.004253895576552433
7.215123893096886         -0.004053135926501749
7.247637569770624         -0.003859565730854411
7.248274563067662         -0.00385580841186381
7.258993208602546         -0.003792795306140565
7.283253269017329         -0.003651645983257695
7.3065361942778475        -0.003518101272034233
7.30889879290906          -0.0035046550951506315
7.326784031935202         -0.003403493402283908
7.337551370737535         -0.0033431949884442516
7.3397148309854545        -0.003331023007498107
7.358145140552167         -0.003228064554177984
7.360056432857227         -0.003217432683858205
7.376374406166976         -0.0031270079918894814
7.376751345820146         -0.0031249265457552453
7.376936614676681         -0.003123903619704478
7.387935897338213         -0.003063316579687068
7.393534342560432         -0.003032588760906384
7.394086663018398         -0.003029557426702276
7.4156287079955545        -0.002911980783239675
7.4156524768140795        -0.0029118516943348435
7.4157606946004515        -0.0029112639793565835
7.415857479454453         -0.002910738379792934
7.428071003925295         -0.002844599805444106
7.429965060396558         -0.0028343765662958726
7.456169903690059         -0.0026938568250593578
7.456341653305637         -0.002692944773885868
7.488511830850733         -0.0025229542088224003
7.507657954425538         -0.0024225815267563972
7.523772547560686         -0.002338562679467322
7.546474521373005         -0.002220913522020266
7.567128850363378         -0.002114638856806948
7.591566426680844         -0.001989815495582697
7.598094274408063         -0.0019566405823935014
7.637877345175512         -0.0017559948258645543
7.66470338233595          -0.0016221857655509368
7.669077867885706         -0.0016004120707975658
7.675582683358551         -0.0015680891182877224
7.677803974805919         -0.0015570726260289414
7.686602768167636         -0.001513480105239928
7.689550833849736         -0.001498890384548874
7.7230151805724745        -0.0013338310698458153
7.749055831178778         -0.0012061929558910432
7.757607181211981         -0.0011644321583286243
7.761519411080838         -0.0011453519749475085
7.774675961464096         -0.0010813032847324876
7.795396124235257         -9.81125196605164E-4
7.79664186037073          -9.751061488606767E-4
7.798591563080097         -9.656866090350787E-4
7.829083753817416         -8.185098644355421E-4
7.83491193223254          -7.904087779230384E-4
7.860063681944078         -6.69247044092923E-4
7.867901149273171         -6.315285675634677E-4
7.877860070345971         -5.835877284032818E-4
7.908708382137779         -4.3540712617657766E-4
7.910911384721356         -4.248452874002516E-4
7.952335150137434         -2.2675239364352946E-4
7.981290046314906         -8.885613930454716E-5
8                         -1.2959645254978937E-17
