0                         0
0.002545534961071487      1.1913041831026349E-5
0.05735357776181153       2.690898738084853E-4
0.05828593874150793       2.734759940218755E-4
0.05859786945738177       2.7494349805804434E-4
0.08612473253888771       4.0461084251998565E-4
0.10345327912053165       4.8640553929770467E-4
0.17075897508786          8.051309864720186E-4
0.17326610577254156       8.170379903295603E-4
0.17347015121355916       8.180071633135818E-4
0.17352079822355732       8.182477285158573E-4
0.17366521301691437       8.189348260139533E-4
0.17520050153771768       8.262399300071258E-4
0.17610650676952472       8.305333675389874E-4
0.17749012949223894       8.370919072746074E-4
0.1775348691089976        8.373040135267705E-4
0.2261232431016525        0.0010690935145293975
0.24661595453222349       0.0011674611529888552
0.2747149680422737        0.0013029261535972734
0.27705069734639753       0.0013142171928110238
0.27955785333877065       0.0013263421300534826
0.3081496767688908        0.0014650695313821536
0.3165135343034508        0.0015057940943772256
0.32043499433071376       0.001524910438283128
0.3382144916601395        0.0016117606867701094
0.3654644215976621        0.0017457763390843182
0.40217495419543203       0.0019280634399303327
0.40760218050013763       0.001955182336861724
0.4094938631734993        0.0019646450266778874
0.4124000648439994        0.0019791929618121437
0.41740025933783126       0.002004252421409491
0.42005949432388046       0.0020175948301632443
0.4272622355887384        0.002053786525448854
0.46225489109501333       0.002230996860317894
0.4883670003259496        0.002364538976850376
0.49049954110883526       0.0023754944369323455
0.5100805859370335        0.002476514760353621
0.513415375835752         0.0024937866945983025
0.5387677137097511        0.002625070425072626
0.5556146843514692        0.0027132707568921994
0.5628877579269911        0.002751585092563775
0.5751539370986456        0.0028165267753738465
0.5760992248004174        0.0028215483506907678
0.5788719619123596        0.0028362916659249522
0.5806899457935937        0.002845974713745962
0.5971574343289041        0.0029340696634108277
0.5977736263342663        0.0029373803897805753
0.6065302353721929        0.0029845274735881525
0.6380093190357978        0.0031553169886514836
0.6612819709264319        0.0032828727237171076
0.6855044718210539        0.0034167993484077942
0.6969304945970769        0.003480386438701683
0.7024852996082656        0.003511633445326838
0.7255222627688841        0.0036421544950017443
0.7349821202105665        0.003696186895908732
0.7375231000366003        0.003710720920518619
0.7397014151443304        0.0037231936994998856
0.7402204731899482        0.0037261675554161678
0.7426996821240966        0.0037403812696513604
0.7468224837137704        0.003764157666977156
0.7504444708873611        0.0037850874964550814
0.7555675636570112        0.0038147580633527424
0.7685605338921486        0.0038899087289768885
0.7685694310655659        0.0038899603936557257
0.77068375450984          0.0039022458953336444
0.792187638232335         0.004028091663556619
0.8053094889446939        0.004105684622770301
0.8238702164172282        0.004216475552678823
0.8384593910643905        0.004304412279883908
0.8532415322116187        0.004394277359157564
0.8550514142323768        0.0044053331041185775
0.8576281001156617        0.0044210928261982935
0.8604037095278958        0.004438089576815325
0.8875985960288404        0.004606045958273843
0.8990879575955962        0.0046779572818916185
0.9018670601602206        0.004695419675758779
0.9198428595612875        0.0048091437081609276
0.9305307750965246        0.004877396223113158
0.9447972169593672        0.004969239346898474
0.9520507845279615        0.0050162593864580786
0.9659300653226309        0.005106837783527714
0.9807461778201273        0.005204411800179954
0.9835065626468665        0.005222691400602375
0.9873861536726791        0.005248435942354075
0.996594556155662         0.005309791833730166
1.0120172710839745        0.005413341707250083
1.032893645021881         0.00555496121254899
1.0509840521425817        0.005679476768705029
1.064749465838238         0.005775398156075894
1.0816931096891211        0.00589486011016947
1.0820861979718184        0.0058976498518194505
1.08386556341377          0.00591028833606223
1.0879016285822924        0.005938996345178944
1.1264065547216062        0.006217611086846718
1.135587593511918         0.00628530876744006
1.141089006132253         0.006326107657208286
1.1586482058639072        0.006457310513663862
1.183363155223182         0.006644631506659726
1.186328362023143         0.006667313766807931
1.1875080064468029        0.006676312403710008
1.1990997037925757        0.006765282032408056
1.2119602597403092        0.0068651484663511154
1.2321676548505909        0.007024769418136639
1.2441320147644104        0.0071204964192061885
1.2527917458044646        0.007190348607412798
1.2576208867523695        0.0072295082949204005
1.280900612904774         0.0074203566495552485
1.2889521352957347        0.007487162271473829
1.290510138686022         0.007500136850333727
1.2922907443334322        0.007514984018268538
1.3286917169026302        0.007822906300377219
1.3393222149831203        0.007914884188620483
1.350620258719181         0.00801341583533868
1.3794914340772035        0.008269076970142172
1.3816140450450773        0.008288147561770029
1.3834118025381976        0.008304328901311159
1.4021203427663615        0.0084743215748649
1.4234050171630088        0.008671272032835117
1.430338167069611         0.008736241469575896
1.438051523524861         0.008808993250501702
1.4536204268135429        0.008957349650206494
1.4734030982422643        0.009148775746225354
1.4839803709963384        0.00925295763555187
1.5165102380693771        0.009579306094939257
1.523787530787991         0.009652774605722
1.5494022956349762        0.009916014758188409
1.5937764923832094        0.010389162898096306
1.6005953008312677        0.010463793895917133
1.60331944606997          0.010493752619744369
1.6350202799672062        0.010848397298978334
1.6500142204113644        0.011019997358105387
1.6865985992070496        0.01144866936270033
1.7117292269386275        0.011751523399176976
1.7291542472104846        0.011966103900804817
1.7303288802702868        0.01198067143537602
1.7521098452826787        0.012252471519140051
1.7577966417261306        0.012325838206852551
1.775947721985454         0.012556404412480248
1.779176876906599         0.012597970474886972
1.7994339549040603        0.012862493792639557
1.8030786654237927        0.012910916920594899
1.833363071705261         0.013320904769636491
1.8556191817644032        0.013630893137154085
1.8603591851859358        0.01369786363865551
1.8809653234538386        0.013992883391182822
1.902788856585265         0.014312211572210165
1.9039574815919198        0.014329510835885498
1.9125269142283192        0.014456984874442563
1.9335205470144115        0.014773884928146247
1.9454309029641768        0.014954678407209487
1.948775354171642         0.015005749195667878
1.9621620798892834        0.015211501509136898
1.9737803687864712        0.015391802097981237
1.9871351224859954        0.015601035134597943
1.9995241992558708        0.015800702615056245
2.0049825700324106        0.0158894435512347
2.0237781744538497        0.01619769788495428
2.025145456934843         0.01622028383937633
2.026743428241232         0.016246708364910233
2.0289601212014743        0.016283413960873357
2.0429478967040766        0.016517518453864895
2.064121781375939         0.01687680673411601
2.065815450354167         0.016905801348192247
2.0878938682826096        0.017287235342419143
2.099009091576425         0.017480108144563647
2.118223744904096         0.01781951469654405
2.1403259111243194        0.0182193143874116
2.1682663989316993        0.01873909647415603
2.1805062682539154        0.018971853125487104
2.191203461196668         0.01917811790466297
2.2003672192621924        0.01935646694730804
2.2124173446547486        0.019593312286274825
2.224227941361068         0.01982800789901386
2.239351825229385         0.020132241756410672
2.2589808246244707        0.020533293616565265
2.268912730046799         0.02073888354385915
2.2796809740027637        0.02096361932155049
2.292258023166873         0.02122833243220559
2.3015032498513577        0.0214244499664248
2.322303345909842         0.021872686078716813
2.3472787712035528        0.022416815115714566
2.3577022247518675        0.022645815760432998
2.361861946182695         0.022737517683958833
2.38003101771234          0.02314015788892745
2.4109380452089164        0.023832929329143306
2.414196666975309         0.023906911101473853
2.4512689639950955        0.024760484845063574
2.4588420543344345        0.02493846173894703
2.4759727021763345        0.025345571100156686
2.5148974771026857        0.026293912635403194
2.5301920599301253        0.026675394887549095
2.537034167599728         0.02684766993773746
2.53946558794951          0.02690914773420434
2.5398034392831033        0.026917691354638253
2.544430732543799         0.02703473488587923
2.549128263200432         0.027154233940542557
2.5855404370564514        0.028071970250611988
2.609347684921431         0.028663829594734715
2.6172607315575696        0.0288591193073431
2.6309066531466825        0.029194214489201294
2.6363808304550784        0.029330828530025246
2.654476325566652         0.029782681262833753
2.6741193323924026        0.030273627960199077
2.7181185488777744        0.03137502760268799
2.7500625909085397        0.032176137881044085
2.7621247363824075        0.032476935681118695
2.7836231066841846        0.033013609177304254
2.7859326582154424        0.03307130633399502
2.793253920748209         0.03325426078620547
2.795400898291214         0.03330792842823393
2.822521030525144         0.03398646344908813
2.835272377785478         0.034305892709555676
2.8416490039114444        0.03446572610181727
2.8425420060509694        0.0344880409417985
2.8433644633804818        0.03450706705257673
2.8538998210458155        0.03474510847101546
2.879072142403022         0.035296183263609726
2.8955453003220666        0.0356433196776551
2.901181683708742         0.035759642893154725
2.913290970175903         0.03603329520487526
2.9209060509330147        0.03620082622720033
2.944656295399774         0.036700719965921065
2.947384063132964         0.03675594175258077
2.9691394823640267        0.03717192273941104
2.9849174701721433        0.03745985509313304
2.985004806520559         0.03746141670885334
2.9918620485773353        0.03758292137020021
2.992082544999954         0.037586792135326855
3.003005301501112         0.03777571153235085
3.036021492951012         0.038313061690398956
3.06294825539534          0.03871381341905691
3.0878153920354134        0.03902797559784672
3.099228456214715         0.039153607525205164
3.1235861099904016        0.039382683055649514
3.1330418475700865        0.03942782055927964
3.13390749666683          0.039434424101645514
3.151053080690366         0.039547441371885116
3.1575196626459876        0.039581277173741033
3.185891064302494         0.039672831311171566
3.187284440040805         0.03967494032437171
3.206535973037618         0.03968120075263008
3.215995380948341         0.039668696698380905
3.2167033739429196        0.03966738595584506
3.218076585853265         0.03966469482855482
3.2386579171739682        0.039600829860851165
3.2685783261923693        0.0394292955606371
3.2794249170196546        0.039344084386862224
3.287991409623681         0.03925358962608509
3.2929835366698543        0.03920866753533139
3.2942989277632266        0.03919356905564707
3.3018165923737057        0.039103428431956216
3.331432086538676         0.038710177857460386
3.3480960171559158        0.03843782278808104
3.3562405610160595        0.03829132488166875
3.373346094297415         0.037955034310858546
3.3794745411379634        0.0378251190790313
3.400811640483843         0.03733398222043159
3.4204035692338026        0.03683107341643889
3.4241130475284           0.036729953847089235
3.4277015637335424        0.036630343968261855
3.4361193412938245        0.03640373513305086
3.4381709546462242        0.03634629657846674
3.4628991259668886        0.03558589595188356
3.4684664842780872        0.03539735465537867
3.4981220771158816        0.034285647992932315
3.5051528922203086        0.03399556011297656
3.5242643120858173        0.0331773956122287
3.528616150789621         0.032983826298571786
3.5335665447226754        0.032760356406522056
3.5393744262045064        0.03249373166121664
3.543088504332836         0.03232071138476662
3.569899344061394         0.031019126543882745
3.5807940411946166        0.030465869725137946
3.588521864551133         0.030064902437617114
3.6002655788678264        0.029442010038253818
3.633782560883075         0.027574322297840837
3.6706364710142756        0.025366945093283085
3.6716728683968505        0.025302541768882924
3.6798373216964526        0.024790736869246113
3.705744575590588         0.02314066812883452
3.7316338931012947        0.02135758018775815
3.7474491048424796        0.02024225758583415
3.7539394224212           0.019771003833277068
3.7564934609747445        0.019584909695151687
3.7570146929404626        0.01954688631859087
3.761271381927877         0.019235793816009324
3.78483443186958          0.01752367160980711
3.800211665442129         0.016371560963068393
3.802645469700427         0.016186694822695143
3.8271658275783285        0.014285795647573457
3.8398983035241145        0.013271181359259816
3.843433651857792         0.01298611906718594
3.843904379960337         0.01294805377334924
3.844215034704367         0.012923070952619534
3.846339296906238         0.012752095484534402
3.860000594956655         0.011646596166931035
3.8863197589886394        0.00948780094625961
3.889113601219585         0.009256398308840652
3.9047951232205027        0.007949577655202105
3.9101255329795808        0.007523291413017771
3.9108410045111826        0.0074659714530184934
3.936399204333453         0.005402557962739271
3.9577747518231154        0.003653191531117049
3.9593673364088553        0.0035219932886619443
3.9780052840427684        0.0019777030914209133
3.980214568787365         0.0017877573983284783
3.985985348127555         0.0012912924263630988
4.023737217502707         -0.0019678017583276554
4.0292014349116645        -0.00244114370456206
4.037492470005278         -0.003157442376093117
4.046482887486867         -0.003929877554506864
4.0567666027434175        -0.0048079616930200245
4.0917570359257285        -0.00775194789502289
4.097901463769619         -0.008261948215814047
4.100246833965358         -0.008456069518761551
4.106407675396028         -0.008964543530938531
4.122876200821242         -0.010313462712905437
4.131928929192066         -0.011042524392774209
4.141506552090279         -0.011804050235123188
4.143059215773324         -0.011926554052249658
4.151273975744717         -0.012570280995673616
4.163476618764534         -0.013531401231715954
4.181097175882382         -0.01490789549439125
4.184284698464688         -0.015155466841471994
4.194164677744394         -0.015883110090540005
4.203832080744133         -0.0165926527428048
4.212866782590089         -0.01725357213000849
4.2137046371995694        -0.01731475705332088
4.22580633352717          -0.018196466154281433
4.226684639799411         -0.018260310575430122
4.234362464569131         -0.018817564755095172
4.239284644207467         -0.019172663965968995
4.266641752837961         -0.02111370154804448
4.27700714370622          -0.021834720476502947
4.298221316008427         -0.023285668407075247
4.305393567159152         -0.023768705236599172
4.334547883510044         -0.02569311977570614
4.353527678568973         -0.026911148565803462
4.354110324931382         -0.026948080836572387
4.354567435464142         -0.026976992034996993
4.363139287068963         -0.027508766208082562
4.363421618433008         -0.027525946136429755
4.410187228160287         -0.0300766727923302
4.421436785043477         -0.030602758666575147
4.421491478630854         -0.030605233526014942
4.423084571394175         -0.03067696830531813
4.456734549929235         -0.03223303534491484
4.457830623673584         -0.0322812234320442
4.4707313938543285        -0.03285169058106152
4.496204392091526         -0.03391586232889615
4.528732860135597         -0.03515466547035592
4.5435406401657294        -0.03567397262498399
4.55735727803096          -0.03613334051980142
4.568789564848201         -0.036495057059213805
4.578688383073282         -0.036785838240219276
4.59390882756591          -0.037194028277656936
4.605688350364375         -0.037477564902727904
4.629770166705903         -0.03800468995687922
4.632359376534225         -0.0380573808613794
4.648375897233532         -0.03836612753142386
4.661929371461626         -0.03860427257501016
4.671620984237142         -0.038757640409495586
4.68652721837759          -0.038970735961165806
4.698674797430333         -0.03912396549623187
4.7032668411259735        -0.039177111142139544
4.716965903733385         -0.039320079984633244
4.729749338344337         -0.039432448608442416
4.746592356652712         -0.03954948260610026
4.762441558954365         -0.03962740176949292
4.775077771867656         -0.03965968888594687
4.778037509773789         -0.03966273428220981
4.785247545070543         -0.03966297762062548
4.822009868768566         -0.039601364184027876
4.826676855337499         -0.039585661884343155
4.828796592228445         -0.03957794358840705
4.840774462646709         -0.03952744799729364
4.84180068475229          -0.03952257779943341
4.843958921849088         -0.03951205521802287
4.851231533389374         -0.03947380184713626
4.859821141090095         -0.039423067964080905
4.891826211993214         -0.03918107882604333
4.898827427917478         -0.03911701238011141
4.900217044448816         -0.039104640357681596
4.906201049538387         -0.039049352664877655
4.9196079517509705        -0.038913634740873726
4.9302334987775           -0.03879443447071617
4.970944053176961         -0.03820186677533605
4.992581379333773         -0.03785207464491101
4.997848985004308         -0.03776869855609951
5.001448610532862         -0.037710819799083486
5.029872295474886         -0.037185736427576166
5.037200718183308         -0.03704565954396541
5.062329421220887         -0.036550727420660734
5.09390475510642          -0.0358967348168787
5.106290861119698         -0.0356304333994318
5.113811483764556         -0.035466056813633615
5.115355059518538         -0.035432068468614485
5.115419464442853         -0.035430648465929686
5.1154706592267445        -0.03542951961495458
5.1289845692573           -0.03512825090598115
5.182709426764511         -0.03386580910229116
5.191471071776421         -0.03366378631186848
5.21015286359548          -0.03320356497036713
5.226441920505144         -0.032803865785978985
5.235217398815795         -0.032585933576464
5.235729371604711         -0.032573162912758906
5.24346402171586          -0.032379475475912856
5.251314013752125         -0.032181453323804066
5.263849065466969         -0.0318622258803515
5.280511883087822         -0.03143212556630355
5.284812348547206         -0.0313200562021888
5.297911947914582         -0.03097598818793315
5.303416973232251         -0.03083448487480797
5.355185621536471         -0.029518542150323433
5.368528817373471         -0.0291836810754915
5.371124712656332         -0.02912175593833549
5.37371020706585          -0.029060253991761036
5.379160200263445         -0.02893118566903176
5.383456630112939         -0.02882998362852341
5.388947250439348         -0.028701354818283942
5.40481467746225          -0.02829884736594721
5.4051946864467295        -0.028289265054836876
5.414643379812878         -0.028051869153739032
5.416982164249908         -0.027993363844526248
5.417139839995764         -0.027989423199812707
5.420284405390957         -0.027911997597594048
5.420510444848164         -0.027906433875389304
5.463725589145595         -0.026847246582104668
5.524426611417707         -0.025374633082512976
5.524479250607303         -0.025373363729007448
5.531365354671043         -0.02520742536511152
5.543166204684663         -0.024923583088178963
5.55589484188443          -0.024619993717022316
5.581999609724621         -0.02400616314835715
5.610044034270703         -0.02336678384995739
5.620370831915596         -0.02313432071540868
5.626711883204515         -0.022992373049152037
5.64340095945097          -0.02262166569390793
5.664691710772345         -0.022154815270481423
5.688232734375152         -0.021646547243712233
5.690978508855332         -0.02158780593907219
5.704802309177318         -0.02129378857809025
5.7362436061502216        -0.02063575288690652
5.752981488001643         -0.020300062750767865
5.76927136578155          -0.019966805071685297
5.772738934470173         -0.019897005963838508
5.7869072594598725        -0.019617828504750093
5.811921086443629         -0.019131984434300045
5.843607086756859         -0.018531364300391928
5.847391551344422         -0.018460735481837874
5.853700660107042         -0.01834351488255085
5.858024136516034         -0.018263565644400785
5.867579172745804         -0.018087968713572558
5.910287232545896         -0.01732151395128074
5.923887147106823         -0.01708404871123788
5.93456506063554          -0.01689968263507945
5.946010487526054         -0.016704094989526
5.958766358681241         -0.016488588952683455
5.98319901627709          -0.016083093480102457
6.01570199144876          -0.015558498437343716
6.017689381300118         -0.015526971790062936
6.03714104389549          -0.015217989831491736
6.067328065041666         -0.014752958453099867
6.091844234296139         -0.014388869869067768
6.117010898167102         -0.014022784884433832
6.140239058633036         -0.013691788540011011
6.141809827263171         -0.013669661659821086
6.153334067171415         -0.013508385283734211
6.15921503492577          -0.013426803972154632
6.1663527362053125        -0.013328442853980882
6.166891058244849         -0.013321053574902183
6.168843766530576         -0.013294283938712992
6.175254546163613         -0.013206775888133597
6.191997188579014         -0.012980963550026856
6.210153752410735         -0.012740538997651232
6.215594304924166         -0.012668813247835014
6.227591040976615         -0.012511867843410419
6.2356524908627655        -0.0124073436332682
6.2400933583435485        -0.012350085871735634
6.242022407219331         -0.012325324309420422
6.245619471527766         -0.01227929959394027
6.258025096798169         -0.012122044214650626
6.273647894858993         -0.011927262143279346
6.284060807297749         -0.011799450979990345
6.285719124007596         -0.011779245096909478
6.288237219201143         -0.011748641345224369
6.301105968522982         -0.011593712316354199
6.308850795177242         -0.011501638230855853
6.325596767986376         -0.011304479100154188
6.363289691005087         -0.010870330602041792
6.363579292972862         -0.010867046579057644
6.387344255500732         -0.010600239943716193
6.412930690129605         -0.01031890995175856
6.431979616881092         -0.010114199939439477
6.440926574996633         -0.010019364389750858
6.463166360025255         -0.009786765731475598
6.47304257366079          -0.009684908482193298
6.478259733189096         -0.009631458094773133
6.4829307140845644        -0.009583812306670624
6.528994237133576         -0.009125199226725863
6.542882540286522         -0.008991181852096637
6.544176686161461         -0.008978769544339972
6.552424341138575         -0.008899968730732406
6.584129997496835         -0.008601926587542007
6.623119128414367         -0.0082460451963068
6.6267424991611135        -0.008213567445040511
6.629664062973988         -0.008187437877607192
6.635867489214858         -0.0081321748144001
6.638676035397909         -0.008107252638921928
6.643608106414506         -0.008063634301983801
6.64547892773843          -0.008047138219076808
6.668420070184833         -0.007846851803730888
6.6950200208291974        -0.007619097745130222
6.696260032707849         -0.007608571808697264
6.703059480255651         -0.007551508167277213
6.731746063409059         -0.007313503897565452
6.739001281780417         -0.007254173358390424
6.749024760656791         -0.007172623107670375
6.7628967932369415        -0.007060902059446966
6.785287939516943         -0.006883365003997598
6.798193970326545         -0.006782602134154781
6.816994986949457         -0.0066378660813420035
6.823698560725186         -0.0065868482680936655
6.837855404076664         -0.006480123345397219
6.840153292490195         -0.006462930257494646
6.847363179996301         -0.00640922088429644
6.8747224514399505        -0.006207162616387741
6.885868086077526         -0.006125837552348911
6.903976442465749         -0.005994929855462453
6.90689184707043          -0.005974083087087349
6.923344161761701         -0.005857130508543428
6.92850589795159          -0.005820679712823712
6.949325717346638         -0.005675201747593788
6.97708281293462          -0.005484456068521947
6.980306015341164         -0.005462543800035701
6.986400707715616         -0.005421245350159115
6.997891323244335         -0.005343781178725855
7.002655288960228         -0.005311878520168014
7.040575361031557         -0.0050624073431125615
7.046868322142325         -0.005021541574828336
7.066422535743348         -0.004895517897028802
7.069931772606108         -0.00487305503653158
7.076517739841972         -0.004831023991237926
7.076990350635002         -0.00482801416273671
7.09684369194229          -0.004702343678109054
7.109391627147944         -0.004623687536683777
7.1431555420184445        -0.004414636790786298
7.148566869694089         -0.004381687154292223
7.166018678028072         -0.00427604875263498
7.172939415125714         -0.004234421075960007
7.203015772609851         -0.004055259601924521
7.255678916962157         -0.0037483859027029783
7.255935307435921         -0.0037469126080574384
7.2559919710088           -0.003746587030945461
7.261459784650744         -0.003715218385738346
7.26150140908607          -0.00371497974452999
7.261867051772379         -0.0037128836677120854
7.263630267440358         -0.0037027815801736193
7.263824855135821         -0.0037016672959382297
7.275901644066256         -0.003632735651187745
7.309230101120837         -0.003444945915796136
7.31541613251844          -0.003410531093676194
7.326255033068806         -0.0033504277518638962
7.335849564356697         -0.003297433754415332
7.370218997736183         -0.0031091006040752543
7.402750683310048         -0.002933402414281138
7.418047827662516         -0.0028516472782256037
7.424277548969127         -0.0028185107496836335
7.42650843459747          -0.002806666681675646
7.429291294577625         -0.0027919085504385438
7.439311298378322         -0.002738930360591673
7.455493785534551         -0.0026538804200312805
7.491216212362868         -0.002468368456134702
7.498286550068529         -0.0024319861868876075
7.519295459524639         -0.0023243230734376545
7.535621522108917         -0.0022411163416599825
7.5524557210085135        -0.0021557397458127044
7.556583915331928         -0.0021348682191974356
7.575907726329893         -0.002037510822094897
7.5958593300901365        -0.0019375798815958532
7.602840268004146         -0.001902733670204557
7.6240863483015975        -0.0017971202012667651
7.652802216031646         -0.0016554248216655194
7.679231567284391         -0.0015259501089628352
7.6829992084185985        -0.001507581448160626
7.6857944375021825        -0.001493967951156367
7.706645934562836         -0.0013925880156386143
7.714793413973676         -0.001353072718063915
7.739519143313382         -0.0012336534901188146
7.7526456270761805        -0.0011704715370893502
7.753470059650648         -0.0011665082744954302
7.794465810116028         -9.701754666141427E-4
7.800345365345966         -9.421373566107544E-4
7.801999622177773         -9.342540364413045E-4
7.810593879423315         -8.933365616051374E-4
7.8133745881316194        -8.800968000645019E-4
7.82808152749551          -8.101769701435392E-4
7.838041695465461         -7.629237924781814E-4
7.852415599416426         -6.948297356265856E-4
7.861812065727497         -6.503570955729874E-4
7.868880915352577         -6.169225397101999E-4
7.87688997173443          -5.790831027092582E-4
7.89022408818293          -5.161259077438405E-4
7.933696853747831         -3.1122379854307526E-4
7.9389324649758475        -2.8658322871201626E-4
7.942744237857411         -2.686523227884718E-4
7.944542344719683         -2.601958465877984E-4
7.95148174505489          -2.275717813466917E-4
7.956732381378111         -2.028995842132222E-4
8                         -2.5575283377462986E-18
