0                         0
0.002545534961071487      1.3501447406959876E-5
0.05735357776181153       3.0496852361486736E-4
0.05828593874150793       3.0993945985614255E-4
0.05859786945738177       3.116026310969442E-4
0.08612473253888771       4.585589548037026E-4
0.10345327912053165       5.512596111411927E-4
0.17075897508786          9.124817845637706E-4
0.17326610577254156       9.259763889340889E-4
0.17347015121355916       9.270747849825199E-4
0.17352079822355732       9.27347425545067E-4
0.17366521301691437       9.281261360428165E-4
0.17520050153771768       9.364052539007611E-4
0.17610650676952472       9.41271149769596E-4
0.17749012949223894       9.487041614690358E-4
0.1775348691089976        9.489445485547907E-4
0.2261232431016525        0.00121163931632414
0.24661595453222349       0.0013231226398972844
0.2747149680422737        0.001476649640567242
0.27705069734639753       0.001489446151674529
0.27955785333877065       0.001503187747214231
0.3081496767688908        0.0016604121353666996
0.3165135343034508        0.0017065666400885831
0.32043499433071376       0.0017282318298458552
0.3382144916601395        0.001826662111451954
0.3654644215976621        0.001978546517388877
0.40217495419543203       0.0021851385649885886
0.40760218050013763       0.0022158733148403623
0.4094938631734993        0.0022265976966306888
0.4124000648439994        0.002243085356447477
0.41740025933783126       0.002271486077320969
0.42005949432388046       0.002286607473906695
0.4272622355887384        0.0023276247285586803
0.46225489109501333       0.002528463108052251
0.4883670003259496        0.0026798108401040696
0.49049954110883526       0.0026922270281954748
0.5100805859370335        0.0028067167280594264
0.513415375835752         0.00282629158686777
0.5387677137097511        0.0029750798147209763
0.5556146843514692        0.003075040190771423
0.5628877579269911        0.003118463104527482
0.5751539370986456        0.0031920636783703688
0.5760992248004174        0.0031977547970622223
0.5788719619123596        0.0032144638876590386
0.5806899457935937        0.003225438008521591
0.5971574343289041        0.0033252789514637156
0.5977736263342663        0.00332903110801567
0.6065302353721929        0.003382464469658193
0.6380093190357978        0.0035760259200415725
0.6612819709264319        0.0037205890864332623
0.6855044718210539        0.003872372594399413
0.6969304945970769        0.003944437963391325
0.7024852996082656        0.003979851237562647
0.7255222627688841        0.004127775093844951
0.7349821202105665        0.00418901181486636
0.7375231000366003        0.004205483709422491
0.7397014151443304        0.00421961952559977
0.7402204731899482        0.00422298989563787
0.7426996821240966        0.004239098771769396
0.7468224837137704        0.004266045355402455
0.7504444708873611        0.004289765828808279
0.7555675636570112        0.004323392471288773
0.7685605338921486        0.004408563225654082
0.7685694310655659        0.004408621778956758
0.77068375450984          0.004422545347523663
0.792187638232335         0.0045651705514956455
0.8053094889446939        0.0046531092385961184
0.8238702164172282        0.00477867229248088
0.8384593910643905        0.004878333916637778
0.8532415322116187        0.00498018100647247
0.8550514142323768        0.004992710850760556
0.8576281001156617        0.005010571869116061
0.8604037095278958        0.005029834853147091
0.8875985960288404        0.0052201854187846975
0.8990879575955962        0.00530168491887852
0.9018670601602206        0.005321475631926504
0.9198428595612875        0.005450362868639543
0.9305307750965246        0.005527715718913209
0.9447972169593672        0.005631804592529253
0.9520507845279615        0.005685093970693116
0.9659300653226309        0.0057877494873650286
0.9807461778201273        0.0058983333728968345
0.9835065626468665        0.005919050253374209
0.9873861536726791        0.005948227400690883
0.996594556155662         0.00601776407757925
1.0120172710839745        0.006135120600894298
1.032893645021881         0.006295622706889526
1.0509840521425817        0.006436740337191555
1.064749465838238         0.0065454512428723645
1.0816931096891211        0.006680841457504187
1.0820861979718184        0.006684003164707324
1.08386556341377          0.006698326780181682
1.0879016285822924        0.006730862523845515
1.1264065547216062        0.007046625897719009
1.135587593511918         0.0071233499357209054
1.141089006132253         0.007169588677455912
1.1586482058639072        0.007318285248098611
1.183363155223182         0.0075305823734843
1.186328362023143         0.007556288934984454
1.1875080064468029        0.007566487390139682
1.1990997037925757        0.007667319635992981
1.2119602597403092        0.007780501594456893
1.2321676548505909        0.007961405339806283
1.2441320147644104        0.008069895941014078
1.2527917458044646        0.008149061754311791
1.2576208867523695        0.00819344273348536
1.280900612904774         0.008409737535396753
1.2889521352957347        0.008485450573568408
1.290510138686022         0.008500155096275766
1.2922907443334322        0.008516981886601289
1.3286917169026302        0.008865960472979247
1.3393222149831203        0.008970202079651761
1.350620258719181         0.009081871279262374
1.3794914340772035        0.009371620565364244
1.3816140450450773        0.009393233902541868
1.3834118025381976        0.009411572754021299
1.4021203427663615        0.009604231117377024
1.4234050171630088        0.009827441636404437
1.430338167069611         0.009901073664708958
1.438051523524861         0.0099835256830897
1.4536204268135429        0.010151662936084927
1.4734030982422643        0.0103686125115688
1.4839803709963384        0.010486685319470182
1.5165102380693771        0.010856546906771895
1.523787530787991         0.010939811218991714
1.5494022956349762        0.011238150058451885
1.5937764923832094        0.011774384617012659
1.6005953008312677        0.011858966414542874
1.60331944606997          0.011892919634880397
1.6350202799672062        0.01229485027134598
1.6500142204113644        0.01248933033835719
1.6865985992070496        0.012975158610233739
1.7117292269386275        0.013318393184909629
1.7291542472104846        0.013561584420089864
1.7303288802702868        0.013578094292604034
1.7521098452826787        0.01388613438753924
1.7577966417261306        0.013969283300281196
1.775947721985454         0.014230591666661812
1.779176876906599         0.014277699870723252
1.7994339549040603        0.01457749296417947
1.8030786654237927        0.014632372509196166
1.833363071705261         0.01509702540478248
1.8556191817644032        0.015448345554640603
1.8603591851859358        0.01552424545634332
1.8809653234538386        0.01585860117587929
1.902788856585265         0.016220506447716044
1.9039574815919198        0.016240112279881744
1.9125269142283192        0.01638458285691548
1.9335205470144115        0.01674373625111917
1.9454309029641768        0.016948635527394625
1.948775354171642         0.017006515754315228
1.9621620798892834        0.01723970170958456
1.9737803687864712        0.01744404237694549
1.9871351224859954        0.01768117315178252
1.9995241992558708        0.017907462962974293
2.0049825700324106        0.018008036023979254
2.0237781744538497        0.018357390935537534
2.025145456934843         0.018382988350549877
2.026743428241232         0.018412936146155783
2.0289601212014743        0.01845453582158178
2.0429478967040766        0.018719854246980295
2.064121781375939         0.019127047631277507
2.065815450354167         0.019159908193898265
2.0878938682826096        0.0195922000540357
2.099009091576425         0.019810789229806725
2.118223744904096         0.020195449988730785
2.1403259111243194        0.02064855630506284
2.1682663989316993        0.021237642670060414
2.1805062682539154        0.0215014335415783
2.191203461196668         0.021735200291319853
2.2003672192621924        0.02193732920632533
2.2124173446547486        0.022205753923831353
2.224227941361068         0.022471742284945917
2.239351825229385         0.022816540656675766
2.2589808246244707        0.023271066098202224
2.268912730046799         0.023504068015811206
2.2796809740027637        0.023758768563872084
2.292258023166873         0.02405877675596054
2.3015032498513577        0.02428104329475177
2.322303345909842         0.02478904422203894
2.3472787712035528        0.02540572379733137
2.3577022247518675        0.025665257861357683
2.361861946182695         0.025769186708025166
2.38003101771234          0.02622551227367782
2.4109380452089164        0.02701065323929356
2.414196666975309         0.027094499247939052
2.4512689639950955        0.028061882824058394
2.4588420543344345        0.028263589970470383
2.4759727021763345        0.028724980579866013
2.5148974771026857        0.029799767653203555
2.5301920599301253        0.03023211420565921
2.537034167599728         0.03042735926255008
2.53946558794951          0.030497034098549914
2.5398034392831033        0.030506716868375583
2.544430732543799         0.030639366203789754
2.549128263200432         0.03077479846574968
2.5855404370564514        0.0318148996172265
2.609347684921431         0.032485673540609425
2.6172607315575696        0.03270700188158043
2.6309066531466825        0.03308677642104558
2.6363808304550784        0.033241605667323745
2.654476325566652         0.0337537054312102
2.6741193323924026        0.034310111688264894
2.7181185488777744        0.03555836461651271
2.7500625909085397        0.03646628959871995
2.7621247363824075        0.03680719377216478
2.7836231066841846        0.037415423734557134
2.7859326582154424        0.03748081384547863
2.793253920748209         0.03768816222466731
2.795400898291214         0.03774898555230451
2.822521030525144         0.038517991909335976
2.835272377785478         0.03888001173789615
2.8416490039114444        0.039061156249141235
2.8425420060509694        0.03908644640112207
2.8433644633804818        0.039108009326672674
2.8538998210458155        0.0393777896009282
2.879072142403022         0.040002341032594986
2.8955453003220666        0.04039576230188588
2.901181683708742         0.040527595279465665
2.913290970175903         0.040837734566114094
2.9209060509330147        0.04102760305810264
2.944656295399774         0.04159414929538299
2.947384063132964         0.04165673398693802
2.9691394823640267        0.04212817910540519
2.9849174701721433        0.04245450243966723
2.985004806520559         0.042456272270817136
2.9918620485773353        0.04259397755369609
2.992082544999954         0.042598364420840244
3.003005301501112         0.04281247307083151
3.036021492951012         0.04342146991671367
3.06294825539534          0.0438756552092712
3.0878153920354134        0.04423170567864283
3.099228456214715         0.04437408852968465
3.1235861099904016        0.04463370746426524
3.1330418475700865        0.044684863301742934
3.13390749666683          0.04469234731642692
3.151053080690366         0.04482043355608453
3.1575196626459876        0.04485878079820775
3.185891064302494         0.044962542154049316
3.187284440040805         0.04496493236901374
3.206535973037618         0.04497202752109873
3.215995380948341         0.04495785625964529
3.2167033739429196        0.04495637075144016
3.218076585853265         0.044953320807182104
3.2386579171739682        0.04488094051051419
3.2685783261923693        0.04468653497036277
3.2794249170196546        0.04458996230678425
3.287991409623681         0.04448740157792834
3.2929835366698543        0.04443648987508856
3.2942989277632266        0.04441937826478336
3.3018165923737057        0.04431721889128809
3.331432086538676         0.04387153490693673
3.3480960171559158        0.04356286582835025
3.3562405610160595        0.043396834867770864
3.373346094297415         0.04301570555423052
3.3794745411379634        0.04286846829150892
3.400811640483843         0.04231184651848478
3.4204035692338026        0.04174188320734278
3.4241130475284           0.04162728102875585
3.4277015637335424        0.041514389832760505
3.4361193412938245        0.04125756648620765
3.4381709546462242        0.04119246945768377
3.4628991259668886        0.040330682080945875
3.4684664842780872        0.04011700194491948
3.4981220771158816        0.03885706772754522
3.5051528922203086        0.038528301463610415
3.5242643120858173        0.03760104836279992
3.528616150789621         0.03738166980733041
3.5335665447226754        0.03712840392968347
3.5393744262045064        0.03682622921834831
3.543088504332836         0.036630139571711934
3.569899344061394         0.03515501008542496
3.5807940411946166        0.03452798569086675
3.588521864551133         0.034073556098356675
3.6002655788678264        0.033367611379098674
3.633782560883075         0.03125089860668772
3.6706364710142756        0.02874920444158311
3.6716728683968505        0.02867621400726461
3.6798373216964526        0.028096168454356085
3.705744575590588         0.026226090548596537
3.7316338931012947        0.024205257548744436
3.7474491048424796        0.022941225266584653
3.7539394224212           0.022407137680361372
3.7564934609747445        0.02219623099048912
3.7570146929404626        0.022153137830387505
3.761271381927877         0.02180056632746705
3.78483443186958          0.01986016116046674
3.800211665442129         0.018554435760848132
3.802645469700427         0.018344920801761377
3.8271658275783285        0.01619056840331938
3.8398983035241145        0.01504067220991227
3.843433651857792         0.014717601612232683
3.843904379960337         0.014674460945884977
3.844215034704367         0.014646147082391654
3.846339296906238         0.014452374885230884
3.860000594956655         0.013199475658628914
3.8863197589886394        0.010752841075230087
3.889113601219585         0.01049058475282495
3.9047951232205027        0.009009521345384753
3.9101255329795808        0.008526396937581525
3.9108410045111826        0.008461434316249771
3.936399204333453         0.00612289902729294
3.9577747518231154        0.004140283738141876
3.9593673364088553        0.003991592396694263
3.9780052840427684        0.0022413968398382646
3.980214568787365         0.0020261250543354
3.985985348127555         0.0014634647527795655
4.023737217502707         -0.002230175323171778
4.0292014349116645        -0.0027666295288996472
4.037492470005278         -0.0035784346899610958
4.046482887486867         -0.004453861225489019
4.0567666027434175        -0.005449023249128542
4.0917570359257285        -0.008785540944702358
4.097901463769619         -0.00936354130826054
4.100246833965358         -0.009583545451599097
4.106407675396028         -0.010159815998727877
4.122876200821242         -0.011688591071610065
4.131928929192066         -0.012514860975453906
4.141506552090279         -0.013377923596774841
4.143059215773324         -0.013516761256183556
4.151273975744717         -0.014246318458723883
4.163476618764534         -0.015335588059562156
4.181097175882382         -0.016895614890580005
4.184284698464688         -0.017176195750602266
4.194164677744394         -0.018000858099538653
4.203832080744133         -0.018805006438765016
4.212866782590089         -0.01955404841092271
4.2137046371995694        -0.019623391324009493
4.22580633352717          -0.02062266163842296
4.226684639799411         -0.020695018649057532
4.234362464569131         -0.021326573386005993
4.239284644207467         -0.021729019158326673
4.266641752837961         -0.02392886175132971
4.27700714370622          -0.024746016536910272
4.298221316008427         -0.02639042419154774
4.305393567159152         -0.026937865931671252
4.334547883510044         -0.029118869075978673
4.353527678568973         -0.03049930170474795
4.354110324931382         -0.03054115827828583
4.354567435464142         -0.030573924303166876
4.363139287068963         -0.03117660169932712
4.363421618433008         -0.03119607228478716
4.410187228160287         -0.03408689582812034
4.421436785043477         -0.034683126485592436
4.421491478630854         -0.03468593132629085
4.423084571394175         -0.03476723074283367
4.456734549929235         -0.03653077338769431
4.457830623673584         -0.03658538655310707
4.4707313938543285        -0.03723191598865399
4.496204392091526         -0.038437977302854295
4.528732860135597         -0.03984195419649228
4.5435406401657294        -0.04043050230506302
4.55735727803096          -0.0409511192525154
4.568789564848201         -0.04136106466384322
4.578688383073282         -0.041690616668979226
4.59390882756591          -0.04215323204473631
4.605688350364375         -0.0424745735531456
4.629770166705903         -0.04307198194784219
4.632359376534225         -0.043131698306274856
4.648375897233532         -0.04348161119898661
4.661929371461626         -0.04375150891504666
4.671620984237142         -0.04392532579412787
4.68652721837759          -0.04416683408601764
4.698674797430333         -0.044340494225756935
4.7032668411259735        -0.04440072595778485
4.716965903733385         -0.04456275731260896
4.729749338344337         -0.044690108419591056
4.746592356652712         -0.04482274695026826
4.762441558954365         -0.04491105533544552
4.775077771867656         -0.04494764740076049
4.778037509773789         -0.04495109884985872
4.785247545070543         -0.044951374633397254
4.822009868768566         -0.044881546071944646
4.826676855337499         -0.04486375013230529
4.828796592228445         -0.04485500273024588
4.840774462646709         -0.04479777439365943
4.84180068475229          -0.04479225483608529
4.843958921849088         -0.044780329243821616
4.851231533389374         -0.04473697542348895
4.859821141090095         -0.0446794770226995
4.891826211993214         -0.04440522266628283
4.898827427917478         -0.04433261402756592
4.900217044448816         -0.04431859240214675
4.906201049538387         -0.044255933016974544
4.9196079517509705        -0.04410211936978341
4.9302334987775           -0.04396702573028282
4.970944053176961         -0.04329544900890484
4.992581379333773         -0.04289901792779453
4.997848985004308         -0.04280452502715224
5.001448610532862         -0.042738929102541484
5.029872295474886         -0.04214383461489396
5.037200718183308         -0.041985080813484614
5.062329421220887         -0.04142415774046304
5.09390475510642          -0.040682966122918565
5.106290861119698         -0.040381157849842614
5.113811483764556         -0.040194864385956826
5.115355059518538         -0.04015634426160572
5.115419464442853         -0.04015473492522976
5.1154706592267445        -0.04015345556079144
5.1289845692573           -0.03981201769065603
5.182709426764511         -0.03838125031328479
5.191471071776421         -0.03815229115082824
5.21015286359548          -0.037630706963849826
5.226441920505144         -0.0371777145549246
5.235217398815795         -0.03693072471749976
5.235729371604711         -0.036916251298635475
5.24346402171586          -0.036696738870232164
5.251314013752125         -0.036472313764531195
5.263849065466969         -0.03611052266198685
5.280511883087822         -0.03562307563944513
5.284812348547206         -0.03549606369346012
5.297911947914582         -0.035106119944005636
5.303416973232251         -0.034945749522482264
5.355185621536471         -0.033454347768245
5.368528817373471         -0.03307483855014952
5.371124712656332         -0.03300465672804911
5.37371020706585          -0.03293495452194112
5.379160200263445         -0.032788677089535145
5.383456630112939         -0.03267398144364193
5.388947250439348         -0.03252820212539135
5.40481467746225          -0.03207202701280504
5.4051946864467295        -0.03206116706021482
5.414643379812878         -0.03179211837234131
5.416982164249908         -0.03172581235524279
5.417139839995764         -0.03172134629123474
5.420284405390957         -0.031633597275400285
5.420510444848164         -0.031627291723569186
5.463725589145595         -0.030426879458033962
5.524426611417707         -0.028757917492105625
5.524479250607303         -0.028756478891466278
5.531365354671043         -0.028568415412416413
5.543166204684663         -0.028246727498615086
5.55589484188443          -0.027902659544704025
5.581999609724621         -0.027206984900355106
5.610044034270703         -0.02648235502898764
5.620370831915596         -0.026218896809889036
5.626711883204515         -0.02605802278816641
5.64340095945097          -0.0256378877856488
5.664691710772345         -0.02510879063921771
5.688232734375152         -0.02453275354234558
5.690978508855332         -0.02446618006376914
5.704802309177318         -0.024132960388068482
5.7362436061502216        -0.023387186604908274
5.752981488001643         -0.02300673778405406
5.76927136578155          -0.02262904574786261
5.772738934470173         -0.022549940092324795
5.7869072594598725        -0.022233538972116662
5.811921086443629         -0.02168291569243473
5.843607086756859         -0.02100221287420909
5.847391551344422         -0.02092216687987207
5.853700660107042         -0.020789316867387154
5.858024136516034         -0.02069870773084473
5.867579172745804         -0.020499697875967095
5.910287232545896         -0.01963104914564126
5.923887147106823         -0.01936192187367851
5.93456506063554          -0.019152973654099584
5.946010487526054         -0.0189313076558777
5.958766358681241         -0.018687067480869665
5.98319901627709          -0.01822750594543112
6.01570199144876          -0.01763296489717444
6.017689381300118         -0.017597234696935287
6.03714104389549          -0.017247055144015117
6.067328065041666         -0.01672001958201769
6.091844234296139         -0.016307385853590827
6.117010898167102         -0.01589248953781824
6.140239058633036         -0.01551736034760634
6.141809827263171         -0.015492283216733977
6.153334067171415         -0.015309503323905498
6.15921503492577          -0.015217044504150967
6.1663527362053125        -0.01510556857026395
6.166891058244849         -0.015097194053978018
6.168843766530576         -0.015066855132975412
6.175254546163613         -0.014967679342357543
6.191997188579014         -0.014711758692604302
6.210153752410735         -0.014439277533354548
6.215594304924166         -0.014357988350266204
6.227591040976615         -0.01418011689199888
6.2356524908627655        -0.014061656120558201
6.2400933583435485        -0.013996763990850846
6.242022407219331         -0.013968700886906948
6.245619471527766         -0.013916539542720936
6.258025096798169         -0.013738316779611133
6.273647894858993         -0.01351756376549647
6.284060807297749         -0.013372711113838996
6.285719124007596         -0.013349811113025118
6.288237219201143         -0.013315126861132167
6.301105968522982         -0.013139540628498208
6.308850795177242         -0.01303518999832044
6.325596767986376         -0.012811742983639143
6.363289691005087         -0.012319708019357358
6.363579292972862         -0.012315986126643821
6.387344255500732         -0.012013605273403907
6.412930690129605         -0.011694764616003606
6.431979616881092         -0.011462759935480519
6.440926574996633         -0.011355279645879318
6.463166360025255         -0.011091667833277835
6.47304257366079          -0.010976229617471965
6.478259733189096         -0.010915652511753741
6.4829307140845644        -0.01086165395192604
6.528994237133576         -0.010341892461534184
6.542882540286522         -0.010190006103687204
6.544176686161461         -0.01017593882156902
6.552424341138575         -0.01008663123285173
6.584129997496835         -0.009748850137373585
6.623119128414367         -0.009345517894124985
6.6267424991611135        -0.009308709776036246
6.629664062973988         -0.009279096266289035
6.635867489214858         -0.00921646479467644
6.638676035397909         -0.00918821966247772
6.643608106414506         -0.00913878554729832
6.64547892773843          -0.009120089986676832
6.668420070184833         -0.008893098716036598
6.6950200208291974        -0.008634977449720017
6.696260032707849         -0.008623048055100625
6.703059480255651         -0.008558375928188214
6.731746063409059         -0.0082886377559661
6.739001281780417         -0.008221396478258227
6.749024760656791         -0.008128972860809784
6.7628967932369415        -0.008002355672868304
6.785287939516943         -0.007801147010092545
6.798193970326545         -0.0076869490909725995
6.816994986949457         -0.0075229148978318335
6.823698560725186         -0.0074650947094992565
6.837855404076664         -0.007344139797140641
6.840153292490195         -0.00732465429752243
6.847363179996301         -0.007263783674578742
6.8747224514399505        -0.007034784304329163
6.885868086077526         -0.006942615898434931
6.903976442465749         -0.006794253841987024
6.90689184707043          -0.006770627504497304
6.923344161761701         -0.0066380812488221605
6.92850589795159          -0.0065967703470076865
6.949325717346638         -0.0064318953197425345
6.97708281293462          -0.006215716883438971
6.980306015341164         -0.0061908829791507995
6.986400707715616         -0.006144078069282883
6.997891323244335         -0.006056285341644687
7.002655288960228         -0.006020128995272461
7.040575361031557         -0.0057373949945369535
7.046868322142325         -0.005691080457131398
7.066422535743348         -0.005548253622234591
7.069931772606108         -0.005522795713659946
7.076517739841972         -0.005475160528972232
7.076990350635002         -0.005471749390002603
7.09684369194229          -0.00532932284068726
7.109391627147944         -0.005240179213689738
7.1431555420184445        -0.005003255034851579
7.148566869694089         -0.004965912113466438
7.166018678028072         -0.004846188591502007
7.172939415125714         -0.004799010557900741
7.203015772609851         -0.0045959608871555275
7.255678916962157         -0.004248170694349412
7.255935307435921         -0.004246500960415819
7.2559919710088           -0.004246131973021807
7.261459784650744         -0.004210580841744047
7.26150140908607          -0.0042103103817076335
7.261867051772379         -0.004207934827978247
7.263630267440358         -0.004196485795422923
7.263824855135821         -0.0041952229399548485
7.275901644066256         -0.0041171004091564226
7.309230101120837         -0.0039042720421597057
7.31541613251844          -0.0038652685770459933
7.326255033068806         -0.0037971514562465986
7.335849564356697         -0.0037370915924008403
7.370218997736183         -0.003523647355105891
7.402750683310048         -0.003324522739769648
7.418047827662516         -0.0032318669187934813
7.424277548969127         -0.00319431218639941
7.42650843459747          -0.0031808889093069828
7.429291294577625         -0.003164163027217383
7.439311298378322         -0.0031041210786564364
7.455493785534551         -0.003007731145910267
7.491216212362868         -0.002797484253242361
7.498286550068529         -0.00275625101472097
7.519295459524639         -0.002634232819354232
7.535621522108917         -0.0025399318565763234
7.5524557210085135        -0.0024431717145159655
7.556583915331928         -0.002419517317660691
7.575907726329893         -0.002309178934162045
7.5958593300901365        -0.002195923868142815
7.602840268004146         -0.002156431495191163
7.6240863483015975        -0.0020367362302668125
7.652802216031646         -0.0018761481332077604
7.679231567284391         -0.0017294101253162288
7.6829992084185985        -0.001708592309716422
7.6857944375021825        -0.0016931636797603326
7.706645934562836         -0.0015782664193774965
7.714793413973676         -0.0015334824154090883
7.739519143313382         -0.0013981406235727776
7.7526456270761805        -0.0013265344100501508
7.753470059650648         -0.0013220427124380687
7.794465810116028         -0.0010995321965535335
7.800345365345966         -0.0010677556718411958
7.801999622177773         -0.001058821242304011
7.810593879423315         -0.0010124481040947378
7.8133745881316194        -9.97443040997095E-4
7.82808152749551          -9.18200566993702E-4
7.838041695465461         -8.646469655800903E-4
7.852415599416426         -7.874737010716458E-4
7.861812065727497         -7.370713756279354E-4
7.868880915352577         -6.991788789463481E-4
7.87688997173443          -6.562941836383651E-4
7.89022408818293          -5.849426959455817E-4
7.933696853747831         -3.527203053198696E-4
7.9389324649758475        -3.247943261556584E-4
7.942744237857411         -3.0447263275777095E-4
7.944542344719683         -2.9488862638859E-4
7.95148174505489          -2.5791468574959023E-4
7.956732381378111         -2.2995286230721154E-4
8                         -2.8985321185952305E-18
