0                         0
0.002545534961071487      2.382608366327087E-5
0.05735357776181153       5.381797476449159E-4
0.05828593874150793       5.469519880721592E-4
0.05859786945738177       5.498869961446518E-4
0.08612473253888771       8.092216850823282E-4
0.10345327912053165       9.728110786465726E-4
0.17075897508786          0.0016102619730307265
0.17326610577254156       0.0016340759807471651
0.17347015121355916       0.0016360143267153192
0.17352079822355732       0.0016364954571198975
0.17366521301691437       0.0016378696521161726
0.17520050153771768       0.0016524798601034068
0.17610650676952472       0.0016610667351677295
0.17749012949223894       0.0016741838146398862
0.1775348691089976        0.0016746080271442419
0.2261232431016525        0.002138187029184417
0.24661595453222349       0.0023349223061184636
0.2747149680422737        0.002605852307356431
0.27705069734639753       0.0026284343857857096
0.27955785333877065       0.0026526842602725377
0.3081496767688908        0.002930139062951963
0.3165135343034508        0.003011588188948637
0.32043499433071376       0.003049820876763515
0.3382144916601395        0.0032235213737514955
0.3654644215976621        0.003491552678401707
0.40217495419543203       0.003856126880123414
0.40760218050013763       0.003910364673990615
0.4094938631734993        0.0039292900536244835
0.4124000648439994        0.003958385923895367
0.41740025933783126       0.004008504843094145
0.42005949432388046       0.0040351896606038275
0.4272622355887384        0.004107573051180947
0.46225489109501333       0.0044619937209484095
0.4883670003259496        0.00472907795403549
0.49049954110883526       0.004750988874201243
0.5100805859370335        0.004953029521060433
0.513415375835752         0.004987573389552649
0.5387677137097511        0.005250140850523359
0.5556146843514692        0.005426541514177302
0.5628877579269911        0.005503170185526878
0.5751539370986456        0.005633053551157899
0.5760992248004174        0.005643096701792581
0.5788719619123596        0.0056725833322634174
0.5806899457935937        0.005691949427907052
0.5971574343289041        0.005868139327251465
0.5977736263342663        0.005874760779991515
0.6065302353721929        0.005969054947614542
0.6380093190357978        0.006310633977769793
0.6612819709264319        0.006565745447922358
0.6855044718210539        0.00683359869732609
0.6969304945970769        0.006960772877924474
0.7024852996082656        0.007023266891180127
0.7255222627688841        0.007284308990552074
0.7349821202105665        0.007392373792375128
0.7375231000366003        0.007421441841597267
0.7397014151443304        0.007446387399561825
0.7402204731899482        0.007452335111394873
0.7426996821240966        0.007480762539867557
0.7468224837137704        0.00752831533452313
0.7504444708873611        0.007570174993482483
0.7555675636570112        0.00762951612728276
0.7685605338921486        0.007779817458543165
0.7685694310655659        0.007779920787900849
0.77068375450984          0.007804491791258635
0.792187638232335         0.008056183327724047
0.8053094889446939        0.008211369246162972
0.8238702164172282        0.008432951105995956
0.8384593910643905        0.008608824560418315
0.8532415322116187        0.00878855471897768
0.8550514142323768        0.008810666208901157
0.8576281001156617        0.008842185653062652
0.8604037095278958        0.008876179154298882
0.8875985960288404        0.009212091917236726
0.8990879575955962        0.00935591456448115
0.9018670601602206        0.009390839352217437
0.9198428595612875        0.00961828741703444
0.9305307750965246        0.009754792446946428
0.9447972169593672        0.009938478694527068
0.9520507845279615        0.010032518773651349
0.9659300653226309        0.01021367556780029
0.9807461778201273        0.010408823601115056
0.9835065626468665        0.010445382801961807
0.9873861536726791        0.01049687188546789
0.996594556155662         0.010619583668226427
1.0120172710839745        0.010826683415276863
1.032893645021881         0.011109922425888763
1.0509840521425817        0.011358953538212448
1.064749465838238         0.01155079631296311
1.0816931096891211        0.011789720221161365
1.0820861979718184        0.011795299704461588
1.08386556341377          0.011820576672948318
1.0879016285822924        0.011877992691184364
1.1264065547216062        0.012435222174545004
1.135587593511918         0.01257061753573771
1.141089006132253         0.012652215315277781
1.1586482058639072        0.012914621028199949
1.183363155223182         0.013289263014207216
1.186328362023143         0.013334627534505492
1.1875080064468029        0.013352624808310391
1.1990997037925757        0.013530564065713782
1.2119602597403092        0.013730296933607984
1.2321676548505909        0.014049538837191924
1.2441320147644104        0.014240992839338608
1.2527917458044646        0.014380697215757295
1.2576208867523695        0.014459016590775541
1.280900612904774         0.014840713300059809
1.2889521352957347        0.014974324543901976
1.290510138686022         0.01500027370162274
1.2922907443334322        0.015029968037493466
1.3286917169026302        0.01564581260173323
1.3393222149831203        0.015829768378226004
1.350620258719181         0.01602683167166902
1.3794914340772035        0.016538153941292915
1.3816140450450773        0.016576295124549844
1.3834118025381976        0.016608657803633135
1.4021203427663615        0.01694864315075118
1.4234050171630088        0.017342544066703307
1.430338167069611         0.017472482940188598
1.438051523524861         0.01761798650204432
1.4536204268135429        0.017914699301462073
1.4734030982422643        0.018297551493509888
1.4839803709963384        0.018505915272168175
1.5165102380693771        0.019158612190956173
1.523787530787991         0.019305549212524354
1.5494022956349762        0.019832029517466276
1.5937764923832094        0.02077832579729639
1.6005953008312677        0.020927587792940076
1.60331944606997          0.02098750524059535
1.6350202799672062        0.021696794599072103
1.6500142204113644        0.022039994717330057
1.6865985992070496        0.022897338726528448
1.7117292269386275        0.02350304679948682
1.7291542472104846        0.023932207802745683
1.7303288802702868        0.023961342871888287
1.7521098452826787        0.02450494303942021
1.7577966417261306        0.024651676414845673
1.775947721985454         0.025112808826103616
1.779176876906599         0.025195940950917487
1.7994339549040603        0.02572498758642521
1.8030786654237927        0.025821833842336318
1.833363071705261         0.026641809540422674
1.8556191817644032        0.027261786275459814
1.8603591851859358        0.02739572727846305
1.8809653234538386        0.027985766783519137
1.902788856585265         0.028624423145575072
1.9039574815919198        0.028659021672925805
1.9125269142283192        0.028913969750040326
1.9335205470144115        0.02954776985744849
1.9454309029641768        0.029909356815575258
1.948775354171642         0.030011498392492102
1.9621620798892834        0.030423003019430312
1.9737803687864712        0.030783604197119046
1.9871351224859954        0.031202070270352395
1.9995241992558708        0.031601405231267775
2.0049825700324106        0.03177888710362395
2.0237781744538497        0.032395395771060646
2.025145456934843         0.03244056767990455
2.026743428241232         0.032493416730972176
2.0289601212014743        0.03256682792289814
2.0429478967040766        0.033035036908878636
2.064121781375939         0.03375361346937664
2.065815450354167         0.03381160269752875
2.0878938682826096        0.034574470685977715
2.099009091576425         0.03496021629026389
2.118223744904096         0.03563902939421946
2.1403259111243194        0.03643862877594799
2.1682663989316993        0.03747819294942767
2.1805062682539154        0.037943706252085485
2.191203461196668         0.03835623581043276
2.2003672192621924        0.03871293389571898
2.2124173446547486        0.039186624573647286
2.224227941361068         0.0396560157991201
2.239351825229385         0.04026448351390677
2.2589808246244707        0.04106658723420664
2.268912730046799         0.04147776708878956
2.2796809740027637        0.04192723864416644
2.292258023166873         0.042456664865469756
2.3015032498513577        0.042848899933903055
2.322303345909842         0.04374537215847445
2.3472787712035528        0.044833630232454305
2.3577022247518675        0.045291631521884486
2.361861946182695         0.04547503536893347
2.38003101771234          0.04628031577885879
2.4109380452089164        0.047665858659269596
2.414196666975309         0.04781382220392833
2.4512689639950955        0.04952096969107869
2.4588420543344345        0.049876923478839506
2.4759727021763345        0.05069114220124482
2.5148974771026857        0.05258782527170494
2.5301920599301253        0.053350789775983426
2.537034167599728         0.05369533987635414
2.53946558794951          0.05381829546928551
2.5398034392831033        0.05383538271015302
2.544430732543799         0.05406946977263042
2.549128263200432         0.054308467881952135
2.5855404370564514        0.05614394050205175
2.609347684921431         0.057327659190270594
2.6172607315575696        0.057718238615478375
2.6309066531466825        0.058388428979179015
2.6363808304550784        0.05866165706082004
2.654476325566652         0.059565362526414097
2.6741193323924026        0.06054725592111944
2.7181185488777744        0.0627500552060392
2.7500625909085397        0.06435227576270804
2.7621247363824075        0.0649538713628407
2.7836231066841846        0.06602721835518187
2.7859326582154424        0.0661426126685602
2.793253920748209         0.06650852157297076
2.795400898291214         0.06661585685702462
2.822521030525144         0.06797292689869425
2.835272377785478         0.0686117854196108
2.8416490039114444        0.06893145220412468
2.8425420060509694        0.06897608188408583
2.8433644633804818        0.06901413410564108
2.8538998210458155        0.06949021694250326
2.879072142403022         0.07059236652765497
2.8955453003220666        0.07128663935572144
2.901181683708742         0.07151928578671232
2.913290970175903         0.07206659041013389
2.9209060509330147        0.07240165245477165
2.944656295399774         0.07340143993217418
2.947384063132964         0.0735118835054891
2.9691394823640267        0.07434384547911303
2.9849174701721433        0.07491971018653018
2.985004806520559         0.07492283341797062
2.9918620485773353        0.07516584274065258
2.992082544999954         0.07517358427090551
3.003005301501112         0.07555142306493466
3.036021492951012         0.0766261233809731
3.06294825539534          0.077427626838241
3.0878153920354134        0.07805595119577416
3.099228456214715         0.07830721505046942
3.1235861099904016        0.07876536611131134
3.1330418475700865        0.07885564111855314
3.13390749666683          0.07886884820328327
3.151053080690366         0.07909488274373068
3.1575196626459876        0.07916255434743054
3.185891064302494         0.07934566262223942
3.187284440040805         0.07934988064863714
3.206535973037618         0.07936240150511868
3.215995380948341         0.07933739339660309
3.2167033739429196        0.0793347719115301
3.218076585853265         0.07932938965694712
3.2386579171739682        0.07920165972150241
3.2685783261923693        0.07885859112102023
3.2794249170196546        0.07868816877345101
3.287991409623681         0.078507179251882
3.2929835366698543        0.07841733507036613
3.2942989277632266        0.0783871381109954
3.3018165923737057        0.07820685686360185
3.331432086538676         0.07742035571456723
3.3480960171559158        0.07687564557578444
3.3562405610160595        0.07658264976294805
3.373346094297415         0.07591006862130294
3.3794745411379634        0.0756502381576396
3.400811640483843         0.07466796444040943
3.4204035692338026        0.07366214683239693
3.4241130475284           0.07345990769369251
3.4277015637335424        0.07326068793603287
3.4361193412938245        0.07280747026560071
3.4381709546462242        0.07269259315643004
3.4628991259668886        0.07117179190323475
3.4684664842780872        0.07079470931021863
3.4981220771158816        0.06857129598529318
3.5051528922203086        0.0679911202253742
3.5242643120858173        0.0663547912238609
3.528616150789621         0.06596765259654314
3.5335665447226754        0.06552071281243924
3.5393744262045064        0.06498746332182322
3.543088504332836         0.06464142276891988
3.569899344061394         0.06203825308713012
3.5807940411946166        0.06093173944963176
3.588521864551133         0.06012980487458391
3.6002655788678264        0.058884020075848045
3.633782560883075         0.0551486445949962
3.6706364710142756        0.05073389018585329
3.6716728683968505        0.05060508353705222
3.6798373216964526        0.04958147373777266
3.705744575590588         0.04628133625693233
3.7316338931012947        0.04271516037476741
3.7474491048424796        0.04048451517091212
3.7539394224212           0.03954200766579538
3.7564934609747445        0.03916981938954361
3.7570146929404626        0.03909377263642176
3.761271381927877         0.038471587631257
3.78483443186958          0.03504734321884391
3.800211665442129         0.03274312192536096
3.802645469700427         0.0323733896446136
3.8271658275783285        0.02857159129436168
3.8398983035241145        0.026542362717730077
3.843433651857792         0.02597223813358113
3.843904379960337         0.025896107545907578
3.844215034704367         0.025846141904448065
3.846339296906238         0.02550419096827714
3.860000594956655         0.023293192333066173
3.8863197589886394        0.018975601891715356
3.889113601219585         0.018512796616876596
3.9047951232205027        0.015899155309594872
3.9101255329795808        0.015046582825224308
3.9108410045111826        0.01493194290522551
3.936399204333453         0.010805115924658437
3.9577747518231154        0.007306383061407297
3.9593673364088553        0.007043986576496607
3.9780052840427684        0.00395540618200913
3.980214568787365         0.003575514795823699
3.985985348127555         0.0025825848518914755
4.023737217502707         -0.0039356035174996215
4.0292014349116645        -0.0048822874099698176
4.037492470005278         -0.006314884753034566
4.046482887486867         -0.007859755109864948
4.0567666027434175        -0.009615923386894614
4.0917570359257285        -0.015503895790912077
4.097901463769619         -0.0165238964324965
4.100246833965358         -0.016912139038392324
4.106407675396028         -0.01792908706274842
4.122876200821242         -0.02062692542668804
4.131928929192066         -0.022085048786428918
4.141506552090279         -0.023608100471130603
4.143059215773324         -0.023853108105384168
4.151273975744717         -0.02514056199223546
4.163476618764534         -0.027062802464325006
4.181097175882382         -0.029815790989682865
4.184284698464688         -0.030310933683845697
4.194164677744394         -0.031766220181985605
4.203832080744133         -0.03318530548651895
4.212866782590089         -0.034507144260929795
4.2137046371995694        -0.034629514107554896
4.22580633352717          -0.036392932309480576
4.226684639799411         -0.03652062115177828
4.234362464569131         -0.03763512951111125
4.239284644207467         -0.03834532793286061
4.266641752837961         -0.04222740309702105
4.27700714370622          -0.04366944095394154
4.298221316008427         -0.04657133681509336
4.305393567159152         -0.04753741047414364
4.334547883510044         -0.05138623955236737
4.353527678568973         -0.05382229713256888
4.354110324931382         -0.05389616167410693
4.354567435464142         -0.05395398407095633
4.363139287068963         -0.05501753241713072
4.363421618433008         -0.055051892273825204
4.410187228160287         -0.06015334558564519
4.421436785043477         -0.06120551733414002
4.421491478630854         -0.06121046705301964
4.423084571394175         -0.06135393661162673
4.456734549929235         -0.06446607069083729
4.457830623673584         -0.06456244686509659
4.4707313938543285        -0.06570338116313772
4.496204392091526         -0.06783172465882036
4.528732860135597         -0.07030933094175805
4.5435406401657294        -0.07134794525102287
4.55735727803096          -0.07226668104066604
4.568789564848201         -0.07299011411949785
4.578688383073282         -0.07357167648151489
4.59390882756591          -0.07438805655639977
4.605688350364375         -0.07495512980654931
4.629770166705903         -0.07600937991486847
4.632359376534225         -0.07611476172387063
4.648375897233532         -0.07673225506397069
4.661929371461626         -0.07720854515115273
4.671620984237142         -0.07751528082013001
4.68652721837759          -0.07794147192348021
4.698674797430333         -0.07824793099362021
4.7032668411259735        -0.07835422228543851
4.716965903733385         -0.07864015997043461
4.729749338344337         -0.07886489721806096
4.746592356652712         -0.07909896521338707
4.762441558954365         -0.07925480354018204
4.775077771867656         -0.07931937777309754
4.778037509773789         -0.07932546856562513
4.785247545070543         -0.07932595524246058
4.822009868768566         -0.07920272836928069
4.826676855337499         -0.07917132376991304
4.828796592228445         -0.07915588717804162
4.840774462646709         -0.07905489599581919
4.84180068475229          -0.07904515560009916
4.843958921849088         -0.07902411043727882
4.851231533389374         -0.07894760369550811
4.859821141090095         -0.0788461359294003
4.891826211993214         -0.07836215765333492
4.898827427917478         -0.078234024761473
4.900217044448816         -0.07820928071661372
4.906201049538387         -0.07809870533100717
4.9196079517509705        -0.07782726948300178
4.9302334987775           -0.07758886894268818
4.970944053176961         -0.07640373355192907
4.992581379333773         -0.07570414929107323
4.997848985004308         -0.07553739711344773
5.001448610532862         -0.07542163959941398
5.029872295474886         -0.07437147285638544
5.037200718183308         -0.07409131908916002
5.062329421220887         -0.07310145484253608
5.09390475510642          -0.07179346963495131
5.106290861119698         -0.07126086680004864
5.113811483764556         -0.07093211362844669
5.115355059518538         -0.07086413693840726
5.115419464442853         -0.07086129693303761
5.1154706592267445        -0.07085903923108734
5.1289845692573           -0.07025650181313005
5.182709426764511         -0.06773161820570354
5.191471071776421         -0.06732757262485058
5.21015286359548          -0.06640712994182837
5.226441920505144         -0.06560773157303487
5.235217398815795         -0.06517186715399564
5.235729371604711         -0.06514632582658492
5.24346402171586          -0.06475895095288471
5.251314013752125         -0.0643629066486589
5.263849065466969         -0.06372445176174074
5.280511883087822         -0.06286425113362756
5.284812348547206         -0.06264011240539362
5.297911947914582         -0.06195197637686885
5.303416973232251         -0.06166896975061137
5.355185621536471         -0.059037084301571445
5.368528817373471         -0.05836736215188818
5.371124712656332         -0.058243511877572124
5.37371020706585          -0.0581205079844192
5.379160200263445         -0.05786237133895209
5.383456630112939         -0.05765996725792862
5.388947250439348         -0.05740270963744094
5.40481467746225          -0.05659769473274143
5.4051946864467295        -0.056578530110520116
5.414643379812878         -0.0561037383083085
5.416982164249908         -0.05598672768987893
5.417139839995764         -0.05597884640045157
5.420284405390957         -0.055823995196008475
5.420510444848164         -0.055812867751598556
5.463725589145595         -0.05369449316494628
5.524426611417707         -0.05074926616563573
5.524479250607303         -0.050746727458624574
5.531365354671043         -0.0504148507308175
5.543166204684663         -0.049847166176925944
5.55589484188443          -0.04923998743458075
5.581999609724621         -0.04801232629718314
5.610044034270703         -0.04673356770030866
5.620370831915596         -0.04626864143118309
5.626711883204515         -0.04598474609865236
5.64340095945097          -0.04524333138811771
5.664691710772345         -0.04430963054120428
5.688232734375152         -0.04329309448759762
5.690978508855332         -0.04317561187830946
5.704802309177318         -0.04258757715630466
5.7362436061502216        -0.04127150577384209
5.752981488001643         -0.04060012550151011
5.76927136578155          -0.039933610143290645
5.772738934470173         -0.03979401192758539
5.7869072594598725        -0.03923565700935886
5.811921086443629         -0.038263968868370676
5.843607086756859         -0.03706272860044171
5.847391551344422         -0.036921470963320054
5.853700660107042         -0.03668702976472338
5.858024136516034         -0.03652713128840771
5.867579172745804         -0.03617593742671683
5.910287232545896         -0.034643027901977895
5.923887147106823         -0.03416809742184219
5.93456506063554          -0.033799365269485876
5.946010487526054         -0.033408189978336486
5.958766358681241         -0.032977177904603805
5.98319901627709          -0.0321661869593499
6.01570199144876          -0.031116996873708717
6.017689381300118         -0.031053943579139525
6.03714104389549          -0.030435979661922057
6.067328065041666         -0.02950591690503008
6.091844234296139         -0.02877773973688011
6.117010898167102         -0.028045569767524755
6.140239058633036         -0.02738357707859888
6.141809827263171         -0.027339323318213277
6.153334067171415         -0.027016770565997317
6.15921503492577          -0.02685360794281661
6.1663527362053125        -0.02665688570644295
6.166891058244849         -0.026642107148283578
6.168843766530576         -0.02658856787589804
6.175254546163613         -0.026413551774715743
6.191997188579014         -0.02596192709844086
6.210153752410735         -0.02548107799362299
6.215594304924166         -0.025337626493968687
6.227591040976615         -0.025023735685071675
6.2356524908627655        -0.0248146872647554
6.2400933583435485        -0.02470017174167284
6.242022407219331         -0.024650648617034324
6.245619471527766         -0.02455859918605895
6.258025096798169         -0.024244088427428055
6.273647894858993         -0.0238545242846213
6.284060807297749         -0.023598901958000996
6.285719124007596         -0.023558490191832558
6.288237219201143         -0.02349728268845218
6.301105968522982         -0.02318742463066028
6.308850795177242         -0.023003276459631773
6.325596767986376         -0.02260895819816086
6.363289691005087         -0.021740661201790027
6.363579292972862         -0.021734093155820648
6.387344255500732         -0.02120047988505004
6.412930690129605         -0.02063781990104411
6.431979616881092         -0.020228399876342056
6.440926574996633         -0.020038728776936007
6.463166360025255         -0.019573531460315777
6.47304257366079          -0.019369816961721086
6.478259733189096         -0.019262916186865077
6.4829307140845644        -0.019167624610646146
6.528994237133576         -0.018250398450634555
6.542882540286522         -0.01798236370133602
6.544176686161461         -0.017957539085819058
6.552424341138575         -0.017799937458581203
6.584129997496835         -0.017203853172119702
6.623119128414367         -0.01649209038956459
6.6267424991611135        -0.016427134887024953
6.629664062973988         -0.01637487575215273
6.635867489214858         -0.016264349625726943
6.638676035397909         -0.016214505274765454
6.643608106414506         -0.016127268600880353
6.64547892773843          -0.016094276435063067
6.668420070184833         -0.01569370360432381
6.6950200208291974        -0.015238195487069546
6.696260032707849         -0.015217143614201314
6.703059480255651         -0.015103016331344633
6.731746063409059         -0.014627007791858033
6.739001281780417         -0.014508346713494377
6.749024760656791         -0.014345246212033317
6.7628967932369415        -0.014121804115559198
6.785287939516943         -0.013766730004620564
6.798193970326545         -0.013565204264914277
6.816994986949457         -0.013275732159261698
6.823698560725186         -0.013173696532756265
6.837855404076664         -0.012960246687346398
6.840153292490195         -0.01292586051153869
6.847363179996301         -0.012818441765134598
6.8747224514399505        -0.012414325229300622
6.885868086077526         -0.012251675101217557
6.903976442465749         -0.011989859707437532
6.90689184707043          -0.011948166170686753
6.923344161761701         -0.011714261013597783
6.92850589795159          -0.011641359422158732
6.949325717346638         -0.01135040349170336
6.97708281293462          -0.010968912133575504
6.980306015341164         -0.010925087596605583
6.986400707715616         -0.010842490696857682
6.997891323244335         -0.010687562354002034
7.002655288960228         -0.01062375703689143
7.040575361031557         -0.010124814682832972
7.046868322142325         -0.010043083146274957
7.066422535743348         -0.009791035790711026
7.069931772606108         -0.009746110069723327
7.076517739841972         -0.009662047979149026
7.076990350635002         -0.009656028322147542
7.09684369194229          -0.009404687352934357
7.109391627147944         -0.009247375070112609
7.1431555420184445        -0.008829273578418331
7.148566869694089         -0.008763374305445555
7.166018678028072         -0.008552097502182863
7.172939415125714         -0.008468842148854393
7.203015772609851         -0.008110519200882908
7.255678916962157         -0.007496771802638157
7.255935307435921         -0.007493825213348087
7.2559919710088           -0.007493174059124354
7.261459784650744         -0.0074304367687319395
7.26150140908607          -0.007429959486315384
7.261867051772379         -0.0074257673326809165
7.263630267440358         -0.007405563157610475
7.263824855135821         -0.007403334589140409
7.275901644066256         -0.0072654712996843345
7.309230101120837         -0.006889891829024449
7.31541613251844          -0.006821062184809811
7.326255033068806         -0.00670085550122962
7.335849564356697         -0.006594867506371977
7.370218997736183         -0.006218201205827976
7.402750683310048         -0.0058668048263692115
7.418047827662516         -0.005703294554319221
7.424277548969127         -0.0056370214972601895
7.42650843459747          -0.00561333336125314
7.429291294577625         -0.005583817098790074
7.439311298378322         -0.005477860719134291
7.455493785534551         -0.005307760838075016
7.491216212362868         -0.004936736910418554
7.498286550068529         -0.004863972371949993
7.519295459524639         -0.0046486461451260555
7.535621522108917         -0.004482232681629554
7.5524557210085135        -0.004311479489995499
7.556583915331928         -0.004269736436779771
7.575907726329893         -0.004075021642643874
7.5958593300901365        -0.0038751597617169655
7.602840268004146         -0.003805467338959771
7.6240863483015975        -0.003594240401161826
7.652802216031646         -0.0033108496420650845
7.679231567284391         -0.0030519002167522973
7.6829992084185985        -0.003015162895161173
7.6857944375021825        -0.002987935901162531
7.706645934562836         -0.002785176030206124
7.714793413973676         -0.0027061454350877268
7.739519143313382         -0.0024673069792920522
7.7526456270761805        -0.002340943073283679
7.753470059650648         -0.002333016548099023
7.794465810116028         -0.0019403509324960565
7.800345365345966         -0.001884274712512377
7.801999622177773         -0.001868508072179986
7.810593879423315         -0.0017866731225415285
7.8133745881316194        -0.0017601935994710145
7.82808152749551          -0.0016203539396856628
7.838041695465461         -0.001525847584392956
7.852415599416426         -0.0013896594707420073
7.861812065727497         -0.0013007141906687444
7.868880915352577         -0.0012338450789685833
7.87688997173443          -0.0011581662049950183
7.89022408818293          -0.0010322518151109291
7.933696853747831         -6.224475968583286E-4
7.9389324649758475        -5.73166457213788E-4
7.942744237857411         -5.37304645379881E-4
7.944542344719683         -5.203916929847497E-4
7.95148174505489          -4.551435625265076E-4
7.956732381378111         -4.0579916827768864E-4
8                         -5.1150566736205055E-18
