0                         0
0.0019423791756871987     1.7638690947378833E-5
0.006308400648609646      5.7297320113162097E-5
0.05534079957430416       5.037188473013777E-4
0.06537102607359707       5.952749515864058E-4
0.08793701548174951       8.01549122020645E-4
0.10214958700170484       9.315993872799421E-4
0.1219264666481126        0.001112816575754309
0.13709882101201343       0.0012520404740411347
0.16438204182334187       0.0015028104956547259
0.1773142499180491        0.0016218475607475739
0.19089603351635206       0.0017469831646252047
0.19170222374759038       0.001754414834631847
0.20081661349706809       0.0018386456136755339
0.20117777672984508       0.0018419859902716485
0.2141193567404202        0.0019618167302331373
0.23726203688833297       0.0021766084280118573
0.24110043082228103       0.0022123198041217873
0.25344974268675163       0.002327381418084898
0.27016973403018385       0.002483240520426165
0.29512890330506114       0.002717149334244065
0.32358996305481513       0.002985698305892575
0.3372835784636646        0.0031155982693926664
0.34754790268732927       0.003213262028931511
0.36909726720034586       0.0034191229307704843
0.39242862243238197       0.0036432617730645317
0.3937301834228785        0.0036558039769865732
0.3954817971562937        0.0036726894219770204
0.4022236679129524        0.0037377276126074038
0.4597895859931687        0.004297060926912488
0.46528244036930444       0.004351149062744341
0.47502551593696507       0.0044475065188004335
0.47809218462560976       0.004477914195318717
0.5161356584490218        0.004855816694392508
0.5242874411877627        0.00493753924377394
0.5248568827178965        0.004943257815484895
0.5286047948716094        0.004980928039732749
0.5289241391686984        0.004984140343391945
0.5357608836901226        0.005053008662761498
0.5863379431500616        0.0055682473349199044
0.5863982292048555        0.005568867539280107
0.5866790076851877        0.0055717562918350255
0.5958080487910152        0.005665848152125276
0.6075536855367778        0.005787367594150114
0.6113646790414615        0.005826906741251099
0.654705579729031         0.0062805596707716455
0.658979209829196         0.006325675110392008
0.6635255874809883        0.006374097601993694
0.6836294349904035        0.0065881906130087755
0.6966747160195554        0.00672845556382816
0.7054578564110925        0.006823415636283928
0.7071899777146134        0.0068421923152041896
0.7116339922270645        0.006890441452247548
0.7413942001549509        0.007216324488711991
0.762667290671302         0.0074522288699241475
0.779440127537423         0.007639967026324588
0.7850302697379287        0.0077028780107059516
0.8083956573618639        0.007967673350859366
0.8198767249315116        0.00809887601987336
0.8233310718070854        0.008138619230234706
0.8329532924759074        0.008249642663018161
0.8455662854358138        0.008395881196758548
0.8730959684729777        0.008717853369742823
0.8924505632336255        0.008948368206169479
0.8998870686620987        0.00903766437768934
0.9070827409949181        0.009124452748061548
0.9256602138576341        0.009350265773657546
0.9396417928216012        0.009521875365016969
0.9424807557996066        0.009556800539535691
0.9681186699137486        0.009874770512929343
0.9780730549795571        0.009999639727696802
0.9788376572599157        0.010009263660601078
0.9798522295382256        0.010022041119864855
0.9808735778804465        0.010034912201171923
1.001926264716766         0.010302070718277575
1.0079068557124389        0.010378608544137606
1.0160495693561915        0.010483274766224756
1.0292601253204077        0.010654206799763671
1.048523219475456         0.010905413879064923
1.0551559644164237        0.010992779983186334
1.0671674790110517        0.01115212856630025
1.0800263836172517        0.011324337820682377
1.0994472875979828        0.011587600313056681
1.1016931858218852        0.011618291201390346
1.1027841126840103        0.011633217479287477
1.130792641914096         0.01202056159999999
1.1515450676211025        0.012312679879835389
1.1515469240730685        0.012312706206934934
1.1652405146758722        0.012507464740030467
1.165243105654966         0.012507501782490734
1.1823541716944725        0.012753371881808941
1.2243319371613723        0.013369089412197856
1.2243341891936164        0.013369123028812793
1.237064178982975         0.01356012138869813
1.2405242272435384        0.013612365999566944
1.2478169255146163        0.01372294420729153
1.2539018437872929        0.013815689558964084
1.2675909050030603        0.014025934028715
1.2994539362734758        0.014523873198226926
1.3078951214004353        0.014657796167912405
1.3198717020783561        0.014849253281032839
1.3295476850674914        0.015005169966215044
1.3333468492088525        0.015066691093458807
1.3618436935639784        0.01553358310456716
1.3746405468710234        0.015746185516964495
1.3991205393924242        0.016162856296157956
1.4219923575061229        0.016560677687571797
1.4623550966385905        0.017272014209724906
1.4723500559773095        0.01745285965359892
1.4768504655981685        0.017534873062416637
1.477967243852324         0.017555280926475313
1.4843173735967965        0.01767197766113815
1.49040893548918          0.01778452231829715
1.5157368148410781        0.01825876379649076
1.5271383382477905        0.018475560230130826
1.5548097260692915        0.019010277489081445
1.5666938975628957        0.019243644508460295
1.580092919451606         0.019509438658332705
1.6187370556505825        0.020291928094668385
1.633063101506026         0.02058801438216022
1.640293327167566         0.020737895763463063
1.6580220094734162        0.02111515037608093
1.6677726228893497        0.021324991702982826
1.6760072156342884        0.021503508554648384
1.7119385921804937        0.022296407530710043
1.7147378269437121        0.022359131136503597
1.716569871410185         0.022400257077201866
1.7376437608384026        0.02287703661986503
1.740195751095443         0.022935323668262477
1.7457860121493347        0.023063419814948725
1.7512486411151407        0.02318955508619081
1.7592984591152283        0.023376640206399804
1.7674853078852195        0.023568388930648877
1.7700763759573126        0.023629386467444415
1.7774404661776564        0.023803563554917476
1.7841212355507026        0.023962622499849193
1.8166354614213083        0.02475091501280111
1.8255095784608484        0.02496776171643373
1.83852549132865          0.025289924308971156
1.8455071262204055        0.02546474259974212
1.8641852085508814        0.025939346306482373
1.881301263469453         0.026383929478547116
1.8912120797480219        0.02664569822276024
1.9153094050085782        0.02729045931334347
1.9163722007473074        0.027319166621433362
1.94446436596471          0.028086254912675395
1.946522089504759         0.0281430711307182
1.9573993683103397        0.028444829510381967
1.9813733504478561        0.02911837197824624
1.9886441257706635        0.029324941078307534
2.003719610343191         0.029756616029420934
2.014167695870656         0.030056020474330643
2.017362193830237         0.03014826179990381
2.051790730135085         0.03116314958067499
2.0639029917327743        0.03152923145372795
2.080719712170855         0.03204529889393132
2.086676830917519         0.03223028402516962
2.1049577421351993        0.03280505931433785
2.123384960077763         0.03339527673861696
2.124086373122357         0.03341795781017791
2.124672853130755         0.03343693448431341
2.1785058675301863        0.035198705294283046
2.1795591477403278        0.03523382606687845
2.1814344958954797        0.03529642238180939
2.1868921850533765        0.03548280572746745
2.1897222813494954        0.03557964029004712
2.2135669390623764        0.03639855294572038
2.230227821561416         0.0369752495230436
2.242349478435589         0.03739715317567437
2.2459671086978816        0.03752177702287465
2.2540998013799918        0.037803468558664594
2.25987367300994          0.03800474179915153
2.3117287170264844        0.039860161574697746
2.3273961428423773        0.0404376735161153
2.3284755537799153        0.04047775040912413
2.333137524466498         0.04065127034955352
2.34632153171916          0.04114574553785308
2.3606674676400567        0.041690115380049395
2.4044675483684195        0.04339287720756632
2.4116845166891014        0.04367403712308029
2.414963356588476         0.04380383309278616
2.4371450523687366        0.04468353605121517
2.4443347239585282        0.04496927653461628
2.480849537977742         0.046425068329842153
2.496062076304045         0.04703382648505753
2.526805264594865         0.04826812432522219
2.541219455566276         0.048854176989832965
2.543780195907596         0.048958312654487336
2.5524114823101804        0.0493093612255609
2.5670629713324273        0.049905955769203925
2.5941102887217773        0.05101807134278365
2.6037902479605597        0.05141948261604666
2.608527378466886         0.05161539589005967
2.628038593615505         0.05242046329929693
2.6337231056816615        0.052654454213971094
2.65358827254883          0.053468711569006525
2.662638357093696         0.05383978551898128
2.6868378270120408        0.0548323819904243
2.699532712263785         0.05534776038329375
2.710633873711924         0.05579674367739485
2.7407140956086518        0.05700538512913293
2.778784512824811         0.058518437864265076
2.779687778130421         0.0585541110424413
2.7822414670247353        0.058654908735259845
2.7837641673550997        0.05871482694738029
2.815039186464212         0.0599145759449035
2.8204721430442037        0.060116978912119756
2.8282377530021137        0.06040319430091448
2.853280682331238         0.061301427599806176
2.86024464428208          0.061544489834731014
2.8672598865599443        0.061778386552698544
2.875826672978356         0.062060026603111204
2.8818496050904394        0.06225541077915539
2.8852924201658032        0.06236612247992051
2.888301144775748         0.062469077806751795
2.8979231716599245        0.06279388692247814
2.898524011358546         0.06281394464840064
2.8987217050371674        0.06282053844617157
2.8990092230666265        0.06282903232944675
2.9152512236975294        0.06330387406896315
2.9396462721965593        0.06399868150496803
2.9455330375903137        0.06418468751924278
2.9510088187969004        0.06435382672393607
2.9554877879636865        0.0644893947502102
2.9722147857364414        0.06497355757698033
2.9740062284322044        0.0650233416462454
2.977009377838795         0.06510590085219045
2.977290430378604         0.06511295530153628
2.977412858577242         0.06511602651919059
2.9816313243803694        0.06522120408562748
2.9831540041368294        0.06525885999737373
3.0084449437462486        0.06586037091902136
3.0305566011918725        0.06634458414546457
3.04398932935595          0.06660578628656169
3.0447096656861454        0.06661908969631546
3.077917008702849         0.06715461036647603
3.079034512958821         0.06716998432336822
3.079551779972269         0.0671770422084188
3.096976916575465         0.06739322101814119
3.0972148200189658        0.06739588244596882
3.1043750557004954        0.06747232779926217
3.1329077017591187        0.06770370916353931
3.1330251046141058        0.06770445661848015
3.1377288101375163        0.06773302370800693
3.164807435982622         0.06784512941457879
3.182421305345583         0.06787016537332292
3.1868969765698427        0.06787051303513375
3.1913340887284716        0.06786077327958022
3.2395887231405545        0.0675900466758944
3.2448061732532327        0.06752861901475475
3.2510784498512173        0.06744646602662302
3.2514546837447083        0.06744124988477854
3.2533025458798175        0.06741515725836232
3.256225480551521         0.06737227688244316
3.2736888493108873        0.06707505005533061
3.298875836886264         0.06652255220904779
3.301932123883609         0.06644556088607653
3.311575278760945         0.06618852401876418
3.331794561465676         0.06557998911551599
3.3490847177361025        0.06503658190734711
3.3642782829512194        0.06451930938768177
3.372784690953276         0.06421226525765875
3.3846860966652286        0.06371109826674487
3.412405805397557         0.062390499820386525
3.4202020833487388        0.06199307944296969
3.4226399038375623        0.06187215267791905
3.4268123269454           0.06166179115056871
3.433089416028685         0.06133725458343115
3.4346023589357784        0.06125758382930908
3.445491486481            0.06066756568120192
3.4610079642734854        0.05977644780236554
3.480535127058968         0.0585708672993456
3.4820940783847534        0.05847057849440358
3.493976010746747         0.0576865688529856
3.528582734518535         0.055198392474388416
3.5342310744767507        0.05476348642504426
3.5361826737712616        0.05461134030032324
3.5402475314253956        0.05429063112315234
3.56207884222659          0.05251653408398885
3.5679972750987035        0.052017390959930805
3.5948531433046433        0.04966811243155195
3.6062941617164           0.04862530162229916
3.6150796465283936        0.04780750771374354
3.617792249498597         0.04755201755250348
3.6616657271076134        0.04322390085341705
3.6936440800631916        0.039836828990100846
3.7071834521212157        0.03832462140242418
3.716038134685762         0.037309046026000894
3.7393608609939957        0.03453341077390743
3.761461882620221         0.031892143458032235
3.767972818927666         0.031100997894480568
3.776363800457395         0.030072660791876524
3.792398861419218         0.02808012362017054
3.7997573831726377        0.027153702835176326
3.8199672888403673        0.0245703492836392
3.8200849532984473        0.024555275353279973
3.8286879613010876        0.02345025146005022
3.8543581614719384        0.020096185787204665
3.869847453723674         0.01803266543609424
3.8728187164652157        0.017633411857086265
3.8885737589130414        0.015498012236395433
3.9050270449443367        0.013234982164158086
3.919665306573795         0.01118860156464411
3.934516530457757         0.009110475580129694
3.9491805530246107        0.007056593816933274
3.961163945694075         0.0053767288839593535
3.972347294297866         0.003807848585705584
4.001202845780848         -2.4542240575100514E-4
4.015238042054165         -0.002219626458387263
4.02143510076624          -0.0030656236542734873
4.039828855498974         -0.005565741685915403
4.043532830376396         -0.006084156169391325
4.054192456441662         -0.007570687353128724
4.061020337852845         -0.008518647837166732
4.0737096703767435        -0.010271645548186215
4.097324126051693         -0.013515369358801653
4.113483718615189         -0.01572408177175188
4.125852546258219         -0.01739520611114379
4.136253349860079         -0.018787373476040422
4.141805281475005         -0.019525625190548183
4.170780107446183         -0.023323290734503836
4.172758877125141         -0.02357684245813243
4.174434320653645         -0.02379121209376185
4.187646407819738         -0.025499295989156755
4.210984265934384         -0.02846592026550451
4.213216097976833         -0.028746241560051577
4.236961154862462         -0.0316921089450389
4.240042878171891         -0.03206996738754005
4.240084667154253         -0.032074870872037906
4.240168162353071         -0.032084667690785475
4.2513797122274966        -0.033401940765464384
4.269811311145969         -0.03553114781123882
4.272486433520232         -0.035836418003380915
4.275175425983015         -0.03614231087483593
4.307327642191282         -0.03972529982080576
4.322704663307809         -0.041390241635025686
4.3289574862001565        -0.042058261553314526
4.330148028989003         -0.04218486326175893
4.363275572155068         -0.0456319562649033
4.367144048253524         -0.046031858822170604
4.370172853407767         -0.046343318539348775
4.377872161394545         -0.04712710026281121
4.383446239512132         -0.04768502654134316
4.417171707846957         -0.05084690547503586
4.420110358279553         -0.05110847265739809
4.422336310928308         -0.051305115569718944
4.4623811864715295        -0.05462368935598108
4.463957390982495         -0.0547458228321362
4.465927068924412         -0.054897541186274074
4.497722131147331         -0.05720770653583692
4.499396351038487         -0.05732210133957625
4.519883094446887         -0.05866274575904129
4.545318321111264         -0.06018449370710433
4.560215522847612         -0.06101389180009594
4.6050302456034355        -0.06323335753290743
4.605447025128113         -0.06325205727911148
4.605580616226194         -0.06325804357085159
4.6056830088860385        -0.0632624808859098
4.628011728990956         -0.064187571428212
4.64231249337783          -0.0647355552068347
4.654244235593968         -0.0651661693022547
4.671264612563035         -0.06573856511032683
4.67847367839609          -0.06596249924675988
4.698750167537318         -0.06652353433885712
4.725336105425378         -0.06710531959608891
4.733458678289731         -0.06724825881919565
4.737107591731712         -0.06730716821103713
4.755879920778256         -0.06755826766345449
4.762397973319059         -0.06763785156173657
4.792499453834692         -0.06786174790766254
4.797240523069565         -0.06788753643579741
4.806642577781908         -0.06792757181271578
4.8091933144364525        -0.06793588683257092
4.836050504785492         -0.06795747167683654
4.8481270502394604        -0.06792790744543165
4.851988061628684         -0.06791331598535225
4.855256389758161         -0.06790464589685022
4.8611918738101085        -0.06788575016615997
4.867352796362149         -0.06786183908052505
4.913871060026718         -0.06740238372963717
4.9185643369614995        -0.06733614722139078
4.931331961529826         -0.06713046859934235
4.93161604522476          -0.06712569733617754
4.931958898812972         -0.06711992772083498
4.969752658956014         -0.0664081824520031
4.985955228554158         -0.06605707394878828
5.000013003780076         -0.06573008801240697
5.020940980950529         -0.06520482307927741
5.02694662938766          -0.06504558875541971
5.059088505128195         -0.06412894114973408
5.068888863642995         -0.06382909080261784
5.068992070992183         -0.06382628426080167
5.069160453627688         -0.06382170352103722
5.0913999747229415        -0.06313948756908622
5.095894760719418         -0.06299774741180766
5.121616765720078         -0.06213274183876537
5.123401690450212         -0.0620715554172017
5.135702419238601         -0.06164579422364292
5.136516674706725         -0.061617358100913885
5.141998360668303         -0.06142510577446178
5.167837080548783         -0.06050034796944172
5.179380592658533         -0.060076990152763354
5.1880032899116175        -0.05975663483357089
5.205943260327024         -0.05907883291664471
5.223649635320193         -0.058394908337863795
5.234639315610761         -0.057962953248444415
5.239109538405905         -0.05778561206951695
5.251812892017174         -0.057307109816929325
5.262834925708953         -0.05688628167236014
5.267266203266321         -0.05671561140147831
5.269156811057693         -0.056642536255131166
5.278967797851422         -0.05624647584297657
5.296111508466353         -0.05555389840538592
5.314903770856111         -0.054793988905788994
5.320077697196394         -0.05458512759735118
5.336304025277724         -0.053928453028771015
5.348373066490099         -0.053438400533794374
5.364271746817328         -0.05279073698982933
5.377544703895122         -0.052248198257522235
5.401225529481579         -0.05127607614280515
5.419516687131937         -0.05052155887587256
5.4256266668173145        -0.05026750239793465
5.43903805983317          -0.04971072056559173
5.474496262264081         -0.04824442151464814
5.479899351689017         -0.04802172318414575
5.493168935927099         -0.04747561762258196
5.513184896077645         -0.04666637794584993
5.515583334727625         -0.04657018711626577
5.529116833496818         -0.04603053581802254
5.575115585159597         -0.04421791748127834
5.585681436903671         -0.04380554980722476
5.593627564965389         -0.04349656419508596
5.608026802459703         -0.042938415374809184
5.611848804392184         -0.04279064775647536
5.613099241835938         -0.0427423377115672
5.632616549652337         -0.04199052105839842
5.67224220423933          -0.040476985809875576
5.675203108548162         -0.04036458377886444
5.680318088451395         -0.040170635360033756
5.684023102657202         -0.04003032902605926
5.687449966927007         -0.039903848439344296
5.695423766136399         -0.03961079506904107
5.721441881818526         -0.03866671761252599
5.736291366227992         -0.03813622943658543
5.742694178856314         -0.03790936117886375
5.746823174211194         -0.03776365714700824
5.7588606609798525        -0.03734154975058612
5.774981874171746         -0.03678247406223101
5.783809566671229         -0.03648038531718568
5.792538024667534         -0.03618471860244518
5.799508750833179         -0.03594458469065589
5.814248801119277         -0.0354469523078566
5.85013651268215          -0.034249250185959555
5.855414620686029         -0.034076186628582014
5.858128654631423         -0.033987504404885426
5.8748161059831245        -0.03344683302337964
5.881665499324719         -0.03322744586262649
5.882976448625513         -0.03318560241740697
5.883540590457468         -0.03316761037829754
5.919180968059983         -0.03204860728025382
5.926396434287966         -0.03182629663162338
5.9688384636033955        -0.03054750108210176
5.975465844123449         -0.03035226794988008
5.980233281488541         -0.030212569860827578
5.985810782138915         -0.03005154233040361
5.9911989456625525        -0.029896458228762288
5.998647802427509         -0.029682834611336546
6.030710519898414         -0.028769057971569957
6.038884168928335         -0.0285399038310353
6.052695085655474         -0.02815620577598895
6.077518366273677         -0.027477617694814944
6.082628077598965         -0.0273396983052181
6.093423390229256         -0.027050295092298598
6.099403908337033         -0.026891124819490655
6.147252672577558         -0.02564604130110925
6.156252598238116         -0.025417578493391196
6.158598012304567         -0.025359409298112496
6.179678462880767         -0.0248404045385997
6.181356673346427         -0.02479938186727668
6.183847047367673         -0.02473858666629659
6.199523355760134         -0.02435809649772268
6.2151394328205125        -0.023980650888409633
6.243429050129994         -0.023309921072336013
6.254294436423027         -0.023056775516970537
6.258921508723206         -0.022949724922673637
6.272324377569987         -0.022642176939931126
6.281532136384774         -0.022433077371062017
6.288274811082448         -0.022281086599066535
6.291011755455328         -0.022219663828130974
6.304239816844495         -0.021925607573584634
6.343670663082477         -0.02107446045663486
6.352331822974392         -0.020890279691857163
6.363272821777194         -0.020659643379427516
6.375625117165823         -0.020401974362030745
6.423928238822079         -0.019422041742207474
6.425849453952903         -0.019383977084446453
6.426186616867222         -0.01937730413335436
6.426693461655205         -0.019367295180309003
6.426781910987577         -0.019365548869735752
6.449423291582927         -0.018921935373308437
6.449518569314206         -0.018920082944573882
6.449601353539794         -0.018918473517359317
6.449763076412103         -0.01891533417313422
6.4499022180351275        -0.018912633508985033
6.495416534252648         -0.018045886848225372
6.508498293663765         -0.017802912449512535
6.527020132509974         -0.017463590343593408
6.548880618264149         -0.01707018251213293
6.564423565631779         -0.01679512868655262
6.567222232899287         -0.016745855031232198
6.5740185232138675        -0.016626616806314387
6.578970256210791         -0.016540113535945963
6.601159062389495         -0.01615645034273791
6.6064892902608365        -0.016065271643655458
6.609365613332014         -0.016016227938344303
6.6250872003590455        -0.01575012609837116
6.64509899095456          -0.015416212845298925
6.6454041013289995        -0.015411163472041729
6.6457634010267075        -0.01540521890539659
6.678561274952287         -0.014870715480551812
6.6814735149202615        -0.014824088776421683
6.687215717454709         -0.014732551096591464
6.702844506061972         -0.01448573186292749
6.710491073015852         -0.014365930805339936
6.7417942066393           -0.013882058987925473
6.745122870777789         -0.013831226367914135
6.749933716206735         -0.013757969899620377
6.760637794913378         -0.013595869101453195
6.794530845740611         -0.013090735611528254
6.795969594677405         -0.01306957064659749
6.7961059677483115        -0.01306756564800846
6.796375112763397         -0.013063609175466971
6.812506225122055         -0.012827884694378094
6.830047368256192         -0.012573605995500132
6.845130497112403         -0.012357448274149165
6.850739099595748         -0.012277705270705397
6.85407941529323          -0.012230324662041438
6.8582757729546815        -0.01217096632100388
6.8680037651234205        -0.01203537456629644
6.869577052844168         -0.012013517382516844
6.872148867708536         -0.011977831020514404
6.897989839492965         -0.01162212055101651
6.9230409040569905        -0.011282800102332494
6.9482201406558035        -0.010947216328847865
6.962048104664339         -0.010765254032737263
6.976844615466014         -0.010572379344293684
6.988694695813775         -0.010419278162162083
7.008622045443475         -0.01016456003811375
7.028155972478869         -0.00991820627301798
7.057186186626463         -0.009556719195908853
7.083127309250516         -0.00924086036858584
7.097144649222081         -0.009071918199401322
7.10264716216305          -0.009005932164593753
7.111075811491694         -0.008905219219238387
7.125813570942712         -0.008730175704790986
7.127205559449997         -0.008713712221006524
7.129132567237595         -0.008690940683128189
7.134088132295835         -0.008632486064032635
7.188700704306742         -0.007998372370932823
7.218248903404611         -0.007663037779040978
7.232186304933063         -0.007506763826455798
7.23668972117375          -0.007456553506615481
7.238847460995889         -0.007432519649001504
7.24671154442297          -0.007345111267475631
7.26174578663807          -0.007179080131684657
7.276653029300031         -0.007015631736437795
7.296509819977002         -0.0067997399920159875
7.302927046549888         -0.006730414913488705
7.309374294599528         -0.006660984823561834
7.315620192945159         -0.006593932689406767
7.316099503720194         -0.0065887956263030005
7.316645232561302         -0.006582948199803406
7.322253383936573         -0.006522948709876921
7.344108306461708         -0.006290718208073816
7.37797504376207          -0.0059348244045916414
7.378095677190986         -0.0059335660531895235
7.381374598235934         -0.0058993883750915275
7.417184838709807         -0.005529601972511492
7.422915782226268         -0.005471001853401823
7.434334129640499         -0.005354723203199329
7.457844842202224         -0.005116949366748129
7.468634948897147         -0.005008385256679938
7.4783991856009955        -0.00491044700313403
7.486289958333812         -0.004831511260610141
7.488867702029657         -0.004805765562414884
7.495911469790416         -0.004735517306739186
7.5347374773009514        -0.004351000012193317
7.536991249575686         -0.004328803567096071
7.539804438636864         -0.004301120858626114
7.542959476662673         -0.004270104883883813
7.566168047638671         -0.00404294590684503
7.573547403101961         -0.003970943111063119
7.585027478591352         -0.003859288969654779
7.609411476922414         -0.0036234757252865753
7.6474973383604           -0.0032600499142462656
7.659444499061032         -0.0031465307691620026
7.6624454072528865        -0.0031180531553068394
7.671588242723389         -0.003031380600869964
7.674135052908436         -0.003007261369305661
7.675930633080451         -0.0029902628758041376
7.67923631947973          -0.00295896050150768
7.6955430325288035        -0.0028048461789125195
7.753685237768954         -0.0022594381102804114
7.76463892756518          -0.002157454927903241
7.793075596484924         -0.0018938362077049013
7.818168317037719         -0.0016625816762151223
7.823735248424793         -0.0016114502216010328
7.8357675151533766        -0.0015011507220998263
7.841911661532411         -0.0014446326007022706
7.856281704276499         -0.0013125207569714915
7.884384228124072         -0.001054457260535823
7.895096532967675         -9.563332806159911E-4
7.900145087786291         -9.101503644482513E-4
7.9048637263088875        -8.669999476465517E-4
7.930456296481472         -6.332083950504156E-4
7.931413227950086         -6.244746954339988E-4
7.950072543893144         -4.5429050810465524E-4
7.958434317906532         -3.780972217164725E-4
7.998442257480196         -1.4150199353250379E-5
8                         -8.064609280546036E-18
