0                         0
8.412135079454808E-4      4.006514231367821E-6
0.0015789313143875522     7.520329995958724E-6
0.001841442355561715      8.770745074472343E-6
0.0040844629636038006     1.9455996465103146E-5
0.009321074156818489      4.440973840306239E-5
0.04920829450029779       2.3483557278163484E-4
0.06046919116060526       2.8870938518375734E-4
0.07116165705401581       3.3990983060372686E-4
0.07680371443469355       3.669295255451172E-4
0.08738026212106392       4.1762501452635926E-4
0.1264541231291641        6.054184474238066E-4
0.16427582780559397       7.879504354682157E-4
0.16653293697010374       7.988670418996721E-4
0.18434212978934333       8.850949395593326E-4
0.22984877016752023       0.0011064097605944525
0.23742185533631757       0.0011433913589584343
0.24530614571595094       0.0011819384951536832
0.2585558429759395        0.0012468229833868057
0.27436881864318585       0.00132443281339905
0.28236437424012517       0.0013637464605306395
0.2845334549103924        0.001374419986101871
0.2874921174728967        0.0013890013501578846
0.3023365918233633        0.0014623218298817076
0.31356040719423717       0.0015179378089850103
0.32062210670840247       0.0015530086894232583
0.336073151779163         0.0016297873132911141
0.35252959055334476       0.0017119882109841562
0.3731577088825127        0.0018156479923087277
0.3847153268547938        0.0018740289968112315
0.4048691440153483        0.0019763508821258576
0.416076420938184         0.002033536120455896
0.41700585817359015       0.0020382877414274934
0.4397465060556205        0.002154983225197057
0.48427097767825145       0.0023858568731112244
0.4847553665126361        0.002388385864799637
0.49235485149282465       0.002428111430893844
0.5101968692052461        0.002522125069510393
0.5236244289455436        0.002593301214485921
0.5267218559745005        0.0026097360336404243
0.5436782007052962        0.0026999914499298313
0.5463640804876692        0.002714332214741745
0.5556618996996269        0.0027643329820560853
0.5645981184415676        0.0028125640327889335
0.5811863803934596        0.0029019690227432803
0.595311157536025         0.0029787308532989117
0.6295639901621365        0.003167302023850727
0.6326435047331976        0.0031844236521116013
0.6395176339145812        0.0032227427785067415
0.64197188224079          0.003236457201237059
0.6910444548143216        0.003514276565840831
0.7077220129666812        0.0036101982760681148
0.7077496705652295        0.003610357983420422
0.7078155982132819        0.0036107386876256227
0.7081907099722038        0.003612903726939766
0.7571954897242726        0.0038988447975402797
0.7746144379710366        0.004001965617541297
0.7800226934960823        0.004034366122455581
0.7928852866595761        0.004111832314409336
0.7987207511187305        0.004147166029241436
0.8448628171782786        0.004430632865377611
0.8558387618267819        0.004498986666232008
0.8720606792248269        0.004600994361596429
0.8820137322115896        0.004664162858666507
0.9042366980368999        0.004806799004770995
0.9142344833423017        0.004871687411418892
0.9359722458070096        0.005014310221110402
0.9465413559568718        0.005084417554657411
0.9685321593817044        0.005231841146220551
0.9839850400373321        0.005336690738011606
0.9898389692088438        0.005376680951426323
0.9939651696312591        0.0054049578008493965
1.0309441263639951        0.005661672571161212
1.0477608262634122        0.00578015026340858
1.0541920882074214        0.005825769794040583
1.0636622890676968        0.005893973084791198
1.084750000953607         0.006046932836614616
1.1084343366807747        0.006222179610289198
1.1111439125225848        0.00624244961039755
1.121594078979156         0.006320994165448287
1.1339992057813721        0.006415036375038182
1.1413173080737664        0.0064709235704967834
1.1713933323128378        0.006703798573719375
1.202889880747342         0.006953171729065783
1.2028944086808853        0.006953207983328962
1.202928344701812         0.006953479705999321
1.2211925856465193        0.007100667516596457
1.2314426958861038        0.007184459771439202
1.232375867900467         0.007192125749181443
1.2333712108381207        0.007200309359306756
1.2455432568951978        0.007300962852532472
1.2618716373823173        0.007437658926639873
1.2619245120866973        0.007438104690680818
1.2758154435887201        0.00755590947767832
1.2758373843010584        0.007556096647552536
1.2886943224051963        0.007666370701372742
1.2925125656677339        0.007699283420359173
1.339838180843057         0.008115014835225502
1.3565402329279383        0.008266384780982102
1.3791135822988831        0.00847486420141502
1.379924495075253         0.008482435673656499
1.381942606476367         0.008501303469160594
1.3837661074747716        0.008518382161997164
1.3889865520042357        0.008567435568824167
1.3896433121392708        0.008573623478637393
1.4006359238542767        0.008677749365664709
1.4696360762080996        0.00935526075201023
1.4777546239785924        0.009437689680529587
1.4990231835045833        0.009656341205261357
1.510692453274483         0.009779103977639543
1.5188233226622307        0.009865421999622608
1.5558609110144013        0.01026593568549246
1.5637086065242274        0.010353191317119438
1.571577368609852         0.01043925961016974
1.6073367631894757        0.010846881207742482
1.6082868544361753        0.01085791708181181
1.6265778815348186        0.011072103163335357
1.6372457459581091        0.011198688356392787
1.6582037922996788        0.011450950695168372
1.678388395817262         0.011698380776153093
1.6882469514429652        0.011820827323439026
1.7009084514391926        0.011979624678904543
1.708610928755016         0.012077072881446632
1.7153042564665342        0.012162610678863824
1.7540489087410172        0.012669827563552784
1.761185188798522         0.01276549671896435
1.7625120797873228        0.012783362091702458
1.7647490320304127        0.012813535296632874
1.7723810903385793        0.012917040944594258
1.7984855761129288        0.013277344847976632
1.8212690405955045        0.013599748343499507
1.8416328763464782        0.01389417375121091
1.8565282705166235        0.014113277820465382
1.8707125383776926        0.014324860989901092
1.8791449033898107        0.01445256701918129
1.8845211772488684        0.014534115370070898
1.910593252620665         0.014939690853933131
1.9280649695597718        0.015219075405189863
1.9407489635095878        0.015423181962305839
1.9465751961505935        0.015517935184492517
1.9539081053003051        0.015638086060078812
1.97862993992563          0.016051584583101287
1.9946831681583084        0.016325261301107886
2.017352351483071         0.016718660113396303
2.0251937954221813        0.01685662930861701
2.029647988384303         0.01693543280142962
2.0366235129415196        0.01705947332320984
2.0695972750818274        0.017655206504687822
2.0806900096384524        0.01785919836222652
2.091047715574875         0.018051300772961743
2.093458997724656         0.01809624790690531
2.110884142483085         0.01842803481876687
2.113873448592338         0.01848566487579301
2.124633659078208         0.018694833328644585
2.131742840563472         0.018834510497892455
2.1354084930246073        0.01890699171318954
2.144431030745931         0.01908672990600186
2.145695825694837         0.019112077636084735
2.163313838539199         0.019467981092263803
2.1731263660835602        0.01966842034769072
2.183390565288176         0.019879781867731802
2.202142453973169         0.020270400968656895
2.2348598957023524        0.02097040908927888
2.237875812175904         0.021036376292134715
2.2446689407379967        0.02118585287365935
2.2551116895871655        0.02141256585531067
2.2679404764223525        0.021694621054925315
2.287859948710361         0.022140310322338305
2.302487170426134         0.02247358161197272
2.3054734271791313        0.02254290571159868
2.3074302993535203        0.022588446205573126
2.312516187670755         0.022707223558826692
2.3153220200368336        0.02277301029125204
2.318712686489244         0.02285275455588113
2.3379593585904868        0.02331049848421349
2.369080212252781         0.024068944373376998
2.3703422489157866        0.024100178531499948
2.385779546235483         0.024480210665693735
2.3965968649534397        0.024749577240161115
2.410214228124344         0.02509226343737667
2.4300824873692743        0.02559703479900367
2.4387310434389837        0.02581827233029073
2.4519537725392158        0.026161497010319047
2.482237835796757         0.02694976333474987
2.488868193569222         0.02712610603516166
2.4963771034854187        0.027326889606915452
2.498652825954442         0.027387966398345873
2.5007794089240414        0.02744513528365543
2.503732042514489         0.027524662672860672
2.5235634469746073        0.0280633830680745
2.5431944295756965        0.028604500475363625
2.5468588722320264        0.028705432704702435
2.549489566727584         0.028778001732137733
2.55094038927979          0.028818062741586006
2.5641095374521807        0.02918297654726839
2.5659606988067636        0.02923445649618454
2.570765020241924         0.02936847307570003
2.5796163169680213        0.029616623189675548
2.6105824255362027        0.030497453209447013
2.6107487924329886        0.0305022387803493
2.6110760854261983        0.03051165507838484
2.6257132808905372        0.03093502348562632
2.665982969248075         0.032075074035866576
2.6805007377075456        0.032483858913982866
2.6911032024532466        0.03278165544571917
2.6975660313263177        0.0329684427449099
2.6980483654571903        0.03298239559193389
2.698643130696678         0.03299960321533742
2.6995923915751687        0.033027072514212504
2.708259252163584         0.033278182069071856
2.7289492802961997        0.03387610299827191
2.7375775558879987        0.03412464328182254
2.737902661309807         0.034133998749850666
2.7577367811488833        0.03470348228098534
2.768836638411529         0.035021087930200284
2.7758020757429853        0.03521999139043941
2.782335050826412         0.03540626382509752
2.8125788019445848        0.03626503988223894
2.8153256797475623        0.03634378997307455
2.846283992114608         0.03719931159336922
2.871030449248331         0.037860794575748924
2.8967794957737922        0.038527971638078966
2.9182360895336292        0.03906748668929271
2.9219964301169226        0.039160499300264315
2.928444267148876         0.03931784439181759
2.930939022977367         0.03937839603373339
2.9392291397780883        0.03957829844631306
2.9806703632488403        0.040547348028027674
2.9871259596029045        0.04069376738047294
2.995125653086679         0.04087671636018701
2.9953599668782975        0.04088200149814675
2.9961137285226047        0.04089897483130194
3.0048731164027416        0.041093045670161185
3.0490083517388173        0.04198195835145607
3.051616267042953         0.04202983944579524
3.0839960061410903        0.04258116950191238
3.0908046781953           0.04268693588612267
3.109460086376115         0.042923113935681885
3.1124612294305987        0.042957840743928395
3.1168321724440204        0.04300679768280247
3.1416848099382237        0.04324864504163854
3.1436655110425753        0.043265247559600796
3.1522600898844946        0.043329491496471556
3.182252707330381         0.04350620318363572
3.185737806156809         0.043521950135172544
3.1867009571005767        0.04352613286155106
3.198620928206035         0.04356825738960978
3.2109714445367876        0.043593084832044465
3.21940803247672          0.043597309323104565
3.227675454976744         0.043593545699983485
3.237249296658974         0.04357941193061005
3.244717342866656         0.043561103291628586
3.2481107536472695        0.04355067466942374
3.2769586730158506        0.043408789989830075
3.2817491199233726        0.04337600661260966
3.28229891690811          0.04337207605221059
3.2849192189524725        0.04335286783118326
3.2944458682114304        0.043276409739697645
3.3006655383674657        0.04322809873642188
3.3189153167643886        0.04304008815152007
3.3220095304340993        0.043001370406624766
3.3296104607596795        0.04289783975229535
3.3408511693027654        0.04272279424489458
3.3448404975383           0.042654377121614254
3.3489438735025634        0.0425805643502519
3.3532692492532044        0.04250397426116431
3.356297806121959         0.0424473368386834
3.3737210082815245        0.042073340345769324
3.3762044123547685        0.042013351121389333
3.3902225924030205        0.04164346132322242
3.3984668325664122        0.04140111800631064
3.426248643042242         0.04059097490664466
3.4573210665752203        0.039570698985281406
3.4660109741065463        0.03926378943308714
3.4726230564880343        0.039023947431574973
3.493052586593014         0.03825808430862218
3.5004120970287818        0.03796732673209791
3.5035268164889364        0.03784190011384193
3.5480603528234393        0.03573073090428158
3.5495255457037374        0.03565591732849935
3.5558840041514004        0.03533543655696955
3.5600245957198977        0.03512457507485702
3.561457919246516         0.035051184324296325
3.5884575358507567        0.03363046373496446
3.5918124410589196        0.0334488539581996
3.613809823905238         0.03223028850789597
3.618551387654279         0.03196130744488045
3.629314845182071         0.031306237931428206
3.6366389208520014        0.030846117778538074
3.6734409240476698        0.02833014545556893
3.6763557154533553        0.028120370423005296
3.682721207334137         0.027657538497039863
3.696675414720281         0.026620313115071778
3.707770008577129         0.025773473053089756
3.710854269491484         0.02553456535339586
3.715571304190535         0.02517639373227697
3.7449244606279737        0.022898477710705353
3.7544314539084964        0.022132767044743318
3.76749045335698          0.02106501275231438
3.7875480704904496        0.01938905328634169
3.7966363917165853        0.018615313428280825
3.8025085075338776        0.018110629832192717
3.8073799812860467        0.01769108337006391
3.8332986186765776        0.015428378910379102
3.8353398485540615        0.015247996942791586
3.838970721264336         0.014926352036521057
3.8574257827410827        0.01327590645087406
3.857523088767409         0.013267135303990893
3.858545094448154         0.013174968168844147
3.8807179157835865        0.011155702682338203
3.885253026432128         0.010740154334641525
3.9225887635077705        0.007290115894586704
3.923473754579725         0.007208519636509755
3.92558190552203          0.007014032288457747
3.947039190816616         0.0050252250248632065
3.9598200168197244        0.003832591724713175
3.983961955163662         0.001516217659200807
3.9843467991286907        0.0014798427000030038
3.9851334983966593        0.0014054800399390757
4.005376535685383         -5.102317949515541E-4
4.025067499238949         -0.002377837260469244
4.033075818227104         -0.0031385605256457486
4.043100935458608         -0.004091814443997489
4.045967288257442         -0.004364560594024504
4.051931660622717         -0.004933875242450862
4.086840265402117         -0.00823200790278091
4.110804214130667         -0.010462497415718648
4.114766639708167         -0.010816972950638822
4.1276051665559645        -0.011959265928741487
4.134836677395532         -0.012598488072318724
4.144363341452857         -0.013435975581295041
4.1518322716104255        -0.014088900668158547
4.178288166845495         -0.016445863286597983
4.179776689874627         -0.016576183371985433
4.180095123552537         -0.016604030501288343
4.214338070149813         -0.019533352247448163
4.216353712059584         -0.019701752354801663
4.233266294843873         -0.021097096094515145
4.244445220285751         -0.02200208433693078
4.245027542174595         -0.02204884860218706
4.281056136360876         -0.024933841299628046
4.281508356386032         -0.024969711627452065
4.287839134695718         -0.02547098406061461
4.291127573650409         -0.02571351650509229
4.325600106976572         -0.02818860152739866
4.349083444345672         -0.029804237993751207
4.3576302692057425        -0.03035157434754882
4.362210289870281         -0.03064112827437761
4.374852590818456         -0.03142681004887892
4.4039024722821205        -0.03324973171821967
4.40554359223477          -0.03334801290757549
4.411204856961425         -0.033683188285521415
4.418308843025589         -0.034092544764598984
4.445431421086218         -0.035552586794535886
4.458245906691102         -0.036185702803468826
4.458970900963339         -0.03622043446768812
4.467357430330212         -0.03661373400853848
4.506422008842794         -0.03828741685068085
4.507606376962518         -0.038334298580357196
4.545682529238875         -0.039720406092313254
4.550475682914488         -0.039878249690135655
4.566733247307981         -0.04038590675158666
4.5676279213802715        -0.040412600721443266
4.594312619859611         -0.041149166195333535
4.597929940742044         -0.04125150674530293
4.625487565840044         -0.0419719548225779
4.632525635076052         -0.042139173038242876
4.669917497458923         -0.04285848364358787
4.677189045934689         -0.04297026145600499
4.680710749353455         -0.043021107451625566
4.695329635744946         -0.04320619631234334
4.704954715884621         -0.04330986027835194
4.712776036741305         -0.04338345558542643
4.724831449814902         -0.043478204141769526
4.737510343521779         -0.04355339544109996
4.7669271056930675        -0.043640127305107
4.772701902923858         -0.043643654827811865
4.80829689318704          -0.04356758605388836
4.820797335353306         -0.04350093726438259
4.82252545999141          -0.043492357792290444
4.857438696278425         -0.04326695499248959
4.862849118089502         -0.043223144421878315
4.863855133009566         -0.04321473552641204
4.867522887282552         -0.043173350268051094
4.871159255858921         -0.0431313364517756
4.924145922814473         -0.04240813442669561
4.937104814353353         -0.04219964341088675
4.96916791597375          -0.04163038244297423
4.974601340292663         -0.04152637739661977
4.987490512727861         -0.04127091886716206
5.001983227795519         -0.04096372714697108
5.010694339965043         -0.040772741109552056
5.023873755456513         -0.040474736947552103
5.0260887830609695        -0.0404235821981356
5.052787445362842         -0.03980260680847208
5.084057668392514         -0.03901878690168324
5.085608090493008         -0.03898284978219979
5.130094093795887         -0.03781434337536773
5.1352144376046756        -0.03767779228747589
5.16712517896658          -0.03681722114886211
5.1784669746465335        -0.0365073842222927
5.2193175197692065        -0.035374165744373506
5.246969290955913         -0.03459523630557486
5.251960467139462         -0.034453369161892455
5.256786501004778         -0.03431582679409245
5.285509112747501         -0.03348972174297878
5.309746029650963         -0.032782630578334
5.340879995311353         -0.031860891548941304
5.349897312588712         -0.03161158544707765
5.396834466188025         -0.030298459097759092
5.403351192597384         -0.030115981522314088
5.414261104585256         -0.029805486161365993
5.42804543971961          -0.029415746370869394
5.430300088894419         -0.029352294456110664
5.456978331433268         -0.028607820765598008
5.4588137803670875        -0.02855703015997603
5.4639716382221435        -0.028414597270194807
5.479827325248474         -0.027979476449221108
5.490551732619086         -0.027687506626018675
5.508799822321863         -0.027195037704000807
5.513218482293065         -0.027076610050222796
5.524276909795525         -0.026781627524024722
5.531609210777341         -0.026587143886188033
5.551202266596098         -0.026069587594073067
5.561739842837344         -0.025794859039033013
5.585391251474313         -0.025187415345119715
5.596324370527045         -0.024910910504104076
5.608622568284307         -0.02460312548484298
5.6381549081645           -0.02387804869822986
5.649835542086353         -0.02359673127366209
5.6563583471538585        -0.023440983423169217
5.666042869972518         -0.02321152375361453
5.714569973491654         -0.0220938186744757
5.716312838115395         -0.022053635788484467
5.716335277858039         -0.022053118638325413
5.7216657998118325        -0.021933270232241533
5.723502428428779         -0.021891494120661194
5.724774074962757         -0.021862689218661944
5.769432429761538         -0.020875553136690532
5.7828738693262105        -0.02058652904256297
5.7829752559588705        -0.020584362594300368
5.785201645546908         -0.020536840077508185
5.823393579790824         -0.019736935090789144
5.832782821622663         -0.01954471326327721
5.842614213707741         -0.019345313140710127
5.854104796450676         -0.019114690612993212
5.855287768176253         -0.01909109635288214
5.858474780372976         -0.01902766978601578
5.89397674365012          -0.018334743775857983
5.9023545580892725        -0.018174870936727348
5.9190830460254915        -0.01785713776747939
5.925897882151624         -0.017729912598491968
5.929651726034807         -0.01766037977363109
5.932173232577035         -0.017613891875697625
5.973372098141284         -0.01687160295776934
5.997306031678623         -0.01645357733693363
6.0103212953031955        -0.016230326421503304
6.010323637513026         -0.016230286597531642
6.018667763436454         -0.01608895663906108
6.0186745686696455        -0.016088841817433697
6.032637517847842         -0.01585477211034051
6.070827755012594         -0.01523009429015449
6.078551342846807         -0.0151065244294065
6.084840554225442         -0.015007390106789049
6.1003060896486225        -0.014766212111147661
6.112285395044039         -0.014581940022224273
6.125065207895892         -0.014387798404867334
6.140659672221396         -0.014154316800665489
6.16430314486088          -0.01380749138338441
6.171022970649681         -0.013710332639133037
6.175503720985296         -0.013645968197524736
6.194629928747476         -0.013375010590937274
6.237242186379409         -0.01278455218122846
6.247551557466146         -0.012644626451953526
6.251997029717055         -0.01258474053146652
6.258884600239545         -0.012493291686576218
6.286635405028229         -0.012131611640692295
6.2887517587417845        -0.012104474604066717
6.29082589861023          -0.01207793814628079
6.291446571177378         -0.012070008967985034
6.292039265788382         -0.01206244223407039
6.292716798169806         -0.012053798414699795
6.293021444904208         -0.01204991388358582
6.293551588225747         -0.012043157150376547
6.3274187792096965        -0.011619651352655162
6.339906672314984         -0.011467534002727939
6.3401158755015325        -0.011465004209405055
6.35169478466831          -0.011325783714940732
6.366447788179106         -0.011150343018783199
6.376117666840424         -0.011036531922688143
6.380161584610771         -0.010989213931342433
6.396445915527913         -0.010800327017612335
6.4149382029583375        -0.010589047411507024
6.419883449118812         -0.010533126269294403
6.432612107509037         -0.010390247806286201
6.437940486503496         -0.010330909301945305
6.453775810821061         -0.01015641705239361
6.460087266062085         -0.010087643653232933
6.475851176164117         -0.009917576383379074
6.513053485266727         -0.009527778792191865
6.523825579440531         -0.009417941789812184
6.545108222102272         -0.009204226400729487
6.557993875240518         -0.009076662141366263
6.563561178986763         -0.009021974556147432
6.574464827658028         -0.008915614764740126
6.586330404563028         -0.00880099508134209
6.602013962275091         -0.00865129063325123
6.623946188951276         -0.008445370676947589
6.625104075875524         -0.008434610523088927
6.631120488433806         -0.008378879920729472
6.645687164232299         -0.008245425572011801
6.651489647220382         -0.00819277142017719
6.661462643216529         -0.008102645696617478
6.703385452788785         -0.007731162767507766
6.710761906394038         -0.007667127472349327
6.7149232009569           -0.0076311784784307704
6.728258792871861         -0.00751682597102642
6.733735245565888         -0.007470241783579448
6.748735912443629         -0.0073438193742382755
6.759262030207491         -0.00725611799793921
6.771350687873904         -0.007156425978540994
6.783479846029474         -0.007057504635082599
6.795332089400709         -0.006961910630771584
6.805145205789598         -0.0068835627009918455
6.824609889255942         -0.00673029980771199
6.833456186586739         -0.006661443667493123
6.84219193711566          -0.0065938606568297555
6.866018939821293         -0.006411610750509256
6.873784677529504         -0.006352870736272251
6.892241540810386         -0.00621456347310138
6.894566204035278         -0.006197273314496399
6.906556261759022         -0.006108555957563104
6.922959465803065         -0.0059884360205243025
6.926846460685222         -0.005960183633508526
6.93710588208324          -0.005886000321437567
6.94262350472618          -0.005846321248395412
6.981180368564292         -0.005573291387705702
6.983405165090359         -0.005557756263962451
6.989338714732724         -0.005516447378225776
6.996774086848687         -0.005464936343186455
6.998869658944868         -0.0054504694825425245
7.011038805698981         -0.005366901866075792
7.039360452017597         -0.005175150400645023
7.06788310424332          -0.004985835431940317
7.074019967294247         -0.004945601064936448
7.081290931289473         -0.004898159658907794
7.089382189302471         -0.004845657144260366
7.089875167408047         -0.004842454820085518
7.095046787713908         -0.004808922570287682
7.100288057366387         -0.004775054133048091
7.109343044105015         -0.004717193212136737
7.1305222980716305        -0.004582911022356971
7.151097550130863         -0.004453870055505079
7.169330658533575         -0.004340680937882198
7.188822875096483         -0.004221106519530348
7.2170909448504545        -0.004049883725712654
7.23167994171527          -0.003962529319914731
7.242808767079219         -0.003896356944128803
7.248307545882253         -0.003863809115271012
7.248517100410514         -0.0038625706783633946
7.256196384975201         -0.0038172853454646405
7.256802674162483         -0.003813718148226591
7.26872868763761          -0.0037437916741211576
7.310837464969317         -0.0035010495434095656
7.334268990594165         -0.0033686380941639186
7.350833201515631         -0.0032756501932724898
7.367781662571316         -0.0031811739364846717
7.368114703472494         -0.003179324234122492
7.3714622361297435        -0.003160746612507266
7.371898407966729         -0.0031583279562588506
7.375006747954799         -0.003141104588500083
7.38932464609228          -0.0030620539138235896
7.4031417917166635        -0.0029862724343516136
7.429247710572703         -0.0028444445099457508
7.4295191233307705        -0.00284297927256546
7.433911046160652         -0.002819295803391998
7.436572512691307         -0.0028049764550679692
7.456097581106082         -0.0027003319920465914
7.476359312937367         -0.0025924935070463953
7.47745947623887          -0.002586660121474621
7.504220079686285         -0.002445465075891394
7.505921444828195         -0.0024365298295338884
7.516847298687092         -0.0023792815646113785
7.518026327413477         -0.0023731174806662708
7.5193549973173734        -0.0023661742509476736
7.519967191988191         -0.00236297624445447
7.52016056825926          -0.002361966227237041
7.52048376594843          -0.002360278304089791
7.523253753138496         -0.002345841013162962
7.539725055445437         -0.0022602470896711736
7.543592560959591         -0.002240205147807739
7.586399632222877         -0.002020119107108112
7.590978717910227         -0.001996750175662192
7.601245127537668         -0.001944474098793085
7.6123015379091425        -0.0018883572453782852
7.623470196605947         -0.00183186216554126
7.651272788230709         -0.0016920625473201953
7.653768137188421         -0.0016795735219008482
7.655333864038222         -0.0016717420873071684
7.666694335003648         -0.0016150326983347151
7.676944133169041         -0.0015640384593413315
7.6896812338546665        -0.0015008953955055495
7.706291146839175         -0.0014189292431107353
7.726187663068018         -0.0013208708740627035
7.732184541739514         -0.0012914019639824982
7.7362471292561725        -0.0012714579624401204
7.745683253373695         -0.0012251957338035705
7.764504704900741         -0.001133176974330842
7.770343141872463         -0.0011047021233166153
7.780366936143271         -0.0010559289394198737
7.804116914259742         -9.405970122035479E-4
7.841263148755376         -7.608583859766296E-4
7.873337382283733         -6.062962325047771E-4
7.8957050581977395        -4.988570191445701E-4
7.911147296153373         -4.2489313663694034E-4
7.914486803493736         -4.089182621005478E-4
7.929171041707144         -3.385233669743417E-4
7.9305554526509585        -3.3188963173507E-4
7.948603463572079         -2.4548917538101016E-4
7.960794976392542         -1.8718303979080943E-4
7.998078663738305         -9.162130342590075E-6
8                         6.513166856792124E-19
