0                         0
0.005794369539159245      6.117145612204041E-5
0.01836496626107552       1.93953516312235E-4
0.0250018081025321        2.638197457379489E-4
0.05991433101864016       6.32009681266707E-4
0.07708507317411203       8.135033866821062E-4
0.10270538183072177       0.0010848109211176425
0.12906573377702185       0.001364583130358323
0.1370731077615598        0.0014496344210049822
0.15906313736717048       0.001683533459710841
0.17163922003913135       0.0018175944202058344
0.18135105691039952       0.0019211900118513007
0.20612862365480758       0.002185757237390831
0.23595781996649007       0.002504771953991173
0.2585298324451706        0.002746541864559295
0.26664792624144756       0.002833904540724362
0.2802609106941411        0.002980859273459432
0.28805029980382735       0.003065123213024833
0.30169602191818995       0.003213048528875148
0.30946172648833903       0.003297249006810364
0.3151156552561987        0.003358629312131004
0.3471516608208488        0.003707644357238718
0.3539482909778193        0.003781957769840366
0.35593614141942836       0.0038037103683222734
0.3572903639595074        0.0038185339117401337
0.3620240561730443        0.0038703789269096222
0.36479995384598923       0.0039008026572067023
0.39415623370470715       0.004223503390469347
0.39953299988295526       0.004282745874600411
0.4013455000766347        0.004302823506013807
0.40482685384671674       0.0043413045667567915
0.4212266083804204        0.004523016885632849
0.44779666273790814       0.004818951835544225
0.45236134079836404       0.004869983752395125
0.4755115704212876        0.005129659278372617
0.4858037762060905        0.005245569092943186
0.5033771815200929        0.00544413694065281
0.5088716213462079        0.005506390748520796
0.5174353748386125        0.005603769867097253
0.5323413226123792        0.005773708647023179
0.5536636160575829        0.00601843837465915
0.5626872943175768        0.006122547525959792
0.5667082443423337        0.006169041713743991
0.5704477480022594        0.006212203142932795
0.5706668447873483        0.006214733687022706
0.5708258685601519        0.006216570513893156
0.5815057949355443        0.006340160690073069
0.6040016086122297        0.006602076812655837
0.6117418435387736        0.006692660206773921
0.617234206149629         0.0067570812429362335
0.6367568472577283        0.006987036049210663
0.6443854104566414        0.007077303272823915
0.6556017807098882        0.007210444024252102
0.6685205535190049        0.007364303412284891
0.6805007855880316        0.007507507136635299
0.6954281803179724        0.0076866423327076674
0.724225477257119         0.008035196886686635
0.7418883942322332        0.008251317364651106
0.7448791141331226        0.008288086947033427
0.7455715301193464        0.008296607147776386
0.7527634643207192        0.008385265360733786
0.7540848269495285        0.008401597431088651
0.7556024287041143        0.008420365387315769
0.7664750143292949        0.00855514916537799
0.7749950438675373        0.008660845151868614
0.7850601203749291        0.00878615245467524
0.7911607381002927        0.008862337522159858
0.7924313953907699        0.008878227842235416
0.7976344449877733        0.008943375017701182
0.8101168858654779        0.009100191258986543
0.8193751941776313        0.009216980756928284
0.8363072677268624        0.009431624244531442
0.8371476498849604        0.009442313008904126
0.8377854684299566        0.009450447396338919
0.8446836602948482        0.009538567075698742
0.8650136396794154        0.00979980123786529
0.8680978404909121        0.00983963223367572
0.8698237066105615        0.009861943963108967
0.8983616916610365        0.01023326981997527
0.90325929022087          0.010297385760742649
0.9140057178336196        0.010438632305619821
0.9221148189282786        0.010545725903777791
0.9513220901450635        0.010934753690412434
0.9596558323206902        0.01104681443125733
0.9660990357017385        0.011133776087286051
0.9747123046961872        0.01125046534372237
0.9970686879397712        0.011555684702116787
1.0058660641817903        0.011676718156375538
1.0237300505782276        0.011924101363649032
1.0273097904640955        0.011973933990452044
1.0279388129132578        0.0119826994096569
1.0425530212542578        0.01218716992959779
1.0475988907609766        0.012258085905302918
1.0520836781346357        0.012321203271106492
1.0617803856056067        0.012458203039381648
1.0739317624854405        0.012630909907409022
1.0830567889023213        0.01276135398058822
1.084131868955179         0.012776764857980603
1.097835324715767         0.012973803448493538
1.099334925178807         0.012995450177629162
1.1073829596561922        0.013111907814980889
1.1127688933809978        0.013190111686543757
1.1335711567138003        0.013494176453292924
1.1497182247630906        0.013733134498249276
1.1747418356544506        0.01410698867325549
1.2095833233163877        0.01463586041243934
1.2215171449125553        0.014819081929885482
1.2581535712860001        0.015387716189803136
1.262065018826752         0.015449314769714532
1.2632665113428891        0.01546827064594517
1.264585484842907         0.015489098646411554
1.275124733878001         0.015656181298841793
1.2850300762316123        0.015814218867457343
1.3024656009749174        0.016094763344583162
1.3328996088075449        0.016590495716861078
1.3519887352290225        0.016906376083326062
1.3565135654225475        0.016981810016015213
1.3739459658834021        0.01727442846552069
1.374482605987577         0.01728349690519812
1.3827201539127132        0.01742308141214391
1.4437096198614143        0.018478850622633585
1.4450686537565085        0.01850269888620814
1.448643635913593         0.018565504136333736
1.466316179087065         0.018877500037530554
1.4981609286209339        0.019446099364007912
1.508993681478809         0.01964139941246499
1.5121856828389701        0.0196997800520683
1.530680415421231         0.0200400732734778
1.5407870583617016        0.020227493657336917
1.5862546640959456        0.02108345094267536
1.632597413237475         0.02197742529490593
1.6561289069370768        0.02243968421840246
1.659110542578713         0.022497956891844913
1.6654292040817813        0.022624123886124486
1.6666873744804558        0.022649295507100868
1.6667281971556318        0.022650111395928256
1.6943612081174486        0.023207267279837275
1.7610295229321613        0.024591582541082378
1.7684166067030989        0.024747780592071493
1.7759316087384749        0.024907391160995357
1.7949710149397924        0.025314962716225915
1.8045169543460364        0.02552103456006533
1.8276999701419332        0.026026290158992046
1.8320319531072475        0.026121455573251944
1.8326157281893733        0.02613429813494909
1.8391807639666062        0.0262790199993261
1.8414210485771727        0.02632852221935451
1.8570031968875758        0.026673262215944144
1.8804286831793844        0.027196821428732715
1.9093111859654743        0.027851095929715106
1.9168531976334475        0.02802353615417524
1.952650937073096         0.028851000796498383
1.977201323353776         0.02942706473793307
1.9981769188050598        0.0299247791520238
2.0024713072863096        0.030027306110341996
2.0051434241040424        0.03009194038986424
2.0184758737820916        0.030414485156366786
2.035097743538265         0.03081809751918706
2.074833260119205         0.03179629443337631
2.0751980967861785        0.03180531642168563
2.0761999698456166        0.03183009569810006
2.0891759554265237        0.032150754831503384
2.0917218765462398        0.03221381511634451
2.0943138357270223        0.03227806497739174
2.1049218007485866        0.03254153462942301
2.114879640612022         0.032789614554653304
2.154536455083255         0.03378486272628432
2.1676176425957268        0.03411570652367064
2.216621385750833         0.0353663403626648
2.2173510336202713        0.03538509605332208
2.2177768034202447        0.0353958808982478
2.218381404959062         0.03541120040950118
2.2288575984969627        0.03567754605358326
2.23287527070025          0.03578014130237333
2.2371083852480766        0.03588850821278967
2.2553845653320805        0.03636333286778484
2.2622815365300593        0.036543358409059146
2.2762872918953585        0.03691035239719772
2.3072240474558434        0.03772003313057739
2.3165108426717453        0.03796364416627695
2.3185245889171613        0.03801650258117001
2.320073622317729         0.038057112181746594
2.3238111694375228        0.038155081828555024
2.3258682789604066        0.03820899478381957
2.328832889584899         0.03828668090831391
2.3397269121550366        0.038572044549345055
2.373277360028486         0.03944980848910219
2.381156123969499         0.03965570168004761
2.408342081107523         0.0403621997433978
2.430139505813282         0.04092585753904957
2.45687827450272          0.04161388344898539
2.495580464867681         0.04260309077323685
2.5035060575423134        0.04280153769345336
2.507564974010535         0.04290280224008169
2.522459210151869         0.04327227164777029
2.551002136923016         0.04397099387978112
2.565588620022937         0.04432333780532996
2.5658526306787053        0.044329606623729714
2.5756516106519225        0.044561497040372745
2.5766452179748796        0.04458495545481881
2.58067686597037          0.0446799083440172
2.5822047173300984        0.04471705172082099
2.5841173578964494        0.04476346023200936
2.6183855047610276        0.0455780978704187
2.621122508535061         0.04564178680700411
2.651130291748978         0.04633635363608394
2.694863133121796         0.047278039801434385
2.7037503588425484        0.04745917317455449
2.7137834751007683        0.047659507627529865
2.7192671829120005        0.047767140729050306
2.7221958805949047        0.04782408551944898
2.7298818722488294        0.047971744669749614
2.7436798463422423        0.048230337635826015
2.8020502440276913        0.049246919997228994
2.808306921057061         0.049348397025954005
2.8404328780736137        0.04983339604698572
2.8437814889373443        0.049881136834588974
2.8822564455116577        0.050391571397635705
2.887592808967449         0.050457536142176115
2.8876554101397467        0.05045829690336057
2.8877270247136746        0.050459166828137766
2.8877650805457376        0.05045962894285555
2.8960146967754414        0.050557159723565864
2.9595881025745725        0.05113211643330662
2.9691097325329245        0.05119130566894583
2.9982957035802795        0.05132903090197867
3.0152113785606263        0.051378685811583794
3.031221176096156         0.051394533031159054
3.0410176160557483        0.05139295667188429
3.0450532539922914        0.0513898180996451
3.046248437639225         0.05138860980746662
3.0477390034756966        0.05138508282167195
3.064332754845996         0.051333110530395465
3.0817359152450723        0.051272470402833815
3.113965068742207         0.051051144456728904
3.1258054061422422        0.05094593900243302
3.127951812555384         0.050927600715110474
3.1307088193202297        0.05090118844239796
3.131477596859666         0.05089387981222487
3.1458414104357963        0.050745237757927365
3.1848729024700515        0.05022542518398977
3.195890720724652         0.05004802618039906
3.1992926913208914        0.04999052263768222
3.200496100690152         0.04996987318837753
3.225635945103902         0.04950166580709136
3.241033037649096         0.04918019847015896
3.252743972205986         0.048918037867649915
3.265997624261909         0.04860107219770576
3.280932101814418         0.04822527107727456
3.3055399261842857        0.04753580701796685
3.3123916005206446        0.04733039752084686
3.3280593987602938        0.04683868777735648
3.335868397988987         0.046582184420033236
3.339304553273578         0.04646690745743601
3.3574788819624137        0.04583462903902026
3.382404006139535         0.044890538482026995
3.404458963444474         0.04398093745269368
3.4125684473921596        0.043628959091227146
3.4236690486517847        0.04313188070869032
3.427417643200511         0.04296003340074189
3.428940439201047         0.04289171781567121
3.4308569523652044        0.04280164406656752
3.4327271550495237        0.042714082615432844
3.435490552513187         0.04258393855374677
3.471878666312306         0.04078522095606845
3.4947621789359324        0.03957313579170422
3.502576278586423         0.03914493059576305
3.504259441561729         0.039051741177755415
3.5071314992793585        0.038895075633941095
3.5202920800468287        0.03816424016301859
3.5572656267024323        0.035997255968255655
3.5649508153880873        0.035525770522406526
3.6134542032228945        0.03238283106401338
3.6168142562978707        0.03215441006602392
3.6182244005171165        0.03205813369975732
3.625874448039744         0.03152864356686535
3.62832111662145          0.03135772487304507
3.639808763356484         0.030541724281697626
3.683639665241052         0.027281797712901342
3.7004771587815175        0.026011619623559322
3.726160604518832         0.02400421952177955
3.7324761229697585        0.02350162269760984
3.7625605784673315        0.021079136702479295
3.7797503708396083        0.019662057867772007
3.7932603391966433        0.018531538015304095
3.8005736832934573        0.017916322229884936
3.803998226379393         0.017626959010584857
3.8163773117621846        0.016574141441142956
3.838271695132755         0.014685893273713118
3.8613988228283085        0.012655012831761068
3.867736097107705         0.012092000192808474
3.893305317301696         0.009791938888152147
3.9137256512711747        0.007922286903694075
3.921439937148963         0.007215804736573326
3.955351415254251         0.004056297106486208
3.967155376741971         0.0029635088927755225
3.9890577987319826        9.45371341896669E-4
3.9915932959186837        7.125463075390049E-4
4.019020054826843         -0.001795321478189049
4.019679845265394         -0.0018554122321938677
4.040120867962171         -0.0037126491137039427
4.0747504180270155        -0.006843045332244122
4.155683106613061         -0.0140908859767386
4.16619209374309          -0.01502499928175891
4.166358071299531         -0.015039739623121266
4.166398419347023         -0.015043172848785119
4.167697711796627         -0.015153625814670836
4.168864825814465         -0.015252670019984305
4.169508752304661         -0.015308610883767431
4.180477564154867         -0.016257445281801088
4.221538528197544         -0.01974096149440606
4.24472530752748          -0.021660394214515002
4.249768406975003         -0.022073312172777533
4.259906936204711         -0.022898506422424247
4.276493733824932         -0.02423434963707354
4.308778928017774         -0.026795305959626876
4.332493240382028         -0.028609584028591765
4.338841125461107         -0.029085632216859416
4.34403820936282          -0.02947235955679476
4.352050745785004         -0.03005887921795697
4.375950861819611         -0.031751392182583854
4.429767670430854         -0.035250021441493404
4.433221756964671         -0.03546278857813885
4.442330311277398         -0.036018872678790496
4.452169689169164         -0.03661144274878029
4.469788778751466         -0.037651440307475824
4.481458857294933         -0.03832537925659938
4.501272542566566         -0.03944239853757874
4.505884879256795         -0.039697510632745174
4.513268875033332         -0.04010504257004179
4.534369434864551         -0.04122919898906729
4.569414942735403         -0.042963996020480455
4.578729609627442         -0.04338024581740361
4.581576230557573         -0.04350513001987989
4.584103994030193         -0.04361511348069723
4.587721592831961         -0.04377102321625301
4.5962431016477145        -0.044131334178700195
4.635331875789849         -0.04565915340797741
4.637800471400074         -0.04574875266107541
4.648647439118901         -0.04613275272618757
4.672792621423014         -0.04693080321573709
4.694546167051202         -0.04761138904570738
4.694645058297222         -0.04761438961884164
4.722903991803273         -0.048416488106304396
4.746537755079166         -0.049002615394798194
4.749540924652022         -0.04907157116549831
4.752573192762251         -0.04913993128076103
4.762901821542019         -0.04936325252236149
4.782468365416731         -0.04974591844585916
4.789969824527293         -0.04988349246032453
4.794280219863343         -0.04995982270722484
4.799895373384113         -0.0500562797555891
4.80365175081173          -0.05011892552282172
4.809853706950555         -0.05021905612746472
4.8255076599484           -0.05042936697474021
4.831680164098223         -0.05050678999278338
4.862576077631266         -0.05084753061015661
4.876125082768951         -0.050972353872504754
4.926251012428258         -0.051303740629935785
4.934764398538149         -0.05134129851740619
4.935573289951773         -0.051342891876808835
4.938607861527537         -0.051348130369709616
4.9412491291478755        -0.05135346548584365
4.942227941866451         -0.05135521856222357
4.955828762738509         -0.05136704049835528
4.981735087154044         -0.05132484734407556
4.995393631364132         -0.051268434546060344
4.998532255447374         -0.05126797036868511
5.027808173487879         -0.05122512409653043
5.030233844476331         -0.05120925442846296
5.084806053034883         -0.050755903637967614
5.104017242081632         -0.0505524167277437
5.108669721438672         -0.0504999425920441
5.1116739855359326        -0.05046541557173809
5.1418812074639755        -0.05009022433211989
5.164040541161271         -0.04978257142529761
5.171549715138948         -0.049672092012801074
5.184853635206895         -0.04946862056245185
5.227181852605829         -0.04875545670235835
5.230732581530752         -0.048695165786514734
5.255849737498826         -0.04825743058821586
5.25631075196337          -0.0482492119287838
5.25645588899764          -0.048246479943320694
5.2566421971897626        -0.04824297189054251
5.30646477940558          -0.04726117204394355
5.337397131244362         -0.046601992817938025
5.350532933287338         -0.046313505111143585
5.376170351494398         -0.045735759704783205
5.40552100702188          -0.04505047195403993
5.41572111578863          -0.04480635181403718
5.428698794736604         -0.04449130829568909
5.450318875379627         -0.04396728970178456
5.452092348776117         -0.04392335522388005
5.47187684741519          -0.043423467394486846
5.481234935482346         -0.04318440353149587
5.4892573533178           -0.04297886696245229
5.513550506149885         -0.04235312503323378
5.524423428638341         -0.04207436103138619
5.532273670725085         -0.041873040043923296
5.544245416788661         -0.04156593577521822
5.548811462436404         -0.04144877812254201
5.5802837205602085        -0.04064083529561392
5.585679681955986         -0.040502239877477454
5.616419807644055         -0.03972435580995322
5.625837155728282         -0.03948832609229464
5.629261380006646         -0.039402768627372416
5.633030896688581         -0.03930436791598852
5.659139744325955         -0.038622752521291735
5.662820722247363         -0.038525074623471225
5.664774146057593         -0.03847327924221031
5.716726550092168         -0.03710602920095124
5.718382983645427         -0.037062762115928315
5.723304563957884         -0.03693432615115322
5.73540522535312          -0.0366192972719253
5.737924191082338         -0.036554021257895614
5.766248806777794         -0.035823417933427644
5.783266231244758         -0.03538578736938487
5.789897653958032         -0.03521545986366306
5.799237594441713         -0.03497576430091311
5.804414915544514         -0.034842996882353074
5.8143533545063555        -0.03458833657426893
5.816829843612483         -0.034524920796461564
5.84213041175621          -0.033877988019951816
5.859763659752297         -0.033438164675537174
5.862704877967704         -0.03336485278589076
5.8657201018724745        -0.033289711228316546
5.883223345004427         -0.03285029273404326
5.902664775208598         -0.03236458699258088
5.92844100080439          -0.03172446622534495
5.9292128239170045        -0.03170536658706188
5.930125388190864         -0.031682789222967814
5.930663709858568         -0.031669412723586365
5.955608556273313         -0.031053541846534034
5.974832279947554         -0.03058422667856096
5.980695496076329         -0.03044200506646824
5.9881413430934405        -0.03026201340132868
5.997959389071102         -0.03002756503554404
6.014612263250497         -0.029632074211290587
6.040286952355762         -0.029027669787367053
6.075473071613551         -0.028209893264777342
6.085241319908645         -0.02798502532743282
6.09181768304705          -0.027834164325017452
6.131623826291091         -0.026930099235488357
6.140862283958524         -0.026724789006323635
6.146294574136006         -0.026604791833346512
6.156531562958859         -0.02637667661856783
6.193852536505211         -0.025556527601336993
6.2110819001193045        -0.025183987246376695
6.251174791411855         -0.024331960313862974
6.251561722612528         -0.02432383891155707
6.252780233624165         -0.02429824465314907
6.253502912611724         -0.02428307682033371
6.291454742278873         -0.023498776434207506
6.294486950386467         -0.02343715058876366
6.298599265597533         -0.023353818035326004
6.306579073812098         -0.023191612236154763
6.306696906398456         -0.0231892220333713
6.306785731727744         -0.023187420330987037
6.310493799533079         -0.023112280697625227
6.312342945073974         -0.023074863610964527
6.321850968562109         -0.022883034688281113
6.326579405204302         -0.022787987816354684
6.365068544914749         -0.0220230011530291
6.368969992982674         -0.021946322172367125
6.388962783833462         -0.02155914478589685
6.408260642929994         -0.02118893701544564
6.423312680549065         -0.02090257518379924
6.4407158891020835        -0.02057409877485473
6.451396125010501         -0.020373904081470516
6.460929049031816         -0.020196107503215453
6.495531513579941         -0.019557817248266406
6.513425380094695         -0.019232073401596075
6.530647570184684         -0.018921754941262317
6.535211391977094         -0.018840420798341362
6.549104630408849         -0.018594589042678328
6.58162989256525          -0.01802947687593969
6.600180587345359         -0.017713694113341397
6.616339634781656         -0.017439293925575583
6.632520284835927         -0.017166859061163556
6.641062327164134         -0.017023977234701712
6.64673522261756          -0.016929446719215216
6.653762753436219         -0.016812740968774793
6.677006885994206         -0.016429925712773637
6.696655282035681         -0.0161103495851315
6.732142576030773         -0.015542490325589083
6.741678033331678         -0.015391953894592136
6.74297064480443          -0.015371614173813525
6.746312344696442         -0.01531939230470173
6.75047366444677          -0.015254466083467701
6.753214551801532         -0.015211770342255808
6.757881314551139         -0.015139199654592804
6.788146876118176         -0.014672378930653058
6.7974261064606285        -0.01453058225798351
6.805992986400177         -0.014400224213530745
6.820377618037462         -0.014182534759902186
6.824258595554637         -0.014124058562497734
6.836741881409731         -0.013936707130073708
6.852490694087265         -0.013701954729717665
6.861512308353587         -0.01356828672234836
6.873096475012983         -0.013397767590611103
6.8848282196559545        -0.013226126665507064
6.898089388090274         -0.013033382479694645
6.907739448572107         -0.012893973017155166
6.917266059414133         -0.01275704861127395
6.924372208176618         -0.012655218629461746
6.942468991773127         -0.012397887027475508
6.960410188578825         -0.012146635466269397
6.963977028018437         -0.012096587867662972
6.975302653403158         -0.011938234358873003
6.9776990992666965        -0.0119048368023811
6.986501271121898         -0.011782494714326096
7.00226181575109          -0.01156495462121788
7.007529533533067         -0.01149261766586993
7.041964375937932         -0.011024350953787135
7.05872911072483          -0.010799259566378136
7.068510248091174         -0.010669179376244368
7.079609703462639         -0.01052219628862626
7.112613820872456         -0.010089097352008398
7.132688218589003         -0.009828563824183796
7.1338639075248675        -0.009813373126457253
7.176339527243092         -0.00927003222132609
7.19934768323485          -0.008979583048147732
7.218284919144399         -0.008742563004690302
7.231699640507319         -0.008575777176737787
7.302441757643076         -0.00771151835426961
7.3042197879625155        -0.007690094041929327
7.304638285477226         -0.007685053481069191
7.3145853259305245        -0.0075654643557250085
7.320991179672287         -0.007488686246839523
7.324344106326044         -0.00744857331904168
7.3433908528916065        -0.007221670935564882
7.355764592230864         -0.007075142439141782
7.375645862738051         -0.006840957311446167
7.395799360267483         -0.006604822106545838
7.397927119761728         -0.006579965332407295
7.414177028625443         -0.006390596780136425
7.417496188008403         -0.006352018061839214
7.427987113066454         -0.006230307262844882
7.439634174655447         -0.006095436179504282
7.456681279664863         -0.0058996363739670325
7.459273018539586         -0.005869915102361467
7.473925112395469         -0.005702298260532358
7.487644078925616         -0.005545986118481208
7.498355166399953         -0.005424368858038894
7.515631859849423         -0.005228986078510467
7.5171306178878305        -0.005212082109093605
7.531944699378405         -0.005045390353721706
7.547500456261669         -0.004871117661171956
7.549143675496476         -0.004852754251627732
7.574966818262108         -0.0045653216897973675
7.577098284330267         -0.004541696590267036
7.598547057924067         -0.004304222300679521
7.613988980751262         -0.004133909554637592
7.632308731482366         -0.003932568264906738
7.647949182850435         -0.0037612847389816777
7.648067850989411         -0.003759987318649562
7.651332344422506         -0.0037243087274739014
7.654957706629425         -0.003684714840146365
7.66736756057953          -0.003549411338875976
7.6780273742763185        -0.003433563183456309
7.715763644341459         -0.0030247261179091106
7.727788120393267         -0.0028948947304515086
7.729714349087659         -0.002874115766171203
7.731024642150407         -0.002859984137343241
7.75618602429307          -0.002589087962862184
7.783436075286397         -0.0022967156889296585
7.78421997934895          -0.002288320555786843
7.787465048976754         -0.002253577101616206
7.8226070480926335        -0.0018782831760354845
7.83786133654596          -0.00171589204273865
7.862421099260775         -0.0014550308166645014
7.878830361761702         -0.0012808133508912484
7.886130004561857         -0.001203371966952709
7.896273367911739         -0.0010958221443014829
7.904580782313216         -0.0010077911562290352
7.914189454034856         -9.060299202023398E-4
7.931776217424671         -7.199394473114087E-4
7.944017798828786         -5.905324696957789E-4
7.974738974951296         -2.662263317227975E-4
7.992234656268204         -8.179676674830775E-5
8                         7.192374188914236E-18
