0                         0
0.005794369539159245      7.646432013074629E-5
0.01836496626107552       2.4244189532115563E-4
0.0250018081025321        3.2977468208011235E-4
0.05991433101864016       7.900121013650205E-4
0.07708507317411203       0.0010168792330697697
0.10270538183072177       0.0013560136510148719
0.12906573377702185       0.0017057289124596878
0.1370731077615598        0.0018120430257350206
0.15906313736717048       0.0021044168240247144
0.17163922003913135       0.002271993024588101
0.18135105691039952       0.0024014875141017207
0.20612862365480758       0.002732196545914038
0.23595781996649007       0.003130964941526003
0.2585298324451706        0.0034331773296288263
0.26664792624144756       0.0035423806747983447
0.2802609106941411        0.00372607409064931
0.28805029980382735       0.003831404015066627
0.30169602191818995       0.004016310659809395
0.30946172648833903       0.004121561257186443
0.3151156552561987        0.004198286638806476
0.3471516608208488        0.004634555445013486
0.3539482909778193        0.004727447210727136
0.35593614141942836       0.004754637958818237
0.3572903639595074        0.004773167388082866
0.3620240561730443        0.004837973657017738
0.36479995384598923       0.004876003319873205
0.39415623370470715       0.00527937923628095
0.39953299988295526       0.0053534323414130836
0.4013455000766347        0.00537852938066942
0.40482685384671674       0.005426630706577868
0.4212266083804204        0.0056537711050763636
0.44779666273790814       0.006023689792305532
0.45236134079836404       0.0060874796883412146
0.4755115704212876        0.00641207409566935
0.4858037762060905        0.006556961363817582
0.5033771815200929        0.0068051711733421215
0.5088716213462079        0.006882988433141535
0.5174353748386125        0.0070047123313058055
0.5323413226123792        0.007217135806117488
0.5536636160575829        0.007523047965522027
0.5626872943175768        0.007653184404587631
0.5667082443423337        0.007711302139290907
0.5704477480022594        0.00776525392575107
0.5706668447873483        0.007768417105861947
0.5708258685601519        0.00777071313944891
0.5815057949355443        0.007925200859600232
0.6040016086122297        0.008252596012675221
0.6117418435387736        0.008365825255270241
0.617234206149629         0.008446351550435882
0.6367568472577283        0.008733795058146974
0.6443854104566414        0.008846629087612176
0.6556017807098882        0.009013055026822085
0.6685205535190049        0.009205379261776751
0.6805007855880316        0.009384383917134738
0.6954281803179724        0.009608302912125534
0.724225477257119         0.010043996104406552
0.7418883942322332        0.010314146701743621
0.7448791141331226        0.01036010867970143
0.7455715301193464        0.010370758930625477
0.7527634643207192        0.010481581696773875
0.7540848269495285        0.010501996784709127
0.7556024287041143        0.010525456729983455
0.7664750143292949        0.010693936452492567
0.7749950438675373        0.010826056435554373
0.7850601203749291        0.010982690564002483
0.7911607381002927        0.011077921898322119
0.7924313953907699        0.011097784798409074
0.7976344449877733        0.011179218767710705
0.8101168858654779        0.011375239069244803
0.8193751941776313        0.011521225941618814
0.8363072677268624        0.011789530301027038
0.8371476498849604        0.011802891256488195
0.8377854684299566        0.011813059240777949
0.8446836602948482        0.01192320883993733
0.8650136396794154        0.012249751542526584
0.8680978404909121        0.0122995402872716
0.8698237066105615        0.012327429949053071
0.8983616916610365        0.012791587269969401
0.90325929022087          0.012871732195902354
0.9140057178336196        0.01304829037694125
0.9221148189282786        0.013182157374595348
0.9513220901450635        0.0136684421077332
0.9596558323206902        0.013808518033744785
0.9660990357017385        0.013917220103746204
0.9747123046961872        0.01406308167424542
0.9970686879397712        0.01444460587211819
1.0058660641817903        0.014595897689894144
1.0237300505782276        0.014905126698889328
1.0273097904640955        0.01496741748237367
1.0279388129132578        0.01497837425637633
1.0425530212542578        0.015233962406228978
1.0475988907609766        0.015322607375835219
1.0520836781346357        0.01540150408306763
1.0617803856056067        0.015572753793364168
1.0739317624854405        0.01578863737833952
1.0830567889023213        0.015951692469769706
1.084131868955179         0.01597095606650505
1.097835324715767         0.016217254304580184
1.099334925178807         0.01624431271599255
1.1073829596561922        0.016389884762643973
1.1127688933809978        0.01648763960207217
1.1335711567138003        0.016867720560412074
1.1497182247630906        0.017166418116540634
1.1747418356544506        0.017633735835197444
1.2095833233163877        0.018294825509043412
1.2215171449125553        0.018523852405806982
1.2581535712860001        0.019234645230572382
1.262065018826752         0.019311643455447662
1.2632665113428891        0.01933533830073167
1.264585484842907         0.019361373301309943
1.275124733878001         0.01957022661681118
1.2850300762316123        0.01976777357754721
1.3024656009749174        0.020118454173897876
1.3328996088075449        0.020738119639139352
1.3519887352290225        0.021132970097155097
1.3565135654225475        0.021227262513001124
1.3739459658834021        0.021593035574823945
1.374482605987577         0.021604371124418934
1.3827201539127132        0.02177885175807357
1.4437096198614143        0.023098563270985684
1.4450686537565085        0.023128373600449406
1.448643635913593         0.023206880163094665
1.466316179087065         0.023596875039533068
1.4981609286209339        0.024307624197527564
1.508993681478809         0.02455174925806462
1.5121856828389701        0.02462472505756052
1.530680415421231         0.025050091584275666
1.5407870583617016        0.025284367064074782
1.5862546640959456        0.026354313670642896
1.632597413237475         0.02747178161083521
1.6561289069370768        0.028049605265161443
1.659110542578713         0.028122446106960266
1.6654292040817813        0.02828015484980099
1.6666873744804558        0.028311619376019725
1.6667281971556318        0.02831263923705391
1.6943612081174486        0.029009084091904926
1.7610295229321613        0.030739478168380633
1.7684166067030989        0.030934725732111746
1.7759316087384749        0.031134238943261124
1.7949710149397924        0.031643703387285255
1.8045169543460364        0.03190129319207732
1.8276999701419332        0.03253286269071778
1.8320319531072475        0.032651819458539226
1.8326157281893733        0.032667872660660194
1.8391807639666062        0.032848774991126234
1.8414210485771727        0.0329106527661603
1.8570031968875758        0.03334157776189453
1.8804286831793844        0.03399602677788016
1.9093111859654743        0.03481386990411486
1.9168531976334475        0.03502942018469303
1.952650937073096         0.03606375098761817
1.977201323353776         0.036783830914432776
1.9981769188050598        0.03740597393206865
2.0024713072863096        0.03753413262997148
2.0051434241040424        0.03761492547937682
2.0184758737820916        0.0380181064375175
2.035097743538265         0.0385226218910597
2.074833260119205         0.0397453680338413
2.0751980967861785        0.039756645519228445
2.0761999698456166        0.03978761961474817
2.0891759554265237        0.04018844353152666
2.0917218765462398        0.04026726888758304
2.0943138357270223        0.04034758121389716
2.1049218007485866        0.040676918278957745
2.114879640612022         0.040987018185516685
2.154536455083255         0.04223107840014799
2.1676176425957268        0.042644633146914426
2.216621385750833         0.044207925445796166
2.2173510336202713        0.044231370059120007
2.2177768034202447        0.04424485111527852
2.218381404959062         0.04426400050434715
2.2288575984969627        0.04459693255948343
2.23287527070025          0.04472517662048412
2.2371083852480766        0.04486063525851846
2.2553845653320805        0.04545416607732604
2.2622815365300593        0.04567919800394349
2.2762872918953585        0.046137940489167605
2.3072240474558434        0.04715004140601427
2.3165108426717453        0.04745455520067671
2.3185245889171613        0.04752062821930136
2.320073622317729         0.047571390220028695
2.3238111694375228        0.04769385227855518
2.3258682789604066        0.04776124347264466
2.328832889584899         0.04785835112827529
2.3397269121550366        0.048215055679611166
2.373277360028486         0.04931226060445454
2.381156123969499         0.04956962709317133
2.408342081107523         0.05045274967247999
2.430139505813282         0.05115732191714544
2.45687827450272          0.05201735430469347
2.495580464867681         0.05325386346020249
2.5035060575423134        0.05350192211051343
2.507564974010535         0.053628502793819456
2.522459210151869         0.05409033955350537
2.551002136923016         0.05496374234366133
2.565588620022937         0.05540417225066935
2.5658526306787053        0.05541200827367045
2.5756516106519225        0.05570187129452728
2.5766452179748796        0.055731194312591964
2.58067686597037          0.055849885424119
2.5822047173300984        0.05589631464513621
2.5841173578964494        0.055954325284137366
2.6183855047610276        0.05697262233244398
2.621122508535061         0.057052233503200434
2.651130291748978         0.0579204420398209
2.694863133121796         0.059097549746923786
2.7037503588425484        0.05932396646341116
2.7137834751007683        0.059574384529730066
2.7192671829120005        0.05970892590668565
2.7221958805949047        0.05978010689471353
2.7298818722488294        0.05996468083266737
2.7436798463422423        0.060287922040404854
2.8020502440276913        0.061558649992786964
2.808306921057061         0.061685496278763206
2.8404328780736137        0.06229174505540525
2.8437814889373443        0.06235142103994613
2.8822564455116577        0.06298946424417877
2.887592808967449         0.0630719201749118
2.8876554101397467        0.06307287112639304
2.8877270247136746        0.0630739585323653
2.8877650805457376        0.06307453617576295
2.8960146967754414        0.06319644965173968
2.9595881025745725        0.06391514553959718
2.9691097325329245        0.06398913208424782
2.9982957035802795        0.06416128862584952
3.0152113785606263        0.06422335726303545
3.031221176096156         0.06424316628767635
3.0410176160557483        0.06424119583868845
3.0450532539922914        0.06423727262343303
3.046248437639225         0.06423576225822283
3.0477390034756966        0.06423135352599842
3.064332754845996         0.06416638816211581
3.0817359152450723        0.06409058800288318
3.113965068742207         0.06381393057069239
3.1258054061422422        0.06368242375298674
3.127951812555384         0.06365950089386288
3.1307088193202297        0.06362648555301151
3.131477596859666         0.0636173497653061
3.1458414104357963        0.06343154719763978
3.1848729024700515        0.0627817814807858
3.195890720724652         0.06256003272646023
3.1992926913208914        0.06248815329811469
3.200496100690152         0.06246234148650172
3.225635945103902         0.061877082260270715
3.241033037649096         0.06147524808933876
3.252743972205986         0.061147547336381516
3.265997624261909         0.06075134024915249
3.280932101814418         0.06028158884884042
3.3055399261842857        0.05941975877507004
3.3123916005206446        0.05916299690377064
3.3280593987602938        0.05854835972463615
3.335868397988987         0.05822773052809524
3.339304553273578         0.05808363432489834
3.3574788819624137        0.05729328630213838
3.382404006139535         0.05611317310625125
3.404458963444474         0.05497617181989652
3.4125684473921596        0.054536198868177656
3.4236690486517847        0.05391485089016271
3.427417643200511         0.05370004175527979
3.428940439201047         0.05361464727396254
3.4308569523652044        0.05350205508760828
3.4327271550495237        0.053392603273714326
3.435490552513187         0.05322992319664276
3.471878666312306         0.0509815262000175
3.4947621789359324        0.04946641974485777
3.502576278586423         0.04893116325003191
3.504259441561729         0.04881467647754403
3.5071314992793585        0.04861884454781204
3.5202920800468287        0.04770530020932104
3.5572656267024323        0.04499656996630227
3.5649508153880873        0.04440721315907744
3.6134542032228945        0.04047853883660211
3.6168142562978707        0.04019301258914909
3.6182244005171165        0.04007266713132997
3.625874448039744         0.03941080446528958
3.62832111662145          0.039197156098037825
3.639808763356484         0.03817715535896206
3.683639665241052         0.0341022471483626
3.7004771587815175        0.032514524536832165
3.726160604518832         0.030005274409835588
3.7324761229697585        0.029377028379678705
3.7625605784673315        0.026348920886023183
3.7797503708396083        0.02457757234278421
3.7932603391966433        0.023164422527312312
3.8005736832934573        0.022395402795600323
3.803998226379393         0.022033698771503907
3.8163773117621846        0.020717676809803465
3.838271695132755         0.01835736660068975
3.8613988228283085        0.015818766048423725
3.867736097107705         0.015115000249779008
3.893305317301696         0.012239923619136991
3.9137256512711747        0.009902858638698475
3.921439937148963         0.009019755929842279
3.955351415254251         0.005070371392464428
3.967155376741971         0.0037043861254055788
3.9890577987319826        0.0011817141869532896
3.9915932959186837        8.90682894023039E-4
4.019020054826843         -0.0022441518379563816
4.019679845265394         -0.0023192652804580913
4.040120867962171         -0.0046408113822190115
4.0747504180270155        -0.008553806655181696
4.155683106613061         -0.017613607460310432
4.16619209374309          -0.01878124909152303
4.166358071299531         -0.018799674518224983
4.166398419347023         -0.018803966050304564
4.167697711796627         -0.018942032257654312
4.168864825814465         -0.019065837514289505
4.169508752304661         -0.019135763594016576
4.180477564154867         -0.020321806591527887
4.221538528197544         -0.02467620185717822
4.24472530752748          -0.027075492757261062
4.249768406975003         -0.027591640205078247
4.259906936204711         -0.028623133017115235
4.276493733824932         -0.030292937035393736
4.308778928017774         -0.03349413243856976
4.332493240382028         -0.03576198002477179
4.338841125461107         -0.036357040260106326
4.34403820936282          -0.03684044943502581
4.352050745785004         -0.037573599011483966
4.375950861819611         -0.03968924021728498
4.429767670430854         -0.04406252679096813
4.433221756964671         -0.044328485711781045
4.442330311277398         -0.045023590837612495
4.452169689169164         -0.04576430342511925
4.469788778751466         -0.04706430037352691
4.481458857294933         -0.047906724059959
4.501272542566566         -0.04930299816123437
4.505884879256795         -0.0496218882802051
4.513268875033332         -0.05013130320185072
4.534369434864551         -0.051536498725707196
4.569414942735403         -0.05370499501510927
4.578729609627442         -0.05422530726129786
4.581576230557573         -0.054381412514404245
4.584103994030193         -0.05451889184043586
4.587721592831961         -0.05471377900989513
4.5962431016477145        -0.05516416771298967
4.635331875789849         -0.0570739417497729
4.637800471400074         -0.057185940816158506
4.648647439118901         -0.05766594089760805
4.672792621423014         -0.05866350400968777
4.694546167051202         -0.0595142362973283
4.694645058297222         -0.059517987013747005
4.722903991803273         -0.0605206101233345
4.746537755079166         -0.0612532692341785
4.749540924652022         -0.06133946394758312
4.752573192762251         -0.061424914091691436
4.762901821542019         -0.06170406564379501
4.782468365416731         -0.06218239804836706
4.789969824527293         -0.062354365566531594
4.794280219863343         -0.06244977837520529
4.799895373384113         -0.06257034968572435
4.80365175081173          -0.06264865689480828
4.809853706950555         -0.06277382015068415
4.8255076599484           -0.06303670870998061
4.831680164098223         -0.06313348748261673
4.862576077631266         -0.06355941325476486
4.876125082768951         -0.06371544233290016
4.926251012428258         -0.06412967578048677
4.934764398538149         -0.06417662313996945
4.935573289951773         -0.06417861483923633
4.938607861527537         -0.06418516295541325
4.9412491291478755        -0.06419183185062623
4.942227941866451         -0.06419402319611803
4.955828762738509         -0.0642088006165203
4.981735087154044         -0.0641560591741384
4.995393631364132         -0.06408554317687398
4.998532255447374         -0.06408496295522118
5.027808173487879         -0.06403140511566918
5.030233844476331         -0.06401156803063943
5.084806053034883         -0.06344487954379571
5.104017242081632         -0.06319052090648668
5.108669721438672         -0.0631249282369784
5.1116739855359326        -0.0630817694616713
5.1418812074639755        -0.06261278041292166
5.164040541161271         -0.06222821427997818
5.171549715138948         -0.06209011501455886
5.184853635206895         -0.061835775701983176
5.227181852605829         -0.060944320878049435
5.230732581530752         -0.06086895723335113
5.255849737498826         -0.06032178823625195
5.25631075196337          -0.060311514911976456
5.25645588899764          -0.060308099930152355
5.2566421971897626        -0.06030371486418576
5.30646477940558          -0.05907646505763559
5.337397131244362         -0.05825249102624099
5.350532933287338         -0.05789188139323424
5.376170351494398         -0.05716969963625699
5.40552100702188          -0.05631308994898099
5.41572111578863          -0.05600793977438805
5.428698794736604         -0.055614135376982475
5.450318875379627         -0.05495911213555432
5.452092348776117         -0.05490419403825259
5.47187684741519          -0.054279334252399634
5.481234935482346         -0.05398050442409574
5.4892573533178           -0.05372358371316854
5.513550506149885         -0.052941406302813125
5.524423428638341         -0.052592951301044986
5.532273670725085         -0.052341300067112476
5.544245416788661         -0.05195741973184369
5.548811462436404         -0.05181097266623475
5.5802837205602085        -0.05080104413424417
5.585679681955986         -0.05062779986186695
5.616419807644055         -0.049655444779273805
5.625837155728282         -0.04936040763277306
5.629261380006646         -0.049253460801830413
5.633030896688581         -0.049130459912827926
5.659139744325955         -0.04827844067106248
5.662820722247363         -0.04815634329901458
5.664774146057593         -0.04809159907255959
5.716726550092168         -0.04638253652428033
5.718382983645427         -0.046328452668109026
5.723304563957884         -0.04616790771245994
5.73540522535312          -0.0457741216142166
5.737924191082338         -0.0456925265968437
5.766248806777794         -0.04477927244312322
5.783266231244758         -0.044232234239195645
5.789897653958032         -0.04401932485748477
5.799237594441713         -0.04371970540467153
5.804414915544514         -0.04355374613181877
5.8143533545063555        -0.04323542074738278
5.816829843612483         -0.04315615102529084
5.84213041175621          -0.04234748505637445
5.859763659752297         -0.04179770587713276
5.862704877967704         -0.041706066015290005
5.8657201018724745        -0.041612139068543594
5.883223345004427         -0.041062865952055994
5.902664775208598         -0.04045573377675129
5.92844100080439          -0.03965558281975739
5.9292128239170045        -0.03963170827196551
5.930125388190864         -0.03960348656692123
5.930663709858568         -0.03958676594273737
5.955608556273313         -0.0388169273484557
5.974832279947554         -0.03823028339011418
5.980695496076329         -0.03805250637550383
5.9881413430934405        -0.03782751679472808
5.997959389071102         -0.037534456338380984
6.014612263250497         -0.037040092809580816
6.040286952355762         -0.036284587282058536
6.075473071613551         -0.035262366632172366
6.085241319908645         -0.03498128171143971
6.09181768304705          -0.03479270545906306
6.131623826291091         -0.0336626241011155
6.140862283958524         -0.03340598631560031
6.146294574136006         -0.033255989849935275
6.156531562958859         -0.032970845832513376
6.193852536505211         -0.031945659564852624
6.2110819001193045        -0.03147998412296603
6.251174791411855         -0.030414950461602232
6.251561722612528         -0.03040479870876154
6.252780233624165         -0.030372805885886835
6.253502912611724         -0.030353846094947918
6.291454742278873         -0.02937347061655483
6.294486950386467         -0.029296438310094857
6.298599265597533         -0.02919227261876642
6.306579073812098         -0.02898951537070997
6.306696906398456         -0.02898652761724408
6.306785731727744         -0.028984275489273886
6.310493799533079         -0.028890350947995202
6.312342945073974         -0.028843579589880954
6.321850968562109         -0.028603793437619297
6.326579405204302         -0.028484984848257365
6.365068544914749         -0.02752875152361297
6.368969992982674         -0.027432902798249628
6.388962783833462         -0.026948931067586626
6.408260642929994         -0.026486171356875674
6.423312680549065         -0.026128219069161556
6.4407158891020835        -0.025717623560122135
6.451396125010501         -0.025467380194710863
6.460929049031816         -0.025245134473072504
6.495531513579941         -0.02444727165869628
6.513425380094695         -0.024040091852855643
6.530647570184684         -0.023652193779890647
6.535211391977094         -0.023550526101876947
6.549104630408849         -0.023243236409247837
6.58162989256525          -0.022536846205442065
6.600180587345359         -0.022142117754861152
6.616339634781656         -0.021799117522392962
6.632520284835927         -0.02145857394415906
6.641062327164134         -0.021279971662301767
6.64673522261756          -0.02116180851875989
6.653762753436219         -0.021015926331727185
6.677006885994206         -0.020537407265249278
6.696655282035681         -0.02013793710868557
6.732142576030773         -0.01942811303968034
6.741678033331678         -0.019239942502396613
6.74297064480443          -0.019214517851621774
6.746312344696442         -0.01914924051572873
6.75047366444677          -0.019068082739745404
6.753214551801532         -0.019014713063597505
6.757881314551139         -0.018923999704641082
6.788146876118176         -0.018340473803676288
6.7974261064606285        -0.018163227964027008
6.805992986400177         -0.01800028040954651
6.820377618037462         -0.01772816859430966
6.824258595554637         -0.017655073348034317
6.836741881409731         -0.017420884059034223
6.852490694087265         -0.01712744356048731
6.861512308353587         -0.016960358552346927
6.873096475012983         -0.016747209638825523
6.8848282196559545        -0.016532658483553668
6.898089388090274         -0.016291728252472184
6.907739448572107         -0.016117466425113688
6.917266059414133         -0.015946310918529747
6.924372208176618         -0.015819023441890935
6.942468991773127         -0.015497358940953339
6.960410188578825         -0.015183294491045428
6.963977028018437         -0.015120734993087224
6.975302653403158         -0.014922793107997583
6.9776990992666965        -0.014881046162562103
6.986501271121898         -0.014728118553120612
7.00226181575109          -0.01445619343768844
7.007529533533067         -0.014365772243804047
7.041964375937932         -0.013780438855442875
7.05872911072483          -0.013499074621890301
7.068510248091174         -0.013336474384589824
7.079609703462639         -0.013152745525424453
7.112613820872456         -0.012611371855344585
7.132688218589003         -0.012285704945714251
7.1338639075248675        -0.012266716573558536
7.176339527243092         -0.01158754044248114
7.19934768323485          -0.011224478975810472
7.218284919144399         -0.010928203921125588
7.231699640507319         -0.010719721635818268
7.302441757643076         -0.009639398104297727
7.3042197879625155        -0.00961261771374154
7.304638285477226         -0.009606317012635321
7.3145853259305245        -0.009456830604903543
7.320991179672287         -0.009360857968100472
7.324344106326044         -0.009310716807982813
7.3433908528916065        -0.00902708882645547
7.355764592230864         -0.00884392820443887
7.375645862738051         -0.008551196793003651
7.395799360267483         -0.008256027784735886
7.397927119761728         -0.008224956816818793
7.414177028625443         -0.007988246124505688
7.417496188008403         -0.007940022726206569
7.427987113066454         -0.007787884226057923
7.439634174655447         -0.007619295369740372
7.456681279664863         -0.0073745456105263636
7.459273018539586         -0.0073373940205927616
7.473925112395469         -0.007127872965797031
7.487644078925616         -0.006932482785733601
7.498355166399953         -0.006780461208128417
7.515631859849423         -0.006536232730221294
7.5171306178878305        -0.006515102768136046
7.531944699378405         -0.006306738070722722
7.547500456261669         -0.006088897201494938
7.549143675496476         -0.006065942939179762
7.574966818262108         -0.005706652230569912
7.577098284330267         -0.005677120855616953
7.598547057924067         -0.005380277987954729
7.613988980751262         -0.0051673870511953456
7.632308731482366         -0.0049157104339113125
7.647949182850435         -0.004701606022022212
7.648067850989411         -0.004699984246572663
7.651332344422506         -0.004655386006654357
7.654957706629425         -0.004605893646436102
7.66736756057953          -0.004436764266181996
7.6780273742763185        -0.004291954068546337
7.715763644341459         -0.0037809077247035784
7.727788120393267         -0.003618618486568409
7.729714349087659         -0.0035926447806065324
7.731024642150407         -0.003574980244155515
7.75618602429307          -0.0032363600180483278
7.783436075286397         -0.002870894666927439
7.78421997934895          -0.00286040075024796
7.787465048976754         -0.0028169714314954675
7.8226070480926335        -0.002347854013232882
7.83786133654596          -0.002144865091942742
7.862421099260775         -0.0018187885528238306
7.878830361761702         -0.001601016716695059
7.886130004561857         -0.0015042149850426506
7.896273367911739         -0.0013697777043370795
7.904580782313216         -0.001259738967297687
7.914189454034856         -0.0011325374200212709
7.931776217424671         -8.99924324832848E-4
7.944017798828786         -7.381656000004341E-4
7.974738974951296         -3.327829205597804E-4
7.992234656268204         -1.0224596023533646E-4
8                         8.99046789383709E-18
