0                         0
0.010082511670033668      3.8018324695948894E-5
0.013209754747181824      4.981367250258085E-5
0.01766323907773688       6.661411355735167E-5
0.028721312279149147      1.0834395870674102E-4
0.03473107554289512       1.310314190016858E-4
0.03672399468334356       1.3855619819202865E-4
0.05120196987633451       1.9324109456846003E-4
0.0731223849749383        2.761023937509123E-4
0.07346077579891377       2.77382108895436E-4
0.0738304601493421        2.7878018939571657E-4
0.07868616162676907       2.9714558020785335E-4
0.08677766770470843       3.2776685369521647E-4
0.11292946713297693       4.2679388750521756E-4
0.11969007649213168       4.524068737393863E-4
0.1354146519624448        5.120725513518386E-4
0.1473238596614255        5.573468863052767E-4
0.14771534043826173       5.58836404264353E-4
0.14849661325808214       5.618092536390185E-4
0.15898617032920936       6.017413048197447E-4
0.1815761537447245        6.879140310861073E-4
0.18189792021444          6.891431947071289E-4
0.18272370329391782       6.922979499566571E-4
0.20300437453933595       7.698667780229397E-4
0.2114928644600954        8.023879520652625E-4
0.2155770622631638        8.180468634300656E-4
0.22840918966626134       8.673388610042134E-4
0.23335950400646735       8.863901663964537E-4
0.23566071053426768       8.952531337042731E-4
0.24727656686687693       9.400585182043058E-4
0.26270183750563186       9.997218461355803E-4
0.2660060085069797        0.0010125263704729977
0.27563853183463877       0.0010499039171436798
0.2789228582786194        0.001062664931861889
0.28644788388431486       0.001091934867777985
0.28833658701106535       0.0010992883093843585
0.2944191376456876        0.0011229750217858676
0.3004474031992583        0.0011464770672692894
0.30334414424219164       0.0011577798875653672
0.3063944725645241        0.001169702757205308
0.3141305090509656        0.0011999829516743004
0.32224421392201813       0.0012318064714376285
0.3255504431487215        0.0012447932450934088
0.3259530782340524        0.0012463755397174264
0.3277328611830287        0.0012533717811439302
0.33055973193812654       0.0012644852195005615
0.3324290505794121        0.0012718387516917529
0.33455164082511835       0.0012801930185811945
0.34521080855804925       0.0013222172294435088
0.3573098711543986        0.001370061726597514
0.3625201981044901        0.0013907124098386163
0.3633401637350493        0.0013939651444277096
0.3797807623607979        0.00145933822057189
0.39303657769481204       0.0015122620493180489
0.3949358074141943        0.0015198604035236414
0.3956326044111972        0.0015226491036403856
0.3963202951711349        0.0015254000895655287
0.4103999060295944        0.0015818678383299819
0.41949353332646616       0.0016184854785189988
0.4205595259542213        0.0016227854892130326
0.42632084841858753       0.0016460529464480734
0.4364269986566743        0.0016869788934398564
0.44356654404539037       0.0017159769681290432
0.4570090924259771        0.0017707680133943703
0.4571840290871349        0.0017714827034162643
0.46233079793565196       0.001792528491532053
0.46243257598198356       0.0017929452970709995
0.4635234196302507        0.0017974116116357642
0.4751040488496869        0.001844944576638314
0.4822052390335726        0.0018741964775840776
0.4940662428404148        0.001923233297840932
0.4971617751668595        0.0019360677326869706
0.49877299823581384       0.001942754046272824
0.5037450150112381        0.0019634258575671835
0.5089929500183235        0.0019852704077796615
0.511685282573266         0.001996495658662951
0.5327019114574468        0.002084535589213925
0.5507804987113192        0.002160855761138009
0.5578017110676646        0.0021906429406487733
0.5647739472363372        0.0022203034919287884
0.5675074320202395        0.002231954061336362
0.5693384000836101        0.002239763338304865
0.5710515647051776        0.0022470764606508297
0.5791575749628433        0.002281761686375678
0.5865857625922151        0.002313666078213392
0.5928689120746023        0.002340741726288277
0.6031566926052582        0.0023852509243942792
0.612810638745049         0.0024272173249832267
0.6143295245864588        0.0024338376112642297
0.6241895814644626        0.0024769303402168005
0.6368495173159646        0.0025325550996690522
0.6388059531902772        0.0025411842912111283
0.6464637025272543        0.0025750369988046407
0.6518991274863616        0.00259914084024276
0.6617851288033558        0.002643134476561381
0.6708321630383293        0.0026836304433292863
0.672216914138548         0.0026898453061459217
0.6919558083697435        0.0027787891314031807
0.6972769233059797        0.0028029353709272445
0.6996948877359204        0.002813936115622768
0.7011834227248649        0.0028207101435631203
0.7027069640814395        0.002827649489425515
0.7090335460390226        0.0028565305238137557
0.7227507737245575        0.0029195180922401403
0.7449374238369568        0.0030224169999267508
0.7463060845240952        0.003028805996565025
0.7582460692579146        0.0030847462793323842
0.7613176020349752        0.00309919587955772
0.7616823792031265        0.0031009135297252687
0.7876051474252265        0.003223851147100948
0.801094711724158         0.003288657101935472
0.8089665726775741        0.0033266737295403197
0.8194628572616243        0.0033776732918770437
0.8230473636739255        0.0033951705160863736
0.8256754805486103        0.0034080253921900403
0.8269374763389028        0.0034142060312332533
0.8288597661159739        0.0034236302609080803
0.8313068840873012        0.003435644623342192
0.8342903887486607        0.0034503183501173452
0.8367527784232356        0.0034624505392545817
0.8426661337181267        0.0034916648701991486
0.8528683961021771        0.0035423233824094947
0.8568209828051363        0.0035620362032363693
0.8643090821913743        0.0035995143200055384
0.8771257914247268        0.0036641561493224923
0.8821147679776719        0.003689457572799501
0.8849785790477862        0.003704017423376855
0.8858400495011092        0.00370839816194667
0.8946317688574701        0.003753268094585025
0.8953825901508211        0.0037571153046156995
0.895683961167698         0.0037586583563832595
0.8957276713658254        0.0037588821864906695
0.9012925877043879        0.0037874006417900024
0.9259239139276342        0.003915102324870278
0.9264951291660652        0.0039180919841402505
0.9428917579460838        0.004004454217888117
0.94519261906028          0.00401665723347623
0.9806045517793245        0.004207084787935424
0.9813341655289464        0.00421105990207766
0.9901178609307916        0.004259079197007125
0.9950308102982192        0.004286069361273308
1.034827712228191         0.004508183785909166
1.0352851896310151        0.0045107731069135345
1.0370026997182047        0.004520532211712682
1.0373217847728287        0.004522347612967003
1.041119555713788         0.004543986825290907
1.0415372012850748        0.004546372522656487
1.0426367012386457        0.004552656966231825
1.0442678476088123        0.004561945119503381
1.047071017177327         0.004577939197155214
1.0690119215007563        0.004704598412568862
1.0756315040892837        0.004743285659936518
1.0950765319782074        0.004858151338629768
1.1039976030171748        0.0049114599650198956
1.1098996915397996        0.004946939318384273
1.115764997451934         0.0049823639525205035
1.1398643561711164        0.005129657546987098
1.1441678789903151        0.005156255057113483
1.146248859553925         0.0051691724281737045
1.1602740653324797        0.005256844490563609
1.174833062532415         0.005348982114635091
1.1791030209419833        0.005376222921868187
1.1963161661552573        0.005487039678442667
1.198962911415032         0.005504256887012461
1.2039857357023929        0.005536929871212301
1.2248298606437789        0.005674291453384462
1.2297105635022483        0.005706867162198632
1.229886195501891         0.0057080422905305735
1.2360166967368549        0.005749186489227103
1.237080603597795         0.005756351712403486
1.2489730242544037        0.005836946836197203
1.2576898188802361        0.005896605734472849
1.2712986908042838        0.005990736112802457
1.2757180375093107        0.0060215634889566536
1.2821650900693733        0.006066763377401048
1.2897178769932995        0.00612006129427097
1.3127414777350168        0.006284736816818767
1.3144437012655592        0.006297066874008018
1.3168668205856586        0.006314661510503099
1.3275212343866813        0.00639255077610125
1.3350430785307443        0.006448050189315215
1.336243789662611         0.00645694088847496
1.336493736784849         0.00645879305985865
1.340617826851619         0.006489361797282855
1.356320822566421         0.0066070005608294315
1.359634014191123         0.006632073110872898
1.3825110332703388        0.006807589534986046
1.3854868595477658        0.006830728083522173
1.3918574635762735        0.006880500725828796
1.3931467586897122        0.006890613282145092
1.4299824754231596        0.0071851465002712046
1.4303558922439117        0.007188187824052826
1.4306478410894126        0.007190572618425211
1.4421934565842287        0.007285476878424842
1.4487529731537996        0.0073399114242421095
1.4538310176084719        0.007382308507378702
1.4711900439305874        0.007528932027199723
1.47564617862959          0.0075671086479289626
1.476940635898392         0.007578200096412334
1.4864194584669286        0.007659926862033324
1.5113019655718503        0.00787872033070669
1.5124195181109525        0.007888691659065014
1.5126793464487234        0.00789101173421976
1.5200110520969123        0.0079567529104037
1.5307688555867824        0.008054174473938016
1.5446473424336262        0.008181542640693793
1.5490312615961468        0.008222170327377027
1.5510356452965468        0.008240808964251273
1.5517206207554075        0.008247187591395862
1.5522508270256863        0.008252145799023261
1.5543648199987194        0.008271945446534939
1.5611904934775667        0.008336209874530159
1.5693373608837473        0.008413583565398529
1.5709039363854087        0.00842854871305648
1.5769932567166483        0.00848697483616926
1.5781471355869572        0.008498092063087916
1.5796068432865389        0.008512176811818466
1.5797215791574477        0.00851328489327525
1.5817149467362042        0.008532564493724509
1.585032272685033         0.00856475112110336
1.5859809587654607        0.008573979227181007
1.5868516618515676        0.008582409638788362
1.5952632031727483        0.008664366988454714
1.6168573449685528        0.008879035856850985
1.6213936435875245        0.008924912239930879
1.6401729489489927        0.009117714508722514
1.64569738762841          0.00917531681146713
1.654211387738262         0.009264877947981866
1.6568063284095875        0.009292364717553698
1.673594478925351         0.009472335556028187
1.675057890108846         0.009488180060308759
1.6775824354420927        0.009515576823839196
1.693489737608509         0.009690179405853799
1.6956624000457494        0.009714428283884823
1.7044610355954815        0.009812770307916687
1.7045811100681967        0.009814122082405334
1.7250770517268899        0.010048094730924368
1.7484138190107295        0.010322338767268156
1.749122092254093         0.010330792658894557
1.7559511239858394        0.01041269801828256
1.7565650260270118        0.010420096003582877
1.7575356666405864        0.010431804749948708
1.7637239723121452        0.010506793321062215
1.7651952534523891        0.01052470838534139
1.7880530003271338        0.010807299065023835
1.7955013457407847        0.010901542835295548
1.8149673202237222        0.011151024887284696
1.8290235135748334        0.011335984980953371
1.8313885161642265        0.011367501716411295
1.8340840018670266        0.011403561855990984
1.8359926227031036        0.01142918506890604
1.8388419827033085        0.011467576130824443
1.8414545411809007        0.011502922340782606
1.8479807071739696        0.011591826114187579
1.8665499522050937        0.011849516813419997
1.876761101572894         0.011994161282061827
1.8833582111427134        0.012088721477578137
1.9055105755974837        0.012412618552483384
1.915279791450351         0.012558903226459247
1.918595427078232         0.012609152818856755
1.9237574643254214        0.01268771517789868
1.9259688581604102        0.012721569715418582
1.9399258679154374        0.01293754526568449
1.948089593532128         0.0130662691910896
1.9502087364572414        0.013099956745119731
1.9683599754106509        0.01339311847289001
1.981784398464033         0.013615254431416429
1.984664006005563         0.01366349267468181
1.9906688461531377        0.013764753022783188
1.9969226913582139        0.01387117406338979
2.009565785060074         0.01408931730332102
2.022151951097322         0.014310461607527438
2.0298247577002813        0.014447226006637899
2.031128955849033         0.0144706196296293
2.047318396024891         0.014766431139540383
2.0645914292867116        0.015090399919072479
2.0649866742171494        0.015097933621843466
2.0674974849565473        0.015145917793769401
2.0760947684978324        0.015311869770545689
2.091096159848282         0.01560755220738687
2.0991122742082133        0.015768738585918332
2.0994619651295747        0.015775820614846378
2.101379396138266         0.015814727975976488
2.105378514242499         0.01589629667430161
2.106058404663393         0.015910217775068607
2.1076503315465605        0.015942874218710927
2.1233425921609177        0.016269824680696845
2.1433780691236968        0.016698817494261383
2.1619806942311985        0.01710986229885636
2.1661635990584163        0.01720438874054132
2.1733218487971064        0.017367987708326697
2.187372677283252         0.017695849217223475
2.2083608225614473        0.018202207070103477
2.216463262918532         0.018402909192982896
2.217919021514023         0.018439277679856637
2.2296819963484436        0.01873659369313329
2.245387711386002         0.019143129962327664
2.24673409695514          0.01917848965760577
2.2563622312622904        0.01943369303469599
2.2721159701693394        0.01986012727827397
2.2799409526991283        0.020076477536550234
2.3103682936318344        0.020955863682447024
2.3110283153766367        0.02097561093959517
2.3110852755363127        0.02097731647359382
2.3112403269451183        0.020981960188803408
2.327393148092414         0.02147435473000396
2.3352468536439313        0.021719936691444463
2.357185435845774         0.022426918653639383
2.3665029818626837        0.022736344389503248
2.3763074841943848        0.02306750940643988
2.3865644692526704        0.02342032075817062
2.3909115295535432        0.02357361864352263
2.394491592676679         0.02370099254817426
2.4032446024326206        0.02401616035435715
2.4045250228646244        0.024062074910402763
2.422179897391371         0.02471130660717998
2.427650391110278         0.02491858593122178
2.428631524899494         0.024956067229398835
2.43386961896541          0.025157746439392226
2.4546569631282025        0.025984238468854438
2.4560423348485942        0.02604072957460635
2.46091951583089          0.026240663778880433
2.464410319483121         0.026385036775877606
2.466468733437437         0.02647066613242493
2.4664736528406537        0.0264708712198991
2.466482239324935         0.02647122919120815
2.4664939438709936        0.02647171716513493
2.469769852233482         0.02660876183456199
2.494830350459544         0.027688059784764435
2.506121841176941         0.028209091038325147
2.5104999751758217        0.028414395014724925
2.5165452123557257        0.02869705652006682
2.522047018346885         0.02895630110842194
2.5320326249049763        0.029436948189418114
2.537013100229962         0.02968161458392004
2.5418644279917846        0.029923133610708662
2.551846329614923         0.030429997999211266
2.572851617388682         0.031540239343887604
2.583274150893083         0.032113081046829896
2.586057979747058         0.032268549633356645
2.587561245319822         0.03235293452473407
2.5883986755371717        0.03240007454144421
2.5900117444776662        0.032491141199783455
2.595490246932137         0.03280303703699612
2.5995955892296694        0.03303939487636301
2.6259889630849047        0.03460629336202321
2.630251531502331         0.034874524185922254
2.6383874350394896        0.035383392560073966
2.6430533695843           0.03568466940315851
2.6566010602203742        0.03658482915642264
2.657492872461415         0.03664540970907849
2.6600531722568728        0.036820239693195485
2.6684697944181646        0.0374044759623701
2.6735942660097773        0.03776732986471178
2.687101194295334         0.038749626346838206
2.6965226523576495        0.03945703548999488
2.701176571989633         0.039813184020120684
2.711657236834865         0.04063022830370026
2.7118426962037097        0.04064487321361044
2.7240343640695808        0.04162186040237996
2.73798782354452          0.04277642322857088
2.7392142508889394        0.042880767619608406
2.7427026947490942        0.04318009549920583
2.756770747930606         0.04442522274923651
2.7659815913690755        0.04527344891239085
2.7858213183172307        0.04718918715631976
2.787770997508341         0.04738398743075593
2.78950713179163          0.04755843636576258
2.794449242631539         0.04806010509140385
2.7982060689530894        0.048446486147296956
2.813375951341304         0.050052970650212615
2.828202485557841         0.051711513290027177
2.8311707480214703        0.05205593529447667
2.8316359041122783        0.05210853541863748
2.8345925129589533        0.052445591047811005
2.8439681730026347        0.053560844730445
2.8461295199289225        0.053823152282669075
2.8526475908248097        0.05462602747988268
2.8688098090920913        0.05669344189539874
2.8773414851911974        0.05782881167060871
2.8783529237303265        0.05796542798302112
2.8871962964050937        0.0591781261871022
2.887354115142309         0.05920006485224885
2.9076585308872835        0.062109443029205645
2.910714797379762         0.06256228951460298
2.9247888544015437        0.06474618519122877
2.931428311352925         0.06582135125807145
2.932863669688062         0.06605757208816014
2.9362154129641183        0.06661441724140667
2.9375217672104696        0.06683343681806687
2.9437555707276024        0.06789392768670116
2.948043087693992         0.06863804851945274
2.9558519609346043        0.07001608605800501
2.9591757319346534        0.0706126089172847
2.972154820824857         0.07299902730889045
2.9907473651296623        0.07657580592438429
2.9967732699971137        0.07777504133596491
3.003895216153248         0.07921764526582808
3.013414991135533         0.08117725734380678
3.018161060645267         0.08216828833708957
3.027161494847575         0.0841039235603061
3.045414827643978         0.08825564547845889
3.06081380569165          0.09199372885901669
3.063495439397426         0.09266673430391985
3.0903615302857816        0.09977016032485703
3.0995592821339284        0.10235285414954427
3.1034665507380352        0.10347327864677561
3.1071625527824462        0.10453181681352287
3.1102881914973306        0.10543289312378852
3.1122809302719703        0.1060101886845255
3.122740616917266         0.1089403444602492
3.1298814188895907        0.11095634126931041
3.1394734051769912        0.11368426331718004
3.149933651584758         0.11696454976666525
3.152434958975503         0.11774697807833806
3.173557407071463         0.12432391537283043
3.1764350143481006        0.1252157239568501
3.1816674168309316        0.12683473561872022
3.182991371040981         0.12724386638036358
3.195861741912471         0.13120998863156547
3.211782104008968         0.1360932806762324
3.2323546653841735        0.14234930418010436
3.241249780102385         0.14503532803222285
3.252946358825249         0.14859340089393003
3.2592318146255064        0.15046684924101394
3.259409174061947         0.150519269672109
3.259536082536702         0.15055676714552235
3.2755536326496264        0.15521143333188772
3.2793097738592163        0.1562805520934993
3.2843515792193854        0.15770222971117182
3.295364172255157         0.16075419708576183
3.30232587522985          0.16264577188191848
3.3056731888931825        0.16354486467791693
3.3082326988740767        0.16422779114214522
3.309293984376823         0.16450980318203856
3.310934990722197         0.1649682495165549
3.3150072335480187        0.16609531288126594
3.3217809757530086        0.16786869572811175
3.3273260962544002        0.16923985702983957
3.332193154402451         0.17038358270064613
3.350622073873074         0.17420790817451878
3.352965318614226         0.17463676563157143
3.359310516258659         0.17573303409280333
3.3668368196982943        0.1770999898756996
3.3862869691136837        0.18009853871427992
3.387984649786717         0.18033572796753902
3.39127079311461          0.18078365501183133
3.3934581737688077        0.18107363013576303
3.4066918902469285        0.1827274672975176
3.410254318409581         0.18313433178780966
3.415596383010274         0.18371397039622195
3.430383136615557         0.18512769783874575
3.4389624588030823        0.1857428529326623
3.440934360455017         0.18586586118540213
3.44910175204051          0.18630218695033457
3.4519650542359743        0.18637701886783636
3.452839612430754         0.18639651161067178
3.4596995247771996        0.18649481494874287
3.4643167589540402        0.1867068283753796
3.4686582707461637        0.1868539865979458
3.487525987931156         0.18637152804361976
3.501438164550454         0.18556796617204385
3.5047849009200944        0.18531285144735407
3.511079907666929         0.1847818762431633
3.5317892509764413        0.18256405183124982
3.537557140444788         0.18181772568611548
3.539013289674866         0.18162044993872062
3.5622976077291257        0.17798075572787203
3.562632766703568         0.17792169781090686
3.5771059992485563        0.17519087413590567
3.611482759531142         0.16729024586175595
3.613515307791322         0.16676078678629033
3.6142107699824915        0.16657502393255594
3.6163941808991793        0.1659821905739891
3.620779198247294         0.1647474617914254
3.6226869636687407        0.1641967875376795
3.6323455229434742        0.1613349288913221
3.646850487741447         0.15680512880093153
3.6511283859396406        0.1554159983704812
3.6673440514486826        0.14993049370505637
3.677213034243737         0.1464582695094623
3.6787025438410352        0.14592227333125057
3.6833013731438404        0.14424763817034117
3.7024319385702738        0.13696101606932343
3.7118891355319565        0.13310342738012512
3.7147091306094002        0.13192522738269863
3.7174646473156194        0.13076157499394173
3.7225392008760845        0.1286198888433892
3.723963849223086         0.12801643439087715
3.7246421685266697        0.12772877362371055
3.725319424338705         0.12744134673307728
3.749771948039612         0.11688586375395216
3.7595996445544264        0.11247272955383943
3.774193042726021         0.10573888515109263
3.7759440178657835        0.10491642312224761
3.7815785511202233        0.10227478691541392
3.7920858821570866        0.09729390621132278
3.7940031702317762        0.09637735039840109
3.7953487424642147        0.09576726965087042
3.7965106036981218        0.0952406298629194
3.8073270546318096        0.09034435058984122
3.812980434527046         0.08778992319801603
3.8135876986824595        0.08751572785585766
3.823563284754506         0.08275706240100868
3.831718011387905         0.07885545731286686
3.8385266638625763        0.07558992099875535
3.8435302521499404        0.07318550596588663
3.8457138320827227        0.07212891831716743
3.8506448751354974        0.06974765994743898
3.86436375307833          0.06315742585041383
3.864471709516925         0.06310576892236665
3.877602683729792         0.05684625149431693
3.88436872613007          0.0536391846531546
3.8863310002285285        0.05271140525650613
3.8918617854410464        0.05015415824331245
3.901694883511703         0.04552635922052034
3.905682874025244         0.043657356926910355
3.91335203569047          0.040068755380000154
3.917300629422903         0.03822398352007347
3.9235632943361827        0.035302096907107706
3.925566386107728         0.03436858049146599
3.9386297460282984        0.028292911570712675
3.9438136295761996        0.02588984008747079
3.950610496786675         0.02274573059402013
3.96007969629308          0.01837809464429407
3.9698938994957427        0.013866865911023655
3.970095750332228         0.013774248496801134
3.9702840216690256        0.013687890427788316
3.9794880239366286        0.009461529391125706
3.9884624364417225        0.005331944774355994
3.988551375031256         0.005290976864748062
3.9956480556007268        0.002019319493845909
4.001439636847807         -6.546279144748057E-4
4.005797872517427         -0.0026624100291183406
4.014914132594723         -0.006849886366797425
4.016828345409285         -0.007727055392504008
4.018879591291448         -0.008666206264993303
4.020857179623869         -0.00956968879323481
4.021490301838508         -0.009859188154456376
4.045776120657301         -0.02105581485892506
4.0457992231582995        -0.021066551099031695
4.046994652473861         -0.021621782623865698
4.0477809214808005        -0.021987082121499125
4.048407298797049         -0.022278157150613386
4.0530765265447           -0.024449632912037993
4.077851899437862         -0.03602197569745317
4.08293788627748          -0.03840806051090631
4.090598960725377         -0.0420077111520276
4.106710114388869         -0.04958734065364715
4.107191936332476         -0.04981421838162227
4.114842182020709         -0.05341808508477895
4.1148879842372095        -0.05343924723891159
4.115106743390996         -0.05354034617764146
4.119482767819235         -0.0555898209531367
4.122739694792321         -0.05711847479445646
4.139728507256152         -0.06513789765695233
4.147213877197347         -0.06869561383043282
4.159459787001762         -0.07454802921215055
4.161375844710607         -0.07546732908543795
4.164546997958308         -0.07699094854230097
4.169156376863368         -0.07921034046639557
4.178899931174076         -0.08376259872157564
4.181097113508722         -0.08478972250211393
4.185467750703694         -0.0868335176031669
4.198971420245913         -0.09315347373089938
4.20934170864269          -0.09801246761707147
4.209679464259686         -0.09817303949850209
4.210566345454353         -0.09860308872291007
4.223253180746701         -0.10464582209125216
4.233885413816544         -0.10956150023594936
4.238910958954081         -0.11183788270808655
4.242377598132112         -0.11339051288657707
4.243124451741185         -0.11372312775014921
4.245573319587203         -0.1148090571569382
4.253704533936804         -0.11838701823594727
4.275493710861991         -0.12767647620144554
4.2766795013692285        -0.12816954941197517
4.284287234936341         -0.13130236409185012
4.299193778561035         -0.13739254907642032
4.303195010593637         -0.1390010444147538
4.310304209013645         -0.14183154739361187
4.315278980622274         -0.14360186707029757
4.317119114230818         -0.1443058065120311
4.322073824807087         -0.14617323425409356
4.342621433195339         -0.15348200654832608
4.347174023244434         -0.1550063669052965
4.348873517133534         -0.1555665817891639
4.362828805504115         -0.15998514013048254
4.363429907704123         -0.16016818885133563
4.369139937239325         -0.16187705999172997
4.384531427035063         -0.16623210126257174
4.388934756955246         -0.16740819783749705
4.408214992778736         -0.17219197803982655
4.422186317126101         -0.175302848897584
4.426389575280803         -0.17614431105966455
4.439173687810645         -0.17873266287406842
4.453624834255432         -0.18104323395622401
4.459196270501846         -0.1818291644187027
4.484796417787307         -0.1846901949735231
4.497753748083454         -0.1856685854795321
4.499554349012279         -0.18577956374910143
4.50233670854841          -0.18593906350882178
4.506091673970112         -0.1861312400474559
4.515142133390487         -0.1864854779467495
4.545373247754816         -0.1865522842099981
4.545469455678051         -0.1865499788692243
4.545473372946222         -0.18654988463954594
4.545481179822431         -0.18654944388689249
4.545496300021745         -0.18654947068969904
4.552501307660016         -0.18636211579021517
4.555912574487353         -0.18622846951191618
4.55822831010784          -0.18612191509606765
4.576877669451159         -0.1847971485181921
4.588816746162323         -0.1835131788526326
4.590359755317788         -0.1833224094921094
4.597921407871821         -0.18246603915697082
4.598464218470491         -0.18240144826099824
4.608698959742631         -0.18110543426480002
4.615112013278555         -0.1802177189088031
4.615702354495202         -0.18013042601757556
4.615865709246359         -0.1801061851937623
4.616034173886864         -0.18008114714054804
4.620933199939865         -0.1793357296868077
4.6212599719062455        -0.17928481931749024
4.640345433261306         -0.17595251547145688
4.647460688134699         -0.1745779879631223
4.654702299944344         -0.1731134384855409
4.662475265858763         -0.17146777456520063
4.672397478119278         -0.16925627649956262
4.680527981048275         -0.16735149130680624
4.701992681475282         -0.16192191757445829
4.702027118254148         -0.16191273943312964
4.702033891872922         -0.1619109339420531
4.715952326048256         -0.15806758803301496
4.7172559389868285        -0.15769619679307526
4.727855718184566         -0.15460377260476985
4.733231243925246         -0.1530348353534737
4.744717581666414         -0.14964953471690487
4.750359142883511         -0.14797045636288
4.7574883655914135        -0.1458331821655086
4.763465003164194         -0.1440281688403647
4.768234071149039         -0.1425791712885489
4.787835873324466         -0.1365203291190394
4.806026058028095         -0.13058385551952245
4.806351137082246         -0.13047942075303193
4.808722480871717         -0.12971936376918994
4.82096681032509          -0.12588980318245535
4.823428675821548         -0.12512507426945527
4.836601832854265         -0.12106295910628796
4.84091504375545          -0.11974385895232416
4.862596237265713         -0.11319485521516631
4.878684691716111         -0.10843197025407873
4.894818757088945         -0.10374701183889293
4.8974702670741195        -0.1029858347519308
4.902963236934594         -0.10147475047786943
4.9219361440116485        -0.0964350045117465
4.9221786404453365        -0.09637239332355423
4.923355215845075         -0.09606925427740048
4.924829883094626         -0.0956908259201407
4.9316272561960375        -0.09396824174877262
4.946780196491879         -0.0902568822606922
4.949383976859599         -0.08965481560895662
4.951884164240361         -0.08908297961397321
4.957385381462112         -0.08784640848055277
4.968834384912469         -0.08517941326114926
4.981735685832517         -0.08228250166790456
4.986203073937949         -0.08130494071674314
4.990813655597492         -0.08032245691236603
4.995515638781688         -0.07933545597490271
5.008674642950238         -0.076653526467573
5.011001017151537         -0.0761916971937166
5.018852907770959         -0.07466025244334593
5.030220342480024         -0.07251777192279026
5.035857316808969         -0.07148808968411595
5.041736525208691         -0.07043729119731622
5.046892159944425         -0.06953525486443664
5.056174792656622         -0.0679317192280487
5.06825332187041          -0.06591517181921687
5.0767218805750876        -0.06457633318313385
5.0836705417122925        -0.06350278880023943
5.084616041310998         -0.06335845455122148
5.09497245905564          -0.06180482729154942
5.123302414804691         -0.05781070456236393
5.123753773413941         -0.05775010163385586
5.128672549546939         -0.05709583395810052
5.147998911165973         -0.05463452323209309
5.148899531189903         -0.05452407679116712
5.149392087834401         -0.054463832881222446
5.170396052296652         -0.051940243860158386
5.178351507738969         -0.05102795795270747
5.183737337637846         -0.0504239239096117
5.184565301224554         -0.05033203824108919
5.206474621804903         -0.04801275270397277
5.217238498624145         -0.046950781525536694
5.218609054870501         -0.046817368406857
5.220289355154136         -0.046654361038239486
5.241817132562005         -0.044620011804973436
5.248264417187001         -0.04403549369402247
5.25372029463227          -0.0435497665774048
5.254251135694668         -0.04350294270056024
5.275778913102537         -0.041669186904024005
5.282226197727718         -0.041144743874475136
5.287682075172784         -0.0407098540174007
5.314134063749849         -0.03868036356091604
5.318223820463717         -0.03838081098878955
5.320199035080695         -0.038237501771995065
5.330668328048159         -0.037501469285022564
5.332678927204617         -0.03736212623525693
5.339404477496663         -0.03690072363312726
5.348378797177964         -0.036296331815235366
5.360158668260658         -0.03552257908693288
5.367183387822788         -0.03507174674908902
5.372916762946497         -0.03470964967730853
5.378104557015746         -0.034387016227407134
5.3851256467756565        -0.03395789864770029
5.385781971537026         -0.033918227791765704
5.394910807662698         -0.03337429198224849
5.412845920664231         -0.032348279869215436
5.416468815758796         -0.0321461353437399
5.438222068138449         -0.030969764634426
5.4449612745628295        -0.030618325786110293
5.4463533841321           -0.03054661097087245
5.447049438916734         -0.030510855234953727
5.450649722866751         -0.03032699374343206
5.4551631851143325        -0.030098178458937273
5.473986425452463         -0.02917340494474145
5.4809381750725255        -0.02884183021142951
5.493678350084564         -0.02824811298246356
5.498321164209828         -0.028036234928346716
5.513897805812166         -0.027342891309464552
5.516131544199695         -0.027245675165671033
5.520279473901916         -0.02706632386596687
5.527528889266206         -0.026756790574925488
5.532683257379646         -0.026539746055550567
5.535706969316305         -0.02641359492824973
5.551017016180209         -0.02578817542821133
5.551288271822989         -0.025777295206261618
5.553457995478609         -0.02569051775212519
5.55399561345253          -0.025669084977711854
5.57632090742281          -0.024803291801173997
5.584795733044041         -0.02448433707297567
5.585232642409044         -0.024468116431726618
5.5858070245209905        -0.024446813346314964
5.593303014420927         -0.024171020515442447
5.611261523684624         -0.023527093099919787
5.6187575135845265        -0.02326532756977656
5.6191944229495405        -0.023250197771815126
5.619768805061534         -0.023230328761571127
5.648488548539597         -0.02226828636066619
5.650556747884355         -0.022201181505716646
5.660522631009952         -0.021881924421032192
5.6635543441790155        -0.02178621122095386
5.664064077265029         -0.0217701819442242
5.6642559372236425        -0.021764153359625858
5.68339032395626          -0.021175890935589723
5.6861950579162395        -0.021091118643921818
5.699571237176328         -0.02069696712833814
5.711368990256499         -0.020356356920122033
5.718145938124241         -0.02016391864947305
5.721761593276095         -0.020062208901028757
5.728498085605238         -0.01987449127033765
5.7382997639505025        -0.019605503079382778
5.740101129353308         -0.019556602302077234
5.75750467340837          -0.019092699734744433
5.767366870780037         -0.01883668953464491
5.78655505594428          -0.01835323421903924
5.799777227654617         -0.018031486125154768
5.826345268536056         -0.01740388837284719
5.827041767131924         -0.017387801057558785
5.828184286787728         -0.01736145553608547
5.831129749515322         -0.017293786281188692
5.8333973526448455        -0.01724206907767747
5.83483274208902          -0.017209431542621327
5.836992538285041         -0.017160467802827654
5.840312529624502         -0.01708564916791837
5.864288342595209         -0.016557946261898646
5.867206759949123         -0.016495224946657894
5.885823408530109         -0.016102849840173062
5.890947818785796         -0.015997189211971942
5.901304764155427         -0.015786728261486128
5.907022274169167         -0.015672055616956723
5.916507430759003         -0.015484104129838042
5.925070457606148         -0.01531687559312012
5.929377837851741         -0.015233635242144173
5.9315654068807415        -0.015191589791868836
5.93370731614436          -0.01515056290688512
5.935389185378026         -0.015118445558613879
5.937022572799544         -0.015087336352070367
5.94557550228742          -0.014925763250052
5.9601750287765976        -0.014655102712618929
5.961238175212057         -0.014635646192352051
5.962454632951924         -0.014613426096376036
5.965409181131057         -0.01455964498728693
5.972500459183971         -0.014431609554786864
5.974306764035716         -0.014399221520006094
5.987531093256972         -0.014164889885167228
5.99329214202154          -0.014064339653159333
5.9992177030624845        -0.013961889367002848
6.001474225563288         -0.013923134059066415
6.007400523168104         -0.01382203126636443
6.024243770406604         -0.013539534961948343
6.026083088369603         -0.013509198050510492
6.026615558470364         -0.013500430807689506
6.0385671459276615        -0.013305427683887342
6.046810841777442         -0.013172911787208067
6.055736350053364         -0.013031266656738288
6.0589428017493745        -0.012980845970687582
6.066610866302722         -0.01286126369225645
6.0674546023547675        -0.012848191557848831
6.069377913148283         -0.012818456983022536
6.071309049275605         -0.012788690353399537
6.07489104668295          -0.01273366014854006
6.091438849613576         -0.012483224230029698
6.109264254905794         -0.012220391323867642
6.111365490816114         -0.012189850572773763
6.112660560896231         -0.012171072464948385
6.119048650422133         -0.012078952626913697
6.121230832570464         -0.012047676931948968
6.132697148289958         -0.011884949881827213
6.137734821906154         -0.011814312708052756
6.1436294223762085        -0.011732323524772636
6.150234383340578         -0.011641304009759008
6.152505741310566         -0.011610211238968302
6.170138496412867         -0.011372449600067763
6.174598283856186         -0.01131332809671915
6.178480355452628         -0.011261943123286296
6.182074850973451         -0.011214613993237681
6.188674667303595         -0.011128337708038396
6.191809607987233         -0.011087639259423805
6.196730696553675         -0.011024120499544517
6.198338803790233         -0.011003437535374753
6.208276463052745         -0.010877316339469641
6.208281576230541         -0.010877251832166167
6.208900982085023         -0.010869440405585663
6.214321128212435         -0.010801334136123483
6.230103139107658         -0.010605541423207713
6.231371885970478         -0.010589965286790492
6.23225061748828          -0.010579191593996961
6.2529406051617435        -0.010328905446820595
6.265856391361145         -0.01017608320481766
6.26638840684521          -0.010169853349611017
6.270974941257899         -0.010116344562361563
6.274398358086444         -0.010076637877944208
6.277972621800587         -0.010035393742552284
6.2963856243850165        -0.009826356526921267
6.314186257109164         -0.009627874659029857
6.322121311698206         -0.009540829030295399
6.322606252070232         -0.00953553754712231
6.330999193812402         -0.009444471507472647
6.3626116149047           -0.00911078813832394
6.362762072479471         -0.009109229938510675
6.364060821848144         -0.009095791356726985
6.364207526637099         -0.009094274683460028
6.364447956512787         -0.009091790012236938
6.364605234069257         -0.009090165053708478
6.367195686045918         -0.009063445749067785
6.367632242836459         -0.00905895116775375
6.401472318439625         -0.008717833893140885
6.40577475685894          -0.008675494678367434
6.419949016820861         -0.008537475403153475
6.427652951485683         -0.008463380205661394
6.430446968036351         -0.008436667989246008
6.4502309039451475        -0.008249962901375562
6.455470524863628         -0.008201231547201182
6.457958222399941         -0.008178193950436983
6.465529470204082         -0.008108480442494471
6.473722167119426         -0.008033724623075448
6.476515146400937         -0.008008401053276904
6.487430840153564         -0.007910217552987838
6.499182622925942         -0.007805915795837491
6.50112394695693          -0.007788808128171941
6.511517085719484         -0.007697830956629005
6.519963542134009         -0.0076246526923631755
6.527368657865994         -0.0075610558712521855
6.529860377936132         -0.007539773951802066
6.533434605435641         -0.00750930614072645
6.533488254106392         -0.007508850808827722
6.536687865007254         -0.007481740608520995
6.559917601926502         -0.007287618886172747
6.564922137098921         -0.007246420080012695
6.567089600263288         -0.0072286453273373566
6.573700336532543         -0.0071746880447526185
6.588901937431248         -0.007052071431061768
6.596409668762199         -0.006992264482569854
6.600690946420185         -0.0069583818378288545
6.628264587495019         -0.006743425633119485
6.6324922153680905        -0.006710983322650596
6.633836957747019         -0.006700692638330988
6.634161329496733         -0.006698212447276749
6.6353241890126196        -0.006689321834048721
6.635352226879042         -0.006689107602751309
6.635574888309612         -0.006687406514575524
6.66703319120181          -0.006451119518141847
6.671507390214111         -0.006418116470198708
6.6732772996157745        -0.006405102545827214
6.680583816198601         -0.006351627448218447
6.699392655536551         -0.006215811808496273
6.709759163211098         -0.006141845754540815
6.712689693477348         -0.006121095951152732
6.71434743447615          -0.006109383266225291
6.721365170692055         -0.006060000349004316
6.737818140526683         -0.00594549488769594
6.739015160924561         -0.005937233742450689
6.743073212807194         -0.005909297650306602
6.745152489482136         -0.005895018259147757
6.753372527759328         -0.00583883039245009
6.7601516196052085        -0.005792803766230359
6.775312035349796         -0.005690937058328887
6.776874018962245         -0.005680525317720639
6.777158603984389         -0.005678630036986548
6.793514469790125         -0.00557057454076922
6.794617875048067         -0.005563346540252605
6.807552389085078         -0.005479198642113061
6.820570183465698         -0.005395511777365078
6.821867400093661         -0.005387218879954793
6.832844777678302         -0.005317379359953681
6.837884327356626         -0.005285519017166791
6.841315866142797         -0.005263897340599056
6.853011435435238         -0.005190635091019901
6.8560481859788736        -0.005171732392135069
6.86615181187593          -0.005109196466213029
6.8686209786947945        -0.005093996815590931
6.873138713611322         -0.005066271165824156
6.881074048377732         -0.005017850275570508
6.895310099370403         -0.004931838523307092
6.895742623989466         -0.004929242484783276
6.896236008680845         -0.004926282398963544
6.9195021706241695        -0.0047877543630656366
6.9206184313529215        -0.00478117697988481
6.920960263174937         -0.00477916392606442
6.936163850071681         -0.004690167503584906
6.951573758028768         -0.004601196472186633
6.953800401642231         -0.004588423185631508
6.963399392550042         -0.004533596475042196
6.971652661353371         -0.00448676575222466
6.979078511148695         -0.0044448746294116735
6.980839222538308         -0.004434974771622721
6.982231984953997         -0.004427153160298862
6.995909846307934         -0.004350780838395484
7.004758326624879         -0.004301800640487313
7.028584497804294         -0.004171589041490712
7.032260842868774         -0.004151711865078365
7.036419408041367         -0.004129296487273621
7.052899371990897         -0.004041025096146315
7.0803295161283675        -0.0038962840420830843
7.081234980450198         -0.003891552658245721
7.0831731655162855        -0.0038814416246064796
7.083557226899619         -0.0038794396780162804
7.085620028388341         -0.003868696276389983
7.114812699607429         -0.00371830012983062
7.115196760990763         -0.003716341971362455
7.117134946056852         -0.0037064681358704955
7.1175306430359475        -0.0037044516738851964
7.141368733592077         -0.0035839304976584127
7.141460133024423         -0.0035834720220369806
7.141837797521434         -0.0035815787165168135
7.159178923402713         -0.003495130682996773
7.177260118491733         -0.003406006528991747
7.1793017764427685        -0.0033960047374943366
7.189372014954824         -0.0033468554257645236
7.19355963226056          -0.0033265068848943578
7.208856307610635         -0.003252625060737627
7.213273673584936         -0.0032314204161364834
7.217920609008322         -0.003209177090476135
7.22282869737312          -0.003185754211354313
7.225429415915583         -0.0031733721536144647
7.226340337902897         -0.0031690353505040006
7.253602616418322         -0.0030402845434953593
7.261112513253626         -0.0030051720372654073
7.262374869274556         -0.0029992879101493303
7.272469826788113         -0.002952372402794442
7.286297957860966         -0.0028885094157736456
7.287932426775809         -0.002880991608304741
7.292062966326983         -0.002862021967959388
7.299099861983899         -0.002829800319938405
7.301164598483877         -0.0028203688234698515
7.313558387896029         -0.002763973149807891
7.314752340297988         -0.0027585600089756134
7.3295338265148136        -0.002691830774438407
7.338817865378879         -0.0026501907054188433
7.339694510459806         -0.002646274454541674
7.340845783242724         -0.002641118032148786
7.342964622149526         -0.00263163626454827
7.351148304729669         -0.0025951628599266935
7.354097471941637         -0.002582052603572007
7.373162122705362         -0.0024977259531616365
7.377508416466667         -0.0024786062062656417
7.380884686350394         -0.0024637805268213726
7.404537618901342         -0.0023605753375503928
7.4058266659967           -0.002354983919667792
7.4128399490321115        -0.0023246227914694526
7.414256982348879         -0.002318500626388017
7.421311647219431         -0.0022880831098023033
7.4384912092880375        -0.0022144388127396065
7.456644998280542         -0.0021371281884397316
7.464695568192054         -0.002103055716938973
7.470652096432081         -0.0020779151265236774
7.478262104519681         -0.0020458814284080393
7.4898532086829395        -0.001997274381642454
7.492664454707885         -0.0019855190906117332
7.507671624095027         -0.0019229882284280664
7.514598118468536         -0.0018942534875682655
7.518695690185185         -0.0018772921019073797
7.520633341223717         -0.0018692811448951547
7.545787113014649         -0.0017657206026572214
7.552102232223577         -0.0017398687297033146
7.55407570915258          -0.0017318021998266792
7.562097230070721         -0.0016991101874367278
7.565592235854348         -0.001684889406610757
7.567209001867173         -0.0016783157430863313
7.593670695720226         -0.0015711533900795278
7.594654860854943         -0.0015671834015607614
7.615697926496612         -0.0014825662506996145
7.619731694415028         -0.0014664060364836366
7.62007892840073          -0.001465015814610988
7.631820090039684         -0.0014180982208440416
7.632590889260987         -0.001415024264721902
7.635226149636627         -0.0014045205416171834
7.642071152714188         -0.0013772788557531394
7.653913667764567         -0.0013302892795035075
7.669286939572759         -0.0012695569979085171
7.678570981860716         -0.0012329408907504492
7.696917786054975         -0.0011608241313722466
7.710665408271886         -0.0011069649683618562
7.71263114287043          -0.0010992770983462995
7.7137751736515545        -0.0010948056787265076
7.715132566465422         -0.00108950179300252
7.715299217791115         -0.0010888507273240189
7.727611211260609         -0.0010408166288123518
7.730175126080653         -0.0010308300950497788
7.741899988568106         -9.852331459467437E-4
7.743546877423116         -9.78837976862315E-4
7.750027515199672         -9.536950487994254E-4
7.750849361794834         -9.505091022653034E-4
7.753588148976998         -9.398961780325938E-4
7.770024803484655         -8.763384400332747E-4
7.780252386171654         -8.36908544563304E-4
7.782950751156253         -8.265141549164415E-4
7.795238792248436         -7.792241035591448E-4
7.798935638815573         -7.650113062297843E-4
7.803308335230396         -7.482087374960335E-4
7.813006383152372         -7.10976109654585E-4
7.819080347179172         -6.876803226010663E-4
7.828877064600568         -6.501442865555598E-4
7.836591866976137         -6.20616386585111E-4
7.839026674293532         -6.11303821776455E-4
7.847226188582688         -5.799655464442275E-4
7.86649962383393          -5.064399466074879E-4
7.872814310452558         -4.8239561990774915E-4
7.885362025111216         -4.3462011186759254E-4
7.8961607209141835        -3.9356826938862204E-4
7.905924737661106         -3.5646596394993613E-4
7.916075074922216         -3.179242599142344E-4
7.920737000977532         -3.002290493423328E-4
7.92538174808786          -2.826031285355933E-4
7.9426102774287           -2.1725977979783874E-4
7.946655121103499         -2.0192686486783935E-4
7.958037537461111         -1.5879577429156108E-4
7.9602254248613455        -1.505080751612246E-4
7.97093427941924          -1.0995607171369087E-4
7.9723991181017455        -1.0441027977996066E-4
7.973210849981735         -1.0133730709918303E-4
7.9951440047175435        -1.835784731103226E-5
8                         -1.2907761159601652E-18
