0                         0
0.003127994403158728      1.0705831474836465E-5
0.004320114272896822      1.4786545351429771E-5
0.02249746389741832       7.704863283327547E-5
0.03876469724154232       1.3283123688718175E-4
0.05346110567448555       1.832785544651695E-4
0.07445639354045898       2.554320503724886E-4
0.07752939448308463       2.659919322957673E-4
0.08710104994220813       2.988923358966474E-4
0.09335652372840306       3.204014131683317E-4
0.14854744444436485       5.108827667845024E-4
0.1515107476642019        5.21146845024338E-4
0.15921980231097735       5.47704914133005E-4
0.16029339576876148       5.514063998336616E-4
0.23013226664009365       7.937188484314962E-4
0.23253992893366077       8.021260271886497E-4
0.2568113871675743        8.870775756521188E-4
0.25927644473401584       8.957257215926373E-4
0.31070107037109906       0.001076991890307427
0.3135691102031199        0.001087149372253722
0.3530864104357396        0.0012276201290883396
0.3582594936992718        0.0012460799060504605
0.37263666085992975       0.001297670696971445
0.38906904085948535       0.0013567895015205353
0.38945699277882934       0.0013581875541244263
0.395840871635578         0.0013812270472023443
0.4377580011619534        0.0015333848296382622
0.4880498813596886        0.0017185364224937107
0.488147520477963         0.0017188986366805331
0.49109774754351204       0.001729848194322761
0.5015540737888596        0.0017687345110317743
0.509771195378846         0.001799379210824023
0.5163987269336666        0.0018241507659593418
0.564538902958801         0.002005557717854886
0.5653501464157658        0.0020086369433016194
0.5742652618952166        0.0020427476716993365
0.6048372468988115        0.002160016881744327
0.6055865672993991        0.002162911284758597
0.6119422099119028        0.0021874999839635346
0.653270091266613         0.002349079513245442
0.6629353706451238        0.0023872905787599348
0.6658360785931544        0.002398789607082417
0.6977631203338678        0.002526285256894248
0.7025530874250427        0.0025455922989225483
0.72333865070641          0.002629841355423936
0.7346912015003354        0.00267617737386046
0.7404359226439567        0.002699711245159433
0.7731125410857522        0.0028346801918447875
0.7875228202595917        0.0028947986013723374
0.7957100311878356        0.0029292409196009827
0.8008258147832166        0.0029508290129872427
0.8021013778448883        0.002956219762152676
0.8165919256720748        0.0030174342894414598
0.8361364305016159        0.00310114388621021
0.8723846400489821        0.003259005067456738
0.8935311916977946        0.0033521339585110927
0.9036693580847763        0.0033972297336592994
0.9067502710141887        0.0034109914698132486
0.9392291729074427        0.0035576970032646783
0.9678661360441975        0.003689518269829512
0.9777980384206586        0.003735777181566517
0.9921611289993494        0.0038031672185938276
1.014305342246879         0.003908072655595578
1.0186350495435337        0.003928732287759838
1.057885482710879         0.004118231043798765
1.0903727006229378        0.0042797752092586915
1.1033898465819707        0.004345445945182491
1.1124343179005611        0.004391313825772337
1.1186268480934949        0.004422896157360658
1.131100092398252         0.004486949054803529
1.1555325569452686        0.004614120521687588
1.1632097941372734        0.004654535066931526
1.1725470180118993        0.004703980945023584
1.2040276329291728        0.004873057041255759
1.2112906033556328        0.004912583667061109
1.2119284302476352        0.004916064144782429
1.2208787290369794        0.004965062086185486
1.2277858076345183        0.00500312572765549
1.2308854933954052        0.00502012869511434
1.2438738044910238        0.005092111994222268
1.2626507547133996        0.005197840473380672
1.285331086372463         0.00532827914004778
1.312135902706494         0.005485325861496177
1.3427643048250122        0.005668603777799807
1.3565293042222994        0.0057524533128106466
1.3749162523066           0.005865782624021693
1.3773268106047314        0.005880752655860867
1.3795456958622503        0.0058945553870085425
1.41829736668792          0.006139171757353591
1.4274369904113533        0.00619784594782972
1.435838481713156         0.006252575924279372
1.4400148189463713        0.006279924763008949
1.4586962754303545        0.006403421986382122
1.4595025763705305        0.0064087949197834445
1.4643868599407093        0.0064414178220217645
1.467706774421128         0.006463666128132649
1.4684785705831014        0.006468846884855631
1.4796790692631459        0.0065443959971268496
1.4846284502759601        0.006577997721681623
1.4853038598222845        0.006582593460099661
1.496705081012866         0.006660546067691371
1.533930153625297         0.0069206479904082
1.5653333097309914        0.007145292616302925
1.5884495657113338        0.007315454378033646
1.595693848324806         0.007369617820043237
1.608543215742599         0.007466671848424615
1.6186291064528908        0.007543733414764875
1.6210464085122471        0.0075623179535328055
1.6326544769704336        0.007652182149049201
1.656034430999823         0.007836293021140493
1.6851893226621328        0.008071636194494053
1.6939592532640226        0.008143621726837467
1.7174770569899098        0.00833938515714299
1.754036265639527         0.008651585307728735
1.765357600182645         0.008750718906397717
1.7856411887815276        0.008932911935983574
1.7943797360322893        0.009011161360504722
1.8309552187588456        0.009348311177165865
1.8317133004801467        0.009355444879649665
1.8770639156980984        0.009792973204075356
1.8966965848126147        0.009988953855441709
1.9165905726634782        0.010191593094423905
1.9175971932009594        0.010201954844471423
1.9199770380473888        0.010226493526160962
1.9436892491690942        0.010474177720867138
1.9823288317536956        0.010890193366889045
1.9927266006603712        0.01100476773806921
2.0034810859217718        0.011124444442067121
2.01687851384934          0.011276163522543755
2.0227567064622325        0.011343252627270622
2.0280138153999654        0.011403522627968126
2.0319421590434903        0.011448911268161863
2.0383788690223588        0.01152371299314379
2.0446755051780254        0.011597404937589031
2.072855041195499         0.011933477941518784
2.085210045363619         0.012080755553453407
2.11062787406009          0.012392074421699931
2.12598114268528          0.012585550494936412
2.1385016057074973        0.012746355108804494
2.1467963134172448        0.012854310298622062
2.1560440260148956        0.012976019190744717
2.1820860531427524        0.013326407564841498
2.1881436107793757        0.013409528928174015
2.20603703253341          0.013657289983496676
2.2170241100953567        0.013811579280631108
2.235304689303695         0.01407192647830916
2.246475462365474         0.014233253950383804
2.2469214652396725        0.014239799316876653
2.264151594401334         0.014493870486701631
2.290147992206343         0.014881665557776189
2.306269811073238         0.015124853142705534
2.3100677956672198        0.015183221881399917
2.315033313164667         0.015259730158280284
2.32119500946236          0.015354978645342453
2.3262201928578308        0.015432912572797544
2.358046350059872         0.015939273708359628
2.359908460749797         0.01596958260293099
2.3605987812440836        0.015980890885991413
2.3609127060350055        0.015986036476038933
2.3781819441133547        0.016272107232486954
2.3801272200348684        0.016304701653206816
2.4065641433544678        0.016755103263723318
2.4300818588969055        0.017164369525646372
2.4336503297204577        0.01722706818416173
2.4599131200400715        0.017692555221346724
2.4660551507442823        0.017802445482774813
2.4661977236482375        0.017805000955045388
2.4896388643373935        0.01822801365341381
2.4944137455760274        0.018315545303075786
2.51334220432348          0.01866644335871178
2.521564690571842         0.01882081704324195
2.526089818885563         0.0189062767718049
2.5474739007024794        0.019314952927908392
2.556418292757275         0.01948825373652885
2.5695965291754135        0.019746125761027866
2.573580035883213         0.019824670481918247
2.5942321055550446        0.02022144522239525
2.6090583010363715        0.020513421590722808
2.6111203544766126        0.020554502245917882
2.641498112884046         0.021173052578009225
2.6460689366389536        0.02126828887538427
2.6480660795325117        0.021310078549984283
2.6497039670124676        0.021344431609182268
2.687656176252207         0.022160809123902513
2.704423628998914         0.02252693747463214
2.715405716458452         0.022763649372484773
2.720500564655045         0.022873661591429846
2.758872124518698         0.023706203649204654
2.772467837372233         0.02400287857476696
2.7763070222794024        0.024086814420192698
2.7863732502404805        0.024312755670604855
2.7949766283708497        0.024505148515979788
2.8006563256253294        0.02463179997803074
2.8238701599236826        0.025122962711287517
2.8252259417421715        0.025151337298406313
2.8446717819676888        0.025554530865904007
2.8457159339252316        0.025575980560861616
2.8587688188040983        0.02584240238184873
2.8612510314407293        0.02589664781859812
2.879536406783206         0.02629149069385848
2.905472818799288         0.026837169783784077
2.9169458246834647        0.027073172249850928
2.922051384298808         0.027177133949877273
2.932816595820216         0.02739419863565435
2.967207639161094         0.028079826501434844
2.9910063422922297        0.02854948435891931
3.0346032101463543        0.029349752826430958
3.0429298270520038        0.029493753880373723
3.052659657838935         0.02965842874802614
3.0707356082356823        0.029954079100385528
3.0808363796217595        0.030086851207505767
3.085559132434358         0.030155278207851483
3.1192705767810267        0.03060257892608003
3.129625292174282         0.030725483337986685
3.146926914395776         0.03091565114089983
3.159621800280851         0.03104309434812835
3.163496837133447         0.031079956980059845
3.1782830638879997        0.031211855341071855
3.188830815869211         0.03129346786078977
3.195586167200055         0.03134168931885577
3.2109905275748436        0.031439829172552405
3.2427196133566083        0.03159018622064337
3.2602925013269894        0.031643459264057004
3.2668730502276104        0.03165790463515864
3.270345319003053         0.03166416940715457
3.3153812290617344        0.03161200847268899
3.324518081086181         0.03156882392284911
3.33020297662666          0.03153538650934458
3.3504571940702395        0.03137530113650492
3.353327509587426         0.03134936209681502
3.363349661793395         0.031249092424873816
3.3710451895609994        0.03116186495871853
3.386664967410348         0.030957479436048704
3.3903689476769947        0.0309000176934952
3.3943557830777213        0.030836234769774387
3.4018372380738486        0.03071113430054582
3.432964728510751         0.030114870647373115
3.4558717745565537        0.029606994024230542
3.472681506990746         0.029192900011840647
3.476244594070658         0.02910062469061444
3.482699866679464         0.028929438267598036
3.539960299158419         0.027184707097320057
3.545118653325762         0.027007564454343602
3.5544382416002644        0.026679153774296086
3.579571663403102         0.025739784247030974
3.5954950242035046        0.02507523492639037
3.6014971193499865        0.024814411513151082
3.6038809304147574        0.024709252806823737
3.6080564611534705        0.024519941345593318
3.6087912706578664        0.024486431905594425
3.645345430999777         0.022746007158692808
3.6501673351114783        0.022505674868032864
3.6592421816026945        0.022062561805322997
3.6665823879111157        0.02169873261765526
3.675196345178503         0.02126559009525617
3.7157944571345327        0.019134350484290217
3.716230695274789         0.019110645024070855
3.716483993807088         0.01909687276801955
3.7330975545144285        0.018127174469574486
3.7346693028228084        0.01803426615301983
3.7374841955582605        0.017867368884048326
3.752969278122134         0.016937658989703418
3.765179129996094         0.016190764435451043
3.777813710644286         0.015408871795804456
3.7855355605763132        0.014924687194731268
3.7973150109115865        0.014177870455381773
3.818454732775521         0.012812748370791731
3.8240430620073265        0.012446538732323539
3.828498909001588         0.012152942857483284
3.8605461899120477        0.009999549010212161
3.870419582640811         0.009321324985309232
3.8842984733844395        0.008356176386961962
3.9101490565045296        0.006521811614202854
3.9355568192477826        0.0046723364189388645
3.9456598202689808        0.003920147143193292
3.9611611895121817        0.002776629979597694
3.9695512883294244        0.002159536662173137
3.9820685091619232        0.0012412872470866465
3.994928832474786         3.0085434031381156E-4
4.026633392366626         -0.002004667565028133
4.028264581078431         -0.002122788342899375
4.028671025446572         -0.002152212997464542
4.031256018586771         -0.0023392835511229283
4.038354581855889         -0.0028508692429474714
4.043838226906114         -0.003245241024016517
4.04447340703272          -0.0032908751216393656
4.048890200993232         -0.003607928828260413
4.058272170052212         -0.004279846481586324
4.061432241318432         -0.004512587992889419
4.084911666502992         -0.006187293862228879
4.101485336163462         -0.007215267137127486
4.120558313748789         -0.008520365872391123
4.132816392530365         -0.009398111091065042
4.144874968614924         -0.010250169883615679
4.1497542802980805        -0.010591728612767876
4.1559307428543155        -0.011021434706851243
4.166754594627284         -0.011767312378798361
4.2026768031553114        -0.014177441472032913
4.206352114152498         -0.014418370625879362
4.215020399856635         -0.014982446060723336
4.233859492763573         -0.0161650311964749
4.238506546124821         -0.016453226131158877
4.252430202036876         -0.01730839962813109
4.25731616832446          -0.017605530367169515
4.2639956319295145        -0.018002395733011142
4.282124601278978         -0.01903412041380422
4.292396968746892         -0.019592924669032504
4.302766933581752         -0.0201381089958913
4.3111457135283615        -0.02056471852713114
4.31565836378659          -0.020802621077446466
4.319604784945849         -0.021009807766133617
4.33146968449133          -0.02162785381767472
4.331805001599587         -0.021645214604134846
4.357956715640471         -0.022939315778428202
4.379638390558192         -0.023954946212644056
4.406226711115881         -0.02512954170080643
4.411306861540042         -0.025345083594386957
4.41305687316144          -0.025415012866229346
4.425736418922073         -0.025911609460781
4.456467653539532         -0.027041781752109684
4.466117222802625         -0.027386481828526252
4.46645556531606          -0.027398249470307473
4.467367014000281         -0.027429842512480544
4.489053587298397         -0.028135353680009856
4.505947331359351         -0.028623502692215093
4.507860456648715         -0.028675391158541993
4.509766012789786         -0.02872638836654026
4.517670343862182         -0.028930617397887118
4.522892189537753         -0.029059075977097927
4.533735700626827         -0.029334020464485196
4.55271552896494          -0.029777445509875884
4.5562215527781404        -0.02985408903774052
4.589512442443791         -0.030499994475486958
4.629404048120475         -0.031078902786531155
4.634863883866871         -0.031141591453853028
4.653544654435975         -0.03132594793507895
4.655610674112392         -0.03134611224865983
4.657047832045693         -0.031359828017286956
4.678389550513929         -0.03153348937629121
4.69393758976939          -0.03163462052417117
4.694414509124698         -0.03163741884571067
4.718727912058695         -0.03171059699524017
4.718882870396623         -0.03171056344061834
4.752720221279159         -0.03165946525727215
4.772171072557729         -0.0315906484123269
4.778389698514486         -0.031566486784457136
4.780278286686643         -0.03155851881179104
4.811371374638628         -0.03138513305704165
4.819857434296596         -0.031323989372936165
4.831614303049788         -0.031229484457690478
4.849667130604113         -0.031062223815860483
4.861376801192142         -0.030939390338644006
4.8846604820919           -0.03066161509161793
4.884964448921645         -0.030657909178761253
4.91540112542804          -0.030228467777360407
4.944217058275153         -0.029749489628410952
4.949043705233883         -0.02967447728542552
4.958413125448238         -0.029525057487261305
4.95909676555907          -0.02951395836154096
4.969442118200575         -0.029342732456227212
4.9791435877388           -0.029176597100274117
5.001610950075827         -0.02877116291960982
5.00273823182366          -0.02875005932552496
5.008249933457563         -0.028645828659141382
5.012700363555806         -0.028557571036283223
5.040237739704703         -0.027990278269852075
5.049246004619781         -0.0277967802536103
5.050894449407414         -0.02776094893888748
5.051091086885731         -0.027756834903561192
5.05227771140257          -0.027732005631078523
5.059995093054305         -0.02757040775109984
5.089754250274455         -0.026945365114563916
5.092227753946391         -0.026892770895607047
5.09884538204116          -0.026752202434238606
5.1198380692309735        -0.0263076584072187
5.1290817680851255        -0.026112574404168965
5.140409389352466         -0.02587406196934094
5.156748156470174         -0.0255311061106222
5.175109048770917         -0.025145345716136323
5.176723725657            -0.02511007247843892
5.188413957043085         -0.024853042187292902
5.230137846508892         -0.0239326349797166
5.232619905609516         -0.023878615362625102
5.252578360643888         -0.023447232211334396
5.259004690311019         -0.02330946637910708
5.275447923645205         -0.022959474282684626
5.302269905198458         -0.022398800757593023
5.305869607493117         -0.022323519598126024
5.3264805894904494        -0.02189346112761717
5.348406597126395         -0.02143780004353435
5.3785727992739           -0.02081398671376488
5.379637949704881         -0.020792025728693184
5.394939520770031         -0.02047703506412043
5.399132223584924         -0.020392449175329005
5.418143119071255         -0.020010287085884024
5.430810419450035         -0.01976384892130018
5.443753702287024         -0.019515924774844227
5.456290393083735         -0.01927425994039867
5.481921501023581         -0.018787533143766813
5.495162328813037         -0.018539963001540094
5.521922429734178         -0.0180476631116322
5.5236435037077225        -0.018016369358857438
5.524003672334696         -0.01800982615960799
5.525573619309573         -0.0179813276424741
5.562276259961264         -0.017324426532243663
5.571260139136219         -0.01716737446491528
5.5786991943348605        -0.01703844175907522
5.614121340118382         -0.016438346931382533
5.617071005402209         -0.01638940751184578
5.6273707117113325        -0.016219763491980375
5.661048122084611         -0.015667872970597473
5.664732812419826         -0.015608865510938534
5.671898046067792         -0.015494896671658962
5.694508242562794         -0.015141990298960722
5.70775774965934          -0.014939935801742486
5.715607711650784         -0.014821879194103651
5.724462366940645         -0.014689520890391593
5.7677211177067145        -0.01406388764657452
5.768128770237203         -0.014058082878370412
5.768608989124622         -0.01405124697977412
5.795992326836315         -0.013664874489419832
5.807636816320417         -0.013503058614584729
5.81407869729763          -0.013414177117101668
5.848446803307323         -0.01294765479029829
5.85892450374526          -0.012809101464843525
5.87800701375498          -0.012560724908801009
5.89215274318588          -0.012381020147308425
5.895746965573296         -0.012335903989542613
5.9141794706788025        -0.01210799677584127
5.927462635264738         -0.01194735371976833
5.934138308672067         -0.011867757060799728
5.964734498618723         -0.011512679573777013
5.97418533375253          -0.011402999091760376
5.979537432989746         -0.011341349743558944
6.008584979551718         -0.011012608250261569
6.022134258750627         -0.010863392054830128
6.0251156854122145        -0.010830805042405668
6.048932959540129         -0.010573680829679893
6.06414890826167          -0.01041297046113377
6.0779766593978355        -0.010269050673469523
6.099263454900136         -0.010051458391319285
6.126288682020684         -0.009782127983059918
6.127608452231244         -0.009769173562692864
6.128025960399603         -0.009765079287132317
6.146188950265885         -0.009588753314311745
6.150826028730383         -0.009544296975664838
6.157849049200718         -0.00947740027051705
6.191838292635272         -0.009158877916648359
6.231855600629993         -0.008796785610549942
6.2385067680798665        -0.008737957454562411
6.238907548062974         -0.008734440640572981
6.247071564497788         -0.008663162546429183
6.251274213182948         -0.00862630892868496
6.251831737416727         -0.008621428478765712
6.2777266664442335        -0.008400460146904081
6.283485989344489         -0.00835181545906492
6.284203954614964         -0.008345751387459879
6.286737555607525         -0.008324405022016194
6.311965888076417         -0.008114495925227599
6.3304737722629545        -0.007963563090534337
6.344883593660706         -0.007847843104037024
6.351875527067911         -0.007792259065056382
6.356503140034524         -0.007755673998348679
6.388358704232302         -0.007508033780336404
6.411009671642698         -0.007336923794969322
6.431238710824728         -0.007187604959611505
6.451788869173476         -0.007039292745098379
6.460262620396319         -0.00697912803323753
6.4793725065690015        -0.006844632322712155
6.496753242604376         -0.006723876021606567
6.516435159480654         -0.006588937084224244
6.5250112005168           -0.006530739624623161
6.549406012429991         -0.006367185714166053
6.554011662969525         -0.006336566905028701
6.56216792554604          -0.00628265207089514
6.58259794918069          -0.006149681264069576
6.5861986555693495        -0.0061265164346874
6.592227429022143         -0.006087912482700345
6.637984657450396         -0.005802329683111427
6.639444497217647         -0.005793434102651878
6.640577571314452         -0.005786474506788415
6.641304607177297         -0.005782011999631496
6.665315200370301         -0.005636002445353338
6.685279087648884         -0.00551662036357254
6.69907702042001          -0.0054351815697552515
6.707158101845911         -0.00538786587505358
6.725201297113574         -0.005283348224431769
6.7332428278829015        -0.005237575440727413
6.742704682930135         -0.005184010703395979
6.756858609422471         -0.00510447411682935
6.805669753992759         -0.004835614686089633
6.814915419543249         -0.004785648312130713
6.824647934229897         -0.004733395546382645
6.829391996775707         -0.004708053376632986
6.830715673790968         -0.004700997453297378
6.834774202208701         -0.0046794040382815705
6.837846895015755         -0.004663072492430939
6.840250944418782         -0.004650316771814399
6.860964243619655         -0.004541707832403343
6.882976456692596         -0.004428007841977604
6.895915583064038         -0.004362000138230358
6.902728620033701         -0.00432749016082833
6.913000661331618         -0.004275780247982851
6.925787243696179         -0.004211951156756304
6.95608013659616          -0.004063118924127304
6.974621002427143         -0.00397368127255553
6.986759991047341         -0.003915279206659942
7.005783372967537         -0.003824583336863005
7.022439567362558         -0.0037463106513588827
7.044171269848958         -0.0036453975311194534
7.067867505864514         -0.003536698726864592
7.1022331679916455        -0.003381535274498209
7.10869623909116          -0.0033526817360162798
7.1093110735299065        -0.0033499451801094413
7.111565307048257         -0.0033399203355641296
7.111672737491771         -0.0033394429124311074
7.1258762966658145        -0.003276588646951112
7.162811968723096         -0.0031156169847435114
7.164464632711164         -0.003108498065328211
7.17820844884745          -0.0030495735887595887
7.178805482077983         -0.0030470251332132795
7.192852677165513         -0.0029873340823165367
7.200861009969291         -0.002953463672893239
7.214862967602205         -0.0028945203965921673
7.22647438807553          -0.0028459073063264173
7.243072598352507         -0.0027768363692321648
7.25178867138311          -0.0027407677810381116
7.26281367330279          -0.0026953486128976044
7.272534818554362         -0.002655490059869242
7.312630693465356         -0.0024929629989206134
7.317988086143374         -0.002471453587711134
7.3212360698248045        -0.0024584394250095824
7.326748654591459         -0.0024363965883584062
7.355114298827612         -0.002323872605900982
7.36068567005937          -0.0023019485489406523
7.3830409141280064        -0.002214562495065849
7.400444968262754         -0.0021470503247251844
7.437590598909499         -0.002004288330566165
7.441986536844376         -0.0019875132487555836
7.450241512074942         -0.001956080459352959
7.454956307164424         -0.0019381678836500095
7.456298199189139         -0.0019330733805098825
7.467694388183942         -0.0018898861472497054
7.469859093686966         -0.001881705019257245
7.489796983353956         -0.0018066425677605612
7.511816943707118         -0.0017243349884669477
7.521224351275114         -0.0016893661878538237
7.53075523345183          -0.0016540573369916323
7.5376751092825245        -0.0016284964275546218
7.572762039067245         -0.00149986204034362
7.602140804667874         -0.001393124811628115
7.604980943174548         -0.0013828407479089858
7.606601633060905         -0.001376975004943863
7.6428163173780925        -0.0012464532763360864
7.643586082142233         -0.0012436904993038658
7.653340710653081         -0.0012087215956005592
7.676222950102694         -0.0011269948689010378
7.7040638804481665        -0.001028274400984049
7.726865027361919         -9.477375673692372E-4
7.736877330920659         -9.124618236183256E-4
7.741796442578053         -8.951505367226543E-4
7.745370842029079         -8.825797815022017E-4
7.7674420179146555        -8.051114978175232E-4
7.786810789678355         -7.373461652738208E-4
7.809602652917251         -6.577751071499221E-4
7.843837784152791         -5.38747574023984E-4
7.853208334261955         -5.062945570931657E-4
7.85804396375835          -4.895694867687431E-4
7.869474021679411         -4.4990532244931807E-4
7.8751728847653775        -4.3013632531888047E-4
7.8871580873795475        -3.8860475740934615E-4
7.892678463267959         -3.6953456144667553E-4
7.9104825882471745        -3.080714770777338E-4
7.919645720179408         -2.76463340494882E-4
7.937976502590671         -2.132817862313399E-4
7.947323519893979         -1.8109081283608264E-4
7.955241294123589         -1.5383577368018972E-4
7.956817209810552         -1.4841255518928997E-4
7.964537977444403         -1.2185014486417126E-4
7.972918867003937         -9.302521215381235E-5
7.9808975687188175        -6.559940757247804E-5
8                         2.0373527296945841E-32
