0                         0
0.0011641185170425796     4.317385264057647E-6
0.03806014393741666       1.4134729456365033E-4
0.045708740742227603      1.697839100742934E-4
0.051822914015379584      1.925231537293231E-4
0.06606708416575409       2.4544505143723024E-4
0.09615189346116841       3.573849004379426E-4
0.10483303225313371       3.897273094837576E-4
0.10744964730410222       3.994794072959735E-4
0.11068166547464878       4.1152743981380985E-4
0.11115065711569613       4.132759197963495E-4
0.11268557870293776       4.1899874620420494E-4
0.1198839688695711        4.4584510082987385E-4
0.15699789745484607       5.843830862231609E-4
0.1613568523035629        6.007043524514626E-4
0.17251704840394927       6.425367366444803E-4
0.192437766726349         7.172612831943579E-4
0.20488785035909088       7.641154049607267E-4
0.2070826256123869        7.723873043620746E-4
0.21663535641523485       8.084331447042956E-4
0.22037236613486147       8.225530184340427E-4
0.2220479708059105        8.288875386798472E-4
0.24056323853439568       8.990249660017535E-4
0.2607536644265212        9.75804037392946E-4
0.2706662488024676        0.0010136121065964278
0.27467860442563746       0.0010289355493138584
0.2959399056877723        0.0011103334654806165
0.31911242135758233       0.0011993677558332348
0.3217972464226318        0.0012097054286451911
0.3265679047113656        0.0012281366667827292
0.3325835134622329        0.0012514093641771596
0.3343657370499902        0.0012583018137624193
0.33655084195280044       0.0012667566447034382
0.3482040514030085        0.0013119265269645893
0.35536135937597324       0.001339736376230936
0.3721902105655543        0.0014053256700637942
0.37236367392579667       0.0014060031964613514
0.3846751329972825        0.0014541665737566594
0.40303701540062115       0.00152620336708607
0.4090975414610253        0.0015500863699986378
0.4403308283755406        0.001674007194274013
0.4418502413345561        0.001680071415777159
0.44471605230186906       0.0016915183730730765
0.4780021041022091        0.0018253394815601772
0.48447456458818006       0.001851546154181619
0.5047569716064556        0.0019340591719497642
0.5278907479013917        0.002028895013333737
0.5423438964062973        0.0020885360076192054
0.552851767407459         0.0021321595246372145
0.5599332289187039        0.002161688470043469
0.5728997414037992        0.0022158495065222137
0.5861313262996789        0.002271556187284957
0.5978476309165008        0.00232114190241213
0.6099567539391826        0.0023726748422206686
0.6209665957239997        0.0024197807717670056
0.6331947476275555        0.002472379725756106
0.6422694305579443        0.0025116049401922983
0.6588972743034642        0.0025839004065831526
0.6792569409868363        0.002673164525764756
0.6852495359350548        0.0026995940799329444
0.7039830145932019        0.0027826727907411322
0.707837794667746         0.0027998537986823548
0.7095713837504085        0.0028076222066903355
0.728619182756907         0.002893176872846814
0.7299288739798978        0.0028990980076515575
0.7301628669066235        0.0029001563831715376
0.7559425289790291        0.003017669937727023
0.767030388330465         0.0030687669274281053
0.7999205079411955        0.0032222981638564373
0.8133696114848409        0.0032859237009769332
0.8188129674888316        0.0033118442594186775
0.8192533783108631        0.0033139450821510126
0.8240428073054819        0.003336826561538614
0.8302105377703936        0.0033663878879620834
0.8332598546179278        0.0033810320849255652
0.8416382822875332        0.003421395911485968
0.8662479100184028        0.0035410303946197103
0.8793656097702833        0.0036056337752209864
0.8969280172965904        0.003693069358468913
0.9004472514496502        0.003710743862590273
0.9070837558427286        0.003744036536922174
0.9086704906210765        0.0037520359262593382
0.9093131019087067        0.0037552781034603504
0.9116322797400078        0.003766991107979598
0.9325843434149041        0.0038736626164838778
0.9529281982444517        0.0039787075898350295
0.9645913374067481        0.004039583091597126
0.9810935511043228        0.004126529300637238
0.9828530167596817        0.004135855724036923
1.0054573455513371        0.004256638424785173
1.0198695729047893        0.004334581381362673
1.0251039580362555        0.004363166067650854
1.042617652157956         0.00445965101876168
1.0432133664074543        0.004462955721212063
1.0484761513361125        0.00449221611173055
1.0532904910639398        0.004519100188663625
1.065256513819215         0.004586362454777044
1.0653210670044617        0.004586727024498902
1.0669858495881812        0.004596135366081967
1.0810322065408184        0.004676002637273204
1.0859699330113322        0.0047042847800998705
1.0989031221856982        0.004778871832942594
1.108775227726925         0.004836335371892437
1.1104867559513876        0.004846343698699356
1.1211100736599537        0.004908689365828518
1.1389839926179381        0.005014900941262055
1.1453256438694812        0.005052980845166086
1.1512949390646992        0.005089014413840795
1.1626174413725376        0.005157867577437556
1.1678555551195813        0.005189979668699739
1.170484521448013         0.005206107081058351
1.1981088426479003        0.0053779068626906195
1.2042142616625648        0.005416453537141146
1.2087022877539495        0.005444921789138949
1.227983907338323         0.00556851039703636
1.2344502536676447        0.0056104232917117735
1.2447313389149945        0.005677543895389706
1.2790030210369956        0.005905560312753534
1.2792646865999722        0.005907323294513581
1.2794028197570253        0.005908254111366902
1.286128411710285         0.005953691367395042
1.2924766112028574        0.005997138864459221
1.29310549655805          0.00600145747859425
1.2934267272457651        0.006003664406842288
1.2940917737016313        0.006008235592761956
1.3305597286736512        0.006262998140102741
1.3429767193720847        0.006351806202640293
1.3525868029437313        0.006421258601232078
1.363671332804827         0.006502146811543598
1.3727673588393712        0.0065691482444623275
1.3867934694478246        0.006673567421235193
1.389115976291156         0.006690986720164237
1.4073668829594854        0.006829149094473424
1.4127862403184417        0.006870623087013999
1.420960775633375         0.006933596745118848
1.4234027382688272        0.006952537328742611
1.4330892622793268        0.00702818209105719
1.4401592515349733        0.00708391113065219
1.4736501251858811        0.00735383643974325
1.4773820038050558        0.0073845209685499185
1.516081582018718         0.007709892881988711
1.5317341221788616        0.00784521019070707
1.5342438372015805        0.007867096583933985
1.5364196049762724        0.007886114184223362
1.540226881919977         0.007919489304407154
1.5424687093045382        0.00793923658089508
1.5436492911853397        0.007949658165890883
1.547965681351166         0.007987892376677595
1.5679917701675272        0.008168057579533755
1.5715071331512587        0.008200115384100216
1.5846539471260328        0.008321148545181671
1.5897144605278446        0.008368092610983832
1.599929342575091         0.008463699356134268
1.6096567742056744        0.008555797984964392
1.6210678364462534        0.008665147950450746
1.6299326245467411        0.008751074253719677
1.6322731137973145        0.008773903114069757
1.6399328768503676        0.00884914006794723
1.655856546763554         0.00900777053905388
1.6692445548499333        0.00914346332929343
1.6820422284119907        0.009275156086416849
1.682293248768126         0.009277758562594308
1.6886787517867845        0.009344211634622502
1.7110314948633507        0.009580571106835238
1.716222359158773         0.009636290076156758
1.724963208022758         0.009731243226773548
1.728052662311601         0.009765064367009389
1.7315755343766885        0.009803795923847562
1.7393134036250015        0.00988948817002851
1.742038866783276         0.009919873848797158
1.7470973264375875        0.009976549699068176
1.7519793436717699        0.010031593797508344
1.7579791982532367        0.010099705700045553
1.7582612503097592        0.01010292022911913
1.7749214399331006        0.010293871234220882
1.793646981295183         0.010514126468186906
1.8089609453735733        0.010698684562867253
1.8131008993375977        0.010749262286705561
1.8154362727281594        0.010777922028454274
1.8165402807859727        0.010791502708977923
1.8177377748696364        0.010806256573753304
1.831089174209184         0.010972442433799395
1.8630938941590316        0.011383424889998304
1.8671861631504918        0.011437258938569622
1.879055924949991         0.011594943759167734
1.8819315828816876        0.011633481153789874
1.8955652757634           0.011817970415863221
1.917315892043907         0.012118385925726087
1.921223022425207         0.012173143633835731
1.937089671543126         0.012399193281234675
1.9400629672668166        0.012442207081782005
1.9404798643836743        0.012448254704755307
1.9617386595506092        0.012762018178693553
1.9678632667391485        0.012854369908665385
1.988934304138993         0.013178783363667937
1.9921345384659637        0.01322911870321715
2.004884467084966         0.013432041564593199
2.029149302304568         0.013828759246222304
2.0300754550017617        0.013844174850054814
2.033000455495908         0.013892992869474567
2.061485433067132         0.014379607776604575
2.0686527224715063        0.01450410392966213
2.083482897423944         0.01476690638416084
2.090402232086023         0.014891922049261099
2.098267443079154         0.015035881536189927
2.1023243353101333        0.015110907338072329
2.118611364281537         0.015416966697001286
2.144307655996841         0.015916335551316368
2.1533607741636716        0.016097079193603463
2.1800877831491174        0.016645299562167752
2.1979903949335244        0.017024731209319067
2.204022752283332         0.017154789775764484
2.2261303457094708        0.017647377737308956
2.234460801298717         0.017838020832461082
2.258316094804492         0.01839917888989997
2.2660233394615577        0.018585496842156858
2.279336725527621         0.018913017838288835
2.2865722177568917        0.019093869626063676
2.3197855654350716        0.019955057605747367
2.323664813393096         0.020058964678496015
2.339163351881731         0.020481032637620845
2.3407153398900507        0.0205239085112125
2.364907804928419         0.0212066394146192
2.378009555530512         0.0215872139944967
2.3805805198198215        0.021663484243886276
2.3975309070793154        0.02217584584788613
2.4037196333401596        0.022367187315046496
2.409040414708529         0.022533521647898267
2.417839256613262         0.02281229251371001
2.4233087806194793        0.022987910904454366
2.4239540138148294        0.023008746151969024
2.439924908901481         0.023532383285110692
2.45225038027395          0.023946907372765412
2.4523744963568004        0.023951126203266376
2.4543716406567158        0.024019163127648645
2.4570642787057837        0.024111346528947565
2.4649894352551467        0.0243856857746634
2.5012798795702276        0.025693139893971942
2.5064509558139987        0.02588956803088338
2.5192238115773526        0.02638730305016412
2.5363904229820142        0.027079502419802587
2.537097538367534         0.02710858670965085
2.537877285226855         0.027140710838633255
2.5809821567508804        0.028984320419648785
2.5884326590378626        0.029315465734549996
2.628301323395675         0.031150001614374957
2.635139620589281         0.03147524901324809
2.646014094086784         0.03199885205890594
2.6516502927506576        0.03228178099764852
2.6695097714929927        0.03320369526826938
2.687751318124955         0.03418518538407832
2.701239466272547         0.03493681804251145
2.7058587648967567        0.03519929231349593
2.7264112180837916        0.03639841654257178
2.7411898601042486        0.037301568937422556
2.75666000599955          0.038278604954799574
2.7660454018161564        0.03888711620828721
2.798846869771163         0.04110734832075422
2.7990143720772016        0.04111905924926055
2.7993697947686593        0.041143412090565455
2.8103081774499628        0.04189699839705997
2.8151254755876853        0.04223140566372029
2.815680906933207         0.04226940512744296
2.8295817784480994        0.04324400984660555
2.8460156350582557        0.04445471517418757
2.859822599962756         0.04552089921253813
2.860768309255504         0.04559556508436269
2.8729309711490365        0.04659964518540599
2.9113020582672684        0.049848579052416186
2.920569097147248         0.05065172730777886
2.9289156907362273        0.05138350923346194
2.9330505230510826        0.051748537822308746
2.93592286037779          0.05200309051621502
2.9483250872058937        0.05311141576091273
2.960665905478897         0.05422910383136078
2.990798787489295         0.05702043597819575
3.0165088007944747        0.059447930809863554
3.0250058706575684        0.060300646502927546
3.038788312675389         0.061737054889051964
3.046122442259204         0.06254111912973995
3.0479489984444874        0.06274324083635242
3.0562341558477844        0.06363166301456628
3.0698797916525637        0.06508804572198852
3.0849039285768143        0.06668169953874395
3.08971605089252          0.06718989908992355
3.0904599527546543        0.0672683151635502
3.126594819036846         0.07103026584885384
3.1306603009610408        0.0714477420011873
3.134685592887509         0.0718599402263764
3.13897255398829          0.07230173352530254
3.154500478253712         0.07390593933477685
3.173840820775182         0.07586812697115351
3.1924945127163626        0.07779417138523734
3.208228928406557         0.07932368831894278
3.2106647633005965        0.07955269239576535
3.21669740943905          0.08011086974436386
3.2210299910750595        0.08050385327106716
3.23242944021023          0.08150630993693804
3.256687833644287         0.08358860352125433
3.2615763397054467        0.08398463105672357
3.262476692041375         0.08405670738305643
3.2668718275887416        0.08440469949264101
3.2797322880472666        0.08538048060064984
3.2882040882076726        0.08599119329152799
3.2976797848218955        0.0866440854902449
3.312326690586428         0.0875905632591419
3.3220877026244198        0.08821105649123528
3.3320380289712856        0.0887833705400222
3.341359246173701         0.08926435196607538
3.3457104346836095        0.08947061245790372
3.349849095181432         0.08965601142147801
3.361944722302004         0.09013757332818934
3.369573498251812         0.0903693569218673
3.380733119141249         0.09074749477328264
3.3860082150736326        0.09088573612101336
3.391334266118403         0.09101026067709189
3.3974713493171493        0.09113499288906694
3.4039728772696085        0.09124522661438655
3.421244641751661         0.0914286075226452
3.432712891933048         0.0913481068653742
3.456442365518188         0.09110557762413622
3.465965243651821         0.09094871137093355
3.4673642044283706        0.09091961733498236
3.4848151364430713        0.09042645050623004
3.499562995009777         0.08982165871715252
3.509638500487512         0.0893094482931918
3.5111314681249217        0.08922671169596384
3.5115171860091676        0.08920504924834888
3.520335719943719         0.08867765108624939
3.528915546489708         0.08810542600261137
3.541571259933229         0.0871549551585696
3.5548987318214738        0.0860169258790078
3.5707394335237055        0.08452925858441608
3.577960742634968         0.08382006913870058
3.58775384090469          0.08282728798745873
3.590154176103261         0.0825785034506405
3.59379036225984          0.08219754161643918
3.5960136622150776        0.08196218190981343
3.597625338064468         0.08179041833380596
3.5993372724365944        0.08160691043565736
3.606232939529305         0.08081270742170324
3.651687676196098         0.07443142926739006
3.651768677476724         0.07441883862281941
3.6667064157740854        0.07201994415149701
3.673390370364364         0.07089694167606674
3.6767164685500195        0.07032478334796378
3.681883436448057         0.06942876804472581
3.7003128270981662        0.06616164718139629
3.7279921713389768        0.06110270737521133
3.7336745289504436        0.060019202702943655
3.7341034139417726        0.05993680208386899
3.737268758400975         0.059325955038814444
3.7635942134130524        0.05406162293257558
3.7686177970334507        0.0530197153954423
3.7687963444452386        0.0529843211614831
3.7705485305527016        0.05263321562337187
3.7780920080626275        0.051110567862646
3.781127212475336         0.05049284190740273
3.7837767553835047        0.04995122703331194
3.785551831231703         0.049587128699735444
3.787019169264144         0.04928540120564836
3.820569228566021         0.04220097655590107
3.840777674903677         0.037762181972819026
3.840936887480115         0.03772358089448438
3.842148582518542         0.03743002931522374
3.8574399912176256        0.03375945214430596
3.8617491971139195        0.03273644221502002
3.8618496950182752        0.03271264361583724
3.862512549505716         0.032555743257825974
3.8688000052751046        0.031112650560145252
3.8725489788257823        0.03025032009869597
3.902922426553923         0.023212419468636163
3.9150045692780138        0.02038736532706355
3.916457772676638         0.02004659960753416
3.922868271610559         0.018566955111617305
3.9301032509720146        0.01688509902277487
3.956546841798344         0.0106305504504355
3.9656178444587598        0.008446179947593613
3.972581537197086         0.006755797799339338
3.9780871245905978        0.0054133905214606174
4.00049800188534          -4.3177511845567595E-5
4.003094010113211         -6.7444107061537E-4
4.008834942134971         -0.002069850063968992
4.013766395856991         -0.0032678490260175824
4.019305553226727         -0.004601755565888395
4.043968442013449         -0.01056172600478024
4.046744095413332         -0.011232187254820818
4.049125497314658         -0.011807170982454217
4.065859401807059         -0.015841130509626322
4.070112773410479         -0.016864683367828346
4.083987779238392         -0.02019860137845348
4.091319389707406         -0.021957146047698415
4.097998594352201         -0.023588461848626393
4.106775382385869         -0.025710014364028092
4.117476951091109         -0.02826521943709595
4.13260695839339          -0.03181852937725563
4.147389029527176         -0.035223071658010995
4.150229258460125         -0.03586963050228274
4.163648839493812         -0.03889141692580491
4.176848161901081         -0.041771343706920025
4.19639519941016          -0.045963144625837
4.220570039420782         -0.051026626008808924
4.232378441532259         -0.05345138898122321
4.242396511407787         -0.05548354387696525
4.244977902379373         -0.055996387690695704
4.262518276704387         -0.05947146314833189
4.275139281186427         -0.06187628184870117
4.278917173077467         -0.06258056013224345
4.293269458110913         -0.06519075270461241
4.299072610503217         -0.06621676276630513
4.314235519317657         -0.06881772825246213
4.3160291270331115        -0.06910617174087988
4.329690930944406         -0.07127420991256307
4.330745655264048         -0.07143945448613363
4.336053849285678         -0.07226645196115748
4.359052051326561         -0.07576002046015792
4.36045463403867          -0.07596837788538885
4.366055681138339         -0.07679503728355574
4.369168344476893         -0.07725070816624549
4.369696876422134         -0.0773278168442528
4.3738009813706356        -0.07789591039527272
4.385717658213469         -0.07947922020091888
4.394904502616956         -0.0806325978002405
4.413521539027174         -0.08279039949763685
4.417695482055124         -0.08324118997226368
4.418877509108455         -0.08337879211209728
4.4207122658500735        -0.0835896845323365
4.433063543362301         -0.0849240562555167
4.434169621819523         -0.08503630339559554
4.454883476291792         -0.08691829985183452
4.463800453536795         -0.08759980838930652
4.470984055462781         -0.0880925176233143
4.4728521442832765        -0.08821241219941478
4.474317589849437         -0.08830797908854435
4.496827881709945         -0.08959600860517669
4.499481991580538         -0.08971891554971775
4.519544744409384         -0.09048744678738319
4.522685025258184         -0.09056676897406499
4.557181073074695         -0.09113509047348797
4.581333514746409         -0.09120237831837905
4.582395070302323         -0.09119908836990459
4.623106580627826         -0.09067597263081777
4.636011925642341         -0.09034864248976526
4.6427647503870055        -0.09014637993397352
4.644751726447424         -0.09007861144876755
4.646787014858151         -0.09000575018573474
4.657701678117162         -0.08955553592552352
4.661609581540931         -0.0893699644947744
4.701682790184353         -0.08678088763328852
4.710983169082403         -0.08624023145320436
4.72446082569358          -0.0852335612515106
4.733549189214072         -0.08452849908470941
4.740968823109882         -0.08387702500577943
4.746547418205866         -0.0833832023441572
4.750334044196686         -0.0830460506411445
4.753614786172221         -0.08275266278243903
4.7558233228802615        -0.08255449069143532
4.76432998309609          -0.0817861604365319
4.782735821631258         -0.08009640610007009
4.787492410682736         -0.07965364930755565
4.807917597473858         -0.07772404719203832
4.817456092872265         -0.07680248490503672
4.821761105074977         -0.07637898346628387
4.826043382048868         -0.07595304612105658
4.83664770847931          -0.07487362153984509
4.841793273561777         -0.07434445079482233
4.86556036039056          -0.07185446301365278
4.87328860177623          -0.07105732950843466
4.880106768223117         -0.07035610484939152
4.889836490555059         -0.06935874637844827
4.909238094697981         -0.06736246705971413
4.927972866419047         -0.06542501215928379
4.937570293320905         -0.06442877004654339
4.940984158438365         -0.06407379196641921
4.951663341316957         -0.06296129507908772
4.975455221574287         -0.0604715565234439
4.97589535092394          -0.060425096319048334
4.976207505874628         -0.06039213959893846
4.994607177951482         -0.058441419637149265
5.001262309222989         -0.057764022916452
5.002744247680244         -0.057614489703918206
5.00417867971061          -0.057470602066189966
5.014313970261115         -0.056477814948066904
5.015425909211519         -0.05637144371647597
5.034655318872861         -0.054611567615216544
5.03611712882393          -0.05448394288757526
5.0408415305669           -0.05404733616040548
5.054678520665465         -0.05278722767938933
5.066716576142217         -0.05171355151803777
5.074947962482446         -0.05099150200750409
5.0807530450716625        -0.05048819939695589
5.104888112057259         -0.048448125869263226
5.109385672121949         -0.048077305265987934
5.11377879614096          -0.047717930054320366
5.141492340372703         -0.045515429192577755
5.144118898536753         -0.04531247030289196
5.146905121890331         -0.04510173808644601
5.153934875704696         -0.044553488421836936
5.15532281601831          -0.04444567437454138
5.1572112992859775        -0.04430502595952783
5.158825871340227         -0.04418513641805514
5.165580578426989         -0.043677524979967464
5.177897481290703         -0.04276877514073746
5.196996550969834         -0.041400774010652605
5.200413774791764         -0.04116163966179489
5.219318510670787         -0.03986957859565195
5.230261396349832         -0.03914557511322948
5.23927927202552          -0.0385621045624482
5.248797985078064         -0.037959139010196534
5.25026176075695          -0.03786759195777867
5.251757696060157         -0.03777435753763895
5.2815619930812066        -0.03598505605251122
5.309748280603854         -0.03437780038528887
5.322548873783399         -0.0336857626644669
5.326918071246653         -0.03345313140689637
5.347177547375595         -0.03239826064805329
5.377349942532472         -0.03089986796950775
5.384844375630598         -0.030541159575182865
5.389598385763705         -0.030316396020192336
5.410565861039923         -0.02934201132469147
5.411201549735843         -0.02931359040220765
5.433982718940639         -0.028317215715785642
5.438901688825654         -0.028107732265939073
5.454737448456715         -0.027446981010142462
5.4559433711113865        -0.02739751669842557
5.467809600108515         -0.026917229282948114
5.477088566548641         -0.026549806774852986
5.478898451719723         -0.02647897325847341
5.489025235515808         -0.026087659178020788
5.498909035873504         -0.025713944790187872
5.503750474787628         -0.025533845628166626
5.51145869767024          -0.025251119279069485
5.516631839599341         -0.02506490296525337
5.536192492635121         -0.02437664947111802
5.559981517094326         -0.023562203261324795
5.565939296009682         -0.023364022392981323
5.584895104498473         -0.022748819030562074
5.59848888421267          -0.02232201711501827
5.598552979709925         -0.022320033165974706
5.600378046100883         -0.02226365389793179
5.613931792189541         -0.02185173028339852
5.615586702635049         -0.021802252378768976
5.634816796192082         -0.021240369466021675
5.672729203883205         -0.020177774254633143
5.688064669951414         -0.019766265018364988
5.698553987271719         -0.019495259521834212
5.699888872164929         -0.019461086212469236
5.720053843110695         -0.01895351739897659
5.723094908582198         -0.018878380669231972
5.724102512081668         -0.018853566907576596
5.726076516892443         -0.01880507159409078
5.752100268774619         -0.01818029792012813
5.759282639640501         -0.018012627879192913
5.760140354211924         -0.017992742542015206
5.777877112919467         -0.017588118373999775
5.778055236810663         -0.017584118607812234
5.782798232828008         -0.01747740246686608
5.810848358841359         -0.016859512236743597
5.830233402704106         -0.016454098169757018
5.834708679100217         -0.0163620436437374
5.836095279191792         -0.016333649851865903
5.861601936758111         -0.01582214371727607
5.870712728794214         -0.015644403457543775
5.8762536056389525        -0.015537586084025425
5.885502893942703         -0.01536143167673536
5.902627351703389         -0.015042404431499519
5.909686076414122         -0.014913588757954753
5.9099325772175195        -0.014909118683207979
5.910420054381454         -0.01490028434830415
5.9330806976617385        -0.014497874751420857
5.936297108785186         -0.014442067968818492
5.936902929510621         -0.014431478085714258
5.96684228025407          -0.013919370740354042
5.985014726728972         -0.013617867021078487
6.001927591526566         -0.01334638875108742
6.002311127250528         -0.013340305166698489
6.003242274954687         -0.013325548874569925
6.003912012724101         -0.013314947017975465
6.029756400386286         -0.012915123349391329
6.034034424456862         -0.012850342373170344
6.052228836745208         -0.012579277245121494
6.070577167069284         -0.012313213147414638
6.0803788765402285        -0.012174082882194567
6.098818567359758         -0.01191800609330306
6.101759270877981         -0.011877851757742187
6.106958333139465         -0.0118064921998173
6.121063033427951         -0.011615264195680954
6.13295973863873          -0.011456659197330334
6.142276602764641         -0.011335007781973917
6.149411700896497         -0.011242820167581243
6.169567411741189         -0.010986976829717747
6.169847562358419         -0.010983468393823873
6.169985881260782         -0.010981736653406283
6.1840162841428725        -0.010807951695652048
6.187544894356223         -0.010764695184270173
6.189338604365324         -0.010742787438765175
6.19428919477884          -0.010682605874718904
6.195829542838217         -0.01066396553281319
6.2103360184957515        -0.0104903916702961
6.22358201964847          -0.010335017930189504
6.234499105605575         -0.01020930742521953
6.2485718471595675        -0.010049395327721169
6.2614826348992985        -0.00990480263769104
6.288074569821287         -0.009613369518326675
6.316406679442302         -0.009312315898209802
6.316883258699024         -0.009307335208995716
6.317011420997764         -0.009305996266446653
6.31760947755847          -0.009299750862621057
6.3188398845263505        -0.009286931830441854
6.3537629528681805        -0.008931231636736741
6.357115188793393         -0.008897993800645437
6.368389958310383         -0.008787313607381952
6.369007910514294         -0.008781296891060813
6.369440092470693         -0.008777091990405413
6.378467644879303         -0.00868983377882661
6.382667194568576         -0.008649285118208122
6.391422537487355         -0.008565384455201283
6.397883889619959         -0.008504018256898385
6.402301863210683         -0.008462388934433322
6.4138026047220595        -0.008354988304065286
6.4218005466439525        -0.008281240895317394
6.442089129620163         -0.008096842112040259
6.445140940790575         -0.00806943723020705
6.455484311487365         -0.007977201625014002
6.460255920548276         -0.007934988018512562
6.48071227856264          -0.007756559958135645
6.49730950212263          -0.007614697454146668
6.526845655670222         -0.007368827220116965
6.529965433175144         -0.007343349422996982
6.53593463501247          -0.0072948639108459
6.542704487710104         -0.007240291862325511
6.548962788685212         -0.007190108280355156
6.57547652357341          -0.0069806277358259025
6.590269609980854         -0.0068659482236370275
6.593464066378752         -0.00684139074447102
6.602728442683375         -0.006770585789916622
6.607196835941192         -0.006736667952149434
6.613470826539251         -0.0066892838246946085
6.623408318218851         -0.006614931041733957
6.633888823281595         -0.006537399113066573
6.634625991233898         -0.006531977666032452
6.656441310165069         -0.0063734376985989955
6.6579127837653775        -0.0063628762304831655
6.658983636792254         -0.006355200716599719
6.674425214326569         -0.006245504954366798
6.702452929538168         -0.006049918486116034
6.707760411725281         -0.006013420444154742
6.711061421767802         -0.005990806955899698
6.7240331191101665        -0.005902588067041752
6.729555145859935         -0.005865344734555688
6.73556271717886          -0.005825043200516399
6.744976863468169         -0.005762320049963438
6.757241242014194         -0.005681489541570954
6.762511778493584         -0.0056470167426602245
6.767399155134203         -0.0056151916552634185
6.770861032914816         -0.005592731412654633
6.7742814111931295        -0.00557060755120297
6.786542014738033         -0.005491851237121343
6.796718217245153         -0.005427135316895041
6.8086377415685515        -0.005352083830299751
6.820947679996961         -0.005275424761296032
6.84409582697199          -0.005133418435409571
6.855587922077682         -0.005063850557566049
6.860582836433768         -0.005033806511717292
6.860628377955839         -0.0050335331204159565
6.860659262389422         -0.0050333477229294946
6.864283714522687         -0.0050116213741697845
6.868825593178766         -0.0049844824914330715
6.898444302385633         -0.00480987289938033
6.899499779639991         -0.004803727607097114
6.900298581768612         -0.004799080245105773
6.928833231873466         -0.0046350424664392
6.931671268929321         -0.004618869638103635
6.9337123604576405        -0.0046072901672146605
6.941056135005886         -0.004565789074469757
6.945000763374557         -0.004543704081615225
6.948156561908268         -0.0045260740574495206
6.963123753402138         -0.004442855622678172
6.963979262350762         -0.0044381229157892605
6.997412948779923         -0.004255345663240094
6.998014418080135         -0.004252096427212811
7.004391584681154         -0.004217730518935478
7.031829502220495         -0.004071633956300584
7.032367754727172         -0.004068796587719732
7.052981663336733         -0.003960960310788153
7.056486401270291         -0.003942786865450955
7.056982854950227         -0.003940216333561973
7.075487836534909         -0.00384506983133739
7.114059805591598         -0.003650930298139772
7.114341650591103         -0.0036495325378885085
7.1155598537606615        -0.003643494548973504
7.118003655291019         -0.0036313304262771185
7.134488957613922         -0.003549741406993772
7.140349035027889         -0.0035210100673143735
7.152130972220775         -0.0034635334987495867
7.171739042878302         -0.003368734051866807
7.1807930014225745        -0.003325321575242859
7.19748304957658          -0.003245892557035587
7.216414502754609         -0.0031567342475609965
7.223525456858531         -0.0031235088662588677
7.224407053002177         -0.0031193995821702397
7.24822576210361          -0.003009203203930482
7.254503752927505         -0.0029804239309406968
7.270840033611918         -0.0029060552600723086
7.278460997579416         -0.002871618535390621
7.29136155639082          -0.0028136092393699712
7.293199876279951         -0.00280536994208656
7.294458371808296         -0.002799733282378276
7.314662873109262         -0.002709671466734348
7.3285551960067           -0.0026482180051859297
7.340100455427158         -0.0025974704813536307
7.353528286894531         -0.0025387909430064103
7.354778861959719         -0.0025333447077137265
7.355107613218437         -0.0025319135319045727
7.355815406622194         -0.0025288329956398093
7.388529043922052         -0.002387571063888597
7.407000862447305         -0.0023087740206305662
7.412562680713292         -0.0022851851091735273
7.417303068275269         -0.002265130004673441
7.42279313541086          -0.002241949323119294
7.422818328213682         -0.0022418430958439997
7.432627293817108         -0.0022005829688015593
7.432656757077876         -0.0022004593362195193
7.437709633966965         -0.00217928329687193
7.448535704824829         -0.0021340133250246024
7.480753994143113         -0.0020003968060387013
7.481459248117783         -0.0019974904848862308
7.487769900977722         -0.001971525698411054
7.499382158687278         -0.0019239033729206195
7.510035773575908         -0.0018804269029464439
7.5281257376576916        -0.0018069645224922186
7.534312327672655         -0.001781945433772333
7.543769489168412         -0.001743802645089633
7.54411150010602          -0.0017424255685644604
7.546849580134629         -0.0017314067916976486
7.558869848126683         -0.0016831571966527497
7.571168416005188         -0.001633998250872782
7.6031996056600475        -0.0015069518065434682
7.608651948827575         -0.001485427142338859
7.608678179604772         -0.0014853236684072254
7.608711939701815         -0.0014851904942900567
7.611961762993825         -0.0014723767535324579
7.61648473173485          -0.0014545625634930699
7.645439189516276         -0.0013411384834618148
7.653367662565019         -0.001310223310492468
7.671050247537739         -0.001241496169833185
7.685757734554849         -0.0011845657423585842
7.690844247503876         -0.0011649259512874531
7.691550672657508         -0.0011622003422449784
7.69449708825734          -0.0011508374222386564
7.700138811129552         -0.0011291037221724692
7.715042642604198         -0.0010718392813279585
7.717027056997992         -0.0010642262685030377
7.7504413209186325        -9.364461388561089E-4
7.751008844052624         -9.34282554856681E-4
7.756086151086643         -9.149361434178019E-4
7.775144338881529         -8.42477037243172E-4
7.776705552514579         -8.36551103375061E-4
7.8063967240917975        -7.241894230405624E-4
7.810247432097407         -7.096723909186703E-4
7.822075152435216         -6.651125582916805E-4
7.837934546389811         -6.054354049578652E-4
7.841602540055828         -5.916455107677367E-4
7.8429286496449215        -5.86661510521903E-4
7.872131074213948         -4.771148223991263E-4
7.882152805913488         -4.395682563505208E-4
7.882206956397935         -4.3936545108347157E-4
7.890992950552221         -4.064700149568802E-4
7.9011121357485585        -3.686076664986556E-4
7.916366021869124         -3.1158300061338634E-4
7.916611978216645         -3.1066401621640256E-4
7.916776387180133         -3.100497318733375E-4
7.917487606532237         -3.0739429058626453E-4
7.94367889729351          -2.0969296553975973E-4
7.967839499531738         -1.1966698208661383E-4
7.971024901679585         -1.0780577178333165E-4
7.97708413453435          -8.524871266686737E-5
7.984910418529138         -5.612341714074076E-5
7.995709880476662         -1.5952158729913693E-5
7.995845643747806         -1.5447291346459012E-5
8                         -2.031375323911038E-18
