0                         0
0.0025695234338735462     9.225441199918324E-6
0.011030651235531562      3.9612253703310665E-5
0.02541217504054          9.129136169483889E-5
0.029512292449695228      1.0604379848513487E-4
0.06889815214119872       2.478772228533203E-4
0.0705122450767388        2.5369445101972276E-4
0.07084425378664395       2.5489106373026156E-4
0.07092466853830347       2.5518089375354603E-4
0.08376876524570595       3.014851871919496E-4
0.08623593247337737       3.103772999929795E-4
0.13242957451573323       4.770837029643912E-4
0.1354566382675458        4.8802228647401477E-4
0.13972944324843398       5.03426159711172E-4
0.16904117970779226       6.094219569767791E-4
0.18858172224239894       6.803979434210508E-4
0.19509074882843214       7.040961400896789E-4
0.20284971815011021       7.323816084360398E-4
0.21466141290721735       7.755174843940627E-4
0.21718334127266165       7.847393777830807E-4
0.2547248593893182        9.225120960225026E-4
0.281366714638953         0.001020847486795827
0.2859657198521237        0.0010378697795638565
0.2962150898675443        0.001075842849421766
0.3229471530216958        0.0011753045727462294
0.3231661559672655        0.0011761211041965648
0.3238245927854507        0.001178576191222072
0.3240931822842503        0.0011795760733418273
0.33542782308525576       0.0012218686082994144
0.36008114003706326       0.001314320970778649
0.37252210468022773       0.0013612173342579723
0.3754456957562615        0.0013722613544091902
0.38758738006018667       0.0014182229411537968
0.38863052569606943       0.0014221789018141846
0.4114641706397499        0.0015090571280618492
0.4270664161976161        0.0015687349302126057
0.4442258821787451        0.0016346632388111386
0.4535049385932095        0.0016704426526365957
0.46284720124243606       0.0017065568311951447
0.48749862604830807       0.0018026374037676915
0.48805101747493856       0.0018048028210899624
0.5042720661134779        0.001868577172875814
0.5187288916587415        0.0019255228163203206
0.5399911942592164        0.00200989103377984
0.5404667698021962        0.002011786485137516
0.5541556405932625        0.0020665019665099442
0.5542231519028715        0.00206677256737117
0.5715774001403663        0.0021365774949196102
0.5953811162456076        0.002233118716250063
0.6040392150730474        0.0022684613989244293
0.6043235141363639        0.002269623979367546
0.6244259086219911        0.002352160680030919
0.636937007352468         0.0024039616264642785
0.6567733712689358        0.002486770196295019
0.6671023854550987        0.002530205564381729
0.6716417556850135        0.0025493021334004337
0.683404187918619         0.0025990012659370607
0.6876906260553056        0.00261719001351287
0.6892780258849671        0.0026239363710540624
0.7075776941121829        0.0027021189241296832
0.7138013829859852        0.0027288806464365136
0.7364328668425796        0.002826931265386794
0.7434896139338923        0.0028577414684651872
0.7459491391442503        0.0028685049887323295
0.7698053673325578        0.0029735786861215274
0.7954703578361639        0.00308798077773819
0.8012151297246924        0.0031137815229633652
0.8071287292798297        0.0031403759116763875
0.8417214872148023        0.003298054890281777
0.8501649370193127        0.0033370885512913426
0.8595744691664691        0.0033808413126106916
0.872788932703771         0.0034427365378145707
0.874971698260544         0.0034530109993776504
0.9114338950767671        0.003626763357561275
0.9170898032853725        0.0036540703474761053
0.9181989412259297        0.0036594365267619226
0.9581510415149047        0.0038551816352074865
0.9629751639932519        0.0038791082465869436
0.9699284488940969        0.003913711603121606
0.9729067665304859        0.003928517922581448
0.9791817079271541        0.003960250620471631
0.9792445699326512        0.0039605683273634396
0.9793502942627499        0.003961099607085532
0.9898805085094541        0.004014148336309871
1.0233887114435363        0.0041858555963649
1.031616914572626         0.00422865663786209
1.0374049706603308        0.004258915123828545
1.061530544551521         0.004386376079000595
1.067712101086099         0.004419382154015066
1.0755918765355919        0.00446166128728928
1.077689673776728         0.004472955894059369
1.100235382186117         0.004595373245474523
1.1120354907286614        0.004660196501919341
1.112458744640497         0.00466252697894895
1.1305841629943405        0.004763141144675308
1.141797481857699         0.004826182642585622
1.1451497826091475        0.004845147543403066
1.1635252691982412        0.004950069297995932
1.1665390563807339        0.004967433697004815
1.1817213262269215        0.005055577428909322
1.1970091417987856        0.005145461556923497
1.2290453112575879        0.00533708019863888
1.229119729902394         0.0053375303148968534
1.2418630527777597        0.005414948848282679
1.248720303881527         0.005456800243941913
1.2704814203415373        0.005592463617925481
1.2715976345043336        0.005599502601439522
1.2715987720885769        0.005599509778631044
1.2755639991596224        0.0056245696319627775
1.2889175332680105        0.005709589601672022
1.2988328791063735        0.00577334457209611
1.3029828229140956        0.005800186646776855
1.3314621410710403        0.005986610642120778
1.347035009441118         0.006090394786052153
1.358779255052272         0.006169721554037899
1.367797656227877         0.006231254149530458
1.380726377873269         0.006320402784652439
1.3849670079838703        0.006349867793105541
1.3977562503546612        0.006439415147071948
1.4218767859184975        0.006611098997162353
1.4305402021825846        0.00667365542063627
1.4602681946358052        0.006891241145012505
1.4639503785312258        0.00691871209791907
1.4754155777310227        0.007005088432939691
1.487598418454682         0.007098061393363654
1.5179939917079823        0.007335370233049153
1.5220928712685395        0.007367955655506927
1.5431971782899894        0.007537928572685605
1.551874305856968         0.007608771396750243
1.5930791335426882        0.007953668988212774
1.61320144365788          0.008127195515768685
1.6218112375791256        0.00820246445753122
1.6383567757339306        0.008348828490355375
1.6556118950450567        0.008502710607173548
1.6658700991735338        0.008597155122073074
1.685514008346232         0.008779830249910074
1.6953661176691022        0.008872980463720754
1.7039106325548845        0.00895459638279696
1.7226108287382969        0.00913590417398735
1.7273837984744698        0.00918277124610923
1.7306354179820094        0.009214837351267343
1.7405535577848954        0.009313334593411868
1.7476367921131484        0.009384313294698566
1.7492884834226534        0.009400940407134377
1.7620101293740436        0.00953122918867524
1.7844045482507127        0.009765067472221108
1.8129507439875079        0.010071436193990365
1.8173486421186051        0.010119462567783488
1.8196173678322791        0.010144324010483584
1.8440162537407347        0.010415322655454504
1.8665174155064868        0.01067194316891855
1.8815969881967662        0.010848170299199633
1.8926959265239864        0.010980055875643326
1.8948210536714962        0.011005518831158639
1.9074779384424623        0.01115857422838747
1.9202619589044314        0.01131560507961897
1.936939285447023         0.011524142011120737
1.9533878476707227        0.011736080744391844
1.9584913933070387        0.011802558986658458
1.9617643125765922        0.011845374091236826
1.9768307771708096        0.012044306342151506
2.001179503571529         0.012372183625709448
2.004200215571071         0.012413410274691563
2.010751507818862         0.012503239478405297
2.022848171583118         0.012670562762336374
2.0785340391552047        0.013482648717713656
2.08424278469198          0.013569785332293955
2.0860839838852634        0.013598042904086335
2.1338543393374683        0.01435745595335439
2.149569725396307         0.014615428930090244
2.152190309114668         0.01465939828522157
2.160995483982323         0.014808043934813407
2.169750450989668         0.014957230127521714
2.19833465623815          0.015457146444184024
2.1990168013970206        0.015469274857808777
2.2121201115250075        0.015704042654280992
2.2211360851444177        0.015867558913038083
2.226384090291784         0.0159633638579862
2.2522675257386795        0.016449283222548156
2.260698908490405         0.01661238159747991
2.262974088053477         0.016656798351778142
2.2699959776950904        0.016794967827288648
2.275038291672469         0.016895197200091357
2.2785839041595186        0.016966182188211703
2.3040981195584718        0.017489323826981963
2.3178082690415787        0.01777704263670454
2.3318720018402432        0.018077984507405782
2.333110543574179         0.018104768920647614
2.363203198764657         0.018769212255362953
2.3660841994935238        0.018833917733414727
2.366970380635339         0.018853680894389734
2.367781551226596         0.018872005594618466
2.3879478361114055        0.01933475647876191
2.406604173322883         0.01977592571371963
2.4165596573886496        0.020016483387211074
2.4288055326686613        0.020317289398070506
2.433199938638302         0.020426552207702994
2.445031821033396         0.02072420455304917
2.445881050959969         0.020745762748754018
2.4460851995835684        0.020750949059927293
2.4688519797078747        0.021338764560679613
2.476301456531579         0.021535163510838635
2.4784520411651987        0.02159223426280723
2.4811509345311666        0.021663979364422613
2.4932336163210627        0.02198816346177596
2.5075706083488676        0.02237916936595264
2.5307194136097095        0.023031833617747695
2.5405800364580804        0.023316528317590714
2.5593602539875695        0.02386978952429157
2.574085719424042         0.024304589827099286
2.5884286041160514        0.024739502099675265
2.606078463696969         0.025290141390599
2.6340533184774095        0.02619782444903145
2.6409854628223006        0.026429368922704043
2.655308353414063         0.02691610623700084
2.6703760736488764        0.02743928099503264
2.683289244508258         0.027892606470899067
2.69944131975914          0.028470566494482458
2.726653732640963         0.029464960043163617
2.7297876337252993        0.02958114445083662
2.747270604851453         0.030235610871936193
2.7488765928666425        0.030296267180509883
2.7554671274298217        0.030546130170189322
2.7608272551527424        0.03074563262152019
2.7713373692216248        0.03114481558277473
2.776804697521472         0.03135256722788132
2.7992243981767544        0.032224486227888025
2.8004636974482153        0.03227362136190764
2.8042564967654147        0.03242460690284861
2.82908890844747          0.033435884096104616
2.832030535012957         0.0335600987085969
2.834911512955743         0.03368188663357958
2.8432658731945724        0.03403580293877438
2.853939323038131         0.03448958885936389
2.866621133649691         0.034996547988060615
2.8837784813052303        0.035707788345941356
2.8897719545164238        0.03596311763993411
2.8951285949627996        0.036199784483167435
2.8992587484115595        0.0363826873679826
2.906970567219707         0.03672519318478156
2.9242316084538045        0.037496481204415545
2.9581290021408697        0.039018465371312934
2.9605283300389265        0.03912502983438845
2.9647985384515465        0.03931430723752463
2.993610809899172         0.040578665854165544
3.002441542711024         0.04096173593168902
3.012351868280923         0.04138915386827136
3.0390709461057646        0.042528419395039915
3.0566123862910914        0.04328706892603345
3.05789962002334          0.043342013041460625
3.0699050509140546        0.04384966155590618
3.0965185154165757        0.04494416178330885
3.1058793819034047        0.045319027821396095
3.1059281906311895        0.045320810112610195
3.10738448446349          0.04537389256952631
3.1091902714633433        0.045443610944941024
3.121258788804637         0.04590368481411283
3.148424662103509         0.04690192532778545
3.1522214566634283        0.04703732076795761
3.1783070325070284        0.047940212358868035
3.1924479863572452        0.04840972298154346
3.1943002494509956        0.048470183459051
3.1970584288633663        0.0485597684379623
3.1990879688616105        0.04862534668212352
3.1994352868267177        0.04863644645595086
3.199647343347879         0.048643219063387845
3.2003276901445634        0.0486674338006253
3.2093326443414933        0.04893173507191576
3.2247352753281744        0.04933961951325415
3.2478511934945713        0.04984709543319234
3.249705804159807         0.04990773510778125
3.2573874599309858        0.05014498999908132
3.264584325230736         0.05034693888849001
3.2850058826608732        0.050666873008540794
3.2887449297628972        0.05071880653927758
3.301892527107571         0.05088509103364151
3.310138784296293         0.05097641033468765
3.321244660925669         0.05108358989221307
3.330268660648775         0.05115731760514573
3.345114774727181         0.05125254898814443
3.351571537730361         0.051283849878576114
3.375340388929212         0.05123277503588644
3.3762253199828933        0.051228185942663304
3.3878246445385156        0.05115019546909724
3.3914349078406474        0.05111915688142521
3.398892647708818         0.051044872236227494
3.399661308525525         0.05103643685701412
3.421319769182772         0.050738918130680905
3.421907094284763         0.05072924065151424
3.4390692171570207        0.05040893198321938
3.44775107932069          0.050219256562722386
3.4486281983019804        0.05019906102570816
3.4618631049732747        0.049734435513990975
3.490778792142376         0.04868463274249057
3.4932610382100804        0.04857892331293216
3.4956827413672293        0.048535905289520634
3.5015477324354816        0.048423878516338434
3.504269006572791         0.04831015087580045
3.5155410231100896        0.047816616244830745
3.525719197158972         0.04733989518722612
3.5316338754341077        0.04704931611937493
3.5433930160518416        0.046475205755611995
3.548493030447177         0.04621582150575352
3.5612596580195937        0.045538956849182265
3.576976049860632         0.044651612626950325
3.58487948231457          0.044182830811348994
3.59515860906808          0.043532224124981
3.6044946623057585        0.042901213548385705
3.6260791446825165        0.04129622537818651
3.6279559588407424        0.041147027803362
3.643786146692853         0.039827234077474474
3.6669609101693714        0.03783588877456897
3.6799740712207636        0.03666056519865714
3.6804196090098276        0.036620004991589426
3.6833574595043372        0.036352022718881126
3.6859363630971957        0.036116023082807154
3.6862883699371993        0.03608375529425501
3.6971837409389297        0.03507845603889893
3.710209969373751         0.033859911720330024
3.7118915225273597        0.033701289858830065
3.714444539201902         0.03345988524673929
3.7293334404836416        0.03203817847339013
3.737555300462925         0.031242948871879398
3.7498456372743143        0.03000413871921417
3.7574557874635404        0.029223196918199152
3.8022953174562533        0.02440639511321791
3.80449965363294          0.024160098959746718
3.843082375344839         0.019704995313072335
3.8751729641214654        0.015862370706568926
3.8857430503748156        0.014574618918569865
3.9191198059106247        0.010436584413009717
3.938015770775248         0.008045555092374722
3.9619073527053517        0.004972392885845394
3.9670538637437676        0.004298337860625361
3.9812353577821473        0.0024395710846106464
3.9833165131438006        0.002166624992889969
3.9849236426528707        0.001955818325354043
4.0117531018996075        -0.0015672097039172775
4.01965526089393          -0.002606230319347371
4.025614152939896         -0.0033246534964042917
4.029798263910663         -0.003829312231311671
4.030626303280821         -0.003929205080128707
4.039565831731338         -0.005094237483045586
4.052547380098359         -0.006774750260723037
4.0695494127171665        -0.00895550447463144
4.104911421696361         -0.013417720507235517
4.114843039692314         -0.014653110982382145
4.157901945059566         -0.019918663607005737
4.179196540111902         -0.022468348445896878
4.189862787275962         -0.0237319341102007
4.200418459707121         -0.024973532542287635
4.206967621387773         -0.025729786440800817
4.2187817632453735        -0.026945838414377213
4.2416959413185875        -0.029273497490820595
4.262975761194437         -0.031462807008223494
4.275436504802568         -0.032702685826098386
4.284292164867157         -0.03357177869599626
4.305988166960596         -0.035612003665205054
4.307807457560721         -0.03577733887096519
4.308619823711304         -0.03585087874433056
4.309964936854698         -0.035972256090779295
4.360656838949769         -0.04037679912381683
4.364619810625548         -0.040685628875778555
4.391702950256679         -0.04265834829648153
4.420977489210606         -0.04452022612191067
4.432274321289976         -0.04516357680896975
4.437646976090505         -0.04546169378697507
4.449341027301253         -0.046090251310542917
4.462555125808107         -0.04676700054174344
4.478482256118939         -0.0475354396379425
4.4875821597785945        -0.04795129668903809
4.491321523482291         -0.048136878497834726
4.50048709968895          -0.04857141300257513
4.531006563552754         -0.04974029228849695
4.536360758392918         -0.04991100329607625
4.53989937692368          -0.05001819921138586
4.55180740426124          -0.0503460340980955
4.559489842162814         -0.05053061924627832
4.561290423733313         -0.05057082784420311
4.5800652110017275        -0.050920997663505274
4.589860075487784         -0.05105363474133994
4.592929534659069         -0.05108225905472946
4.606130728795538         -0.05118344236151391
4.6254993499615535        -0.0512675054522769
4.626632222620734         -0.05127005157725743
4.630300596097454         -0.05127649841645614
4.636184202931805         -0.05128110174783247
4.662118690762761         -0.05121716263640495
4.670741116707124         -0.05116549033610526
4.693168948148276         -0.0509600017975447
4.702127383683111         -0.05086362864427613
4.714516248397306         -0.05069211364833322
4.738854459129289         -0.050216599735533815
4.757585856815231         -0.049797908757383366
4.764181126149855         -0.04963798530275957
4.772650387579884         -0.04942307040422329
4.787210763672386         -0.049028487534723025
4.809918449703874         -0.04834976619659952
4.828308400071318         -0.047743525120020974
4.833161793941893         -0.04757508427003541
4.834939869124395         -0.04751249213079133
4.862251042592517         -0.046491609071004456
4.866730148309217         -0.0463615848827931
4.867299015443555         -0.046344939296421465
4.879292180841734         -0.045987087246171204
4.887203614279241         -0.045682062085891345
4.889149962993321         -0.04560640205253998
4.912627973295771         -0.04467046920807569
4.915605484518382         -0.044550989449293414
4.9326112536779885        -0.04384870602875182
4.935167238411734         -0.04373857893527358
4.942487273718385         -0.04342266031836077
4.946326127237849         -0.04325667007200279
4.966648457677487         -0.04239415498643383
4.97945800665891          -0.04184060092855054
4.99724154696067          -0.041059415977123495
5.0010480489815246        -0.04089029019327662
5.014247880616366         -0.04029857811240223
5.03027516392768          -0.03956919823213353
5.0510493172193405        -0.03860597088380724
5.0689527994573975        -0.03779384112095252
5.0807644432842265        -0.03726631550369553
5.118493626952633         -0.03562530914523294
5.124050997338193         -0.03538926230014122
5.1334636953630595        -0.03499278181034217
5.145274778231929         -0.0345011825613454
5.169528243037047         -0.03355789167658436
5.18223665159916          -0.03303975192127016
5.185654647964069         -0.032902767572778886
5.188200021417188         -0.03280140892236379
5.193566932828776         -0.03258952208439335
5.212928064419311         -0.031808032224373665
5.216789466778675         -0.03165422100418158
5.26612219054006          -0.02974913927410888
5.270164658349479         -0.029599388558295442
5.293956831019824         -0.028732889499850978
5.294806239234384         -0.02870242436585318
5.32814615138288          -0.02753223463215509
5.331322047943499         -0.027422944167010244
5.33346227411836          -0.02734951650081724
5.334069132145453         -0.027328728840201866
5.33414834444334          -0.027326016521293493
5.353010432680545         -0.026687153908722196
5.357882419335499         -0.02652440326103205
5.390456181631836         -0.02546015087047588
5.397569136675662         -0.02523328412207744
5.425695691006819         -0.024355602029707685
5.444148808146323         -0.023796610009044025
5.454225560006422         -0.023500030887072438
5.46503286021109          -0.02318466723509599
5.469682399739271         -0.023051565748186884
5.509030078215135         -0.02194402921885003
5.518586199500956         -0.021684891460734206
5.545163763416152         -0.020984401554181818
5.55334582364164          -0.020774741557298623
5.568583862106168         -0.02039179298733047
5.586938741277784         -0.019943501109455385
5.606223696181383         -0.01948778152480874
5.628137645997201         -0.01898895143917083
5.630177128839399         -0.018943453386176215
5.6353181586530035        -0.018829138246390573
5.6737288857293136        -0.017991998495161116
5.686005533533351         -0.017730743025695588
5.690849309357057         -0.017627702670114494
5.695151962866267         -0.01753670306521605
5.702518686605948         -0.017382056317482845
5.749383016195773         -0.016442963740156684
5.769305319778905         -0.016065947647528077
5.777131242022417         -0.0159214702194381
5.781563303796833         -0.015840554550943287
5.809811422112971         -0.01534023288407011
5.840791426740321         -0.01480785095201823
5.846308565587221         -0.014715101766482401
5.851832662832512         -0.014622859938885834
5.854505381240171         -0.014578454921156206
5.869100679772641         -0.014338545895641326
5.889680408292063         -0.014007678214007455
5.893378363962826         -0.013949143838676754
5.899199340367371         -0.013857571676067862
5.927480479049408         -0.013422541793711948
5.937881221119534         -0.013264751146506394
5.949258743648957         -0.0130940427831574
5.958820036214544         -0.012955221288786555
5.997652978427592         -0.012409440157337349
6.002209696231886         -0.012346995160243469
6.010860737433602         -0.012229365179924085
6.023898807544631         -0.012054369159987257
6.047148273443359         -0.011749134535704442
6.048329192561212         -0.011733863786181823
6.069775028078885         -0.011460932565041514
6.07637919612106          -0.011378420664239823
6.0773150979101125        -0.011366786111850652
6.091619232935354         -0.011190773828502367
6.126558221985592         -0.010775118288982227
6.1439830539426605        -0.010573171318802452
6.160982616682632         -0.010379217278233498
6.166486095900094         -0.010317146348762563
6.190453282146763         -0.01005305312301691
6.208953837631421         -0.00985402678745519
6.242539393978822         -0.009503473155133921
6.247356954106097         -0.009454326683533763
6.249573732375077         -0.00943180802892484
6.254381054466654         -0.009383181505515235
6.2601798019352115        -0.0093249047346931
6.282184529206961         -0.009107521068081216
6.308201801300808         -0.00885810637864596
6.327732235349298         -0.00867621893153668
6.355679164261665         -0.008421414131839949
6.363266667259596         -0.00835339415432276
6.37868648841666          -0.008216684166801807
6.393070445452416         -0.008091000391764896
6.395382144655665         -0.008070967154230635
6.397244015528591         -0.008054865534679871
6.407256951005852         -0.00796878380436693
6.443921097545967         -0.0076609351057834296
6.452483032919865         -0.007590709384623193
6.497917244370091         -0.007228597422909914
6.507804431597937         -0.007152146955800852
6.516174232146136         -0.007088086054410664
6.5233716618812725        -0.007033575239985839
6.533794573144039         -0.006954987363978569
6.5403935994435365        -0.006905561902368724
6.545967488493629         -0.0068640413047165744
6.568348183472082         -0.006699415816856422
6.59339285338437          -0.0065191648251882
6.596678758552245         -0.006495826718777724
6.605927932393756         -0.006430522068275604
6.610976840745602         -0.00639511506477066
6.623394959452753         -0.006308754214299465
6.627627577863703         -0.006279613021423245
6.628265056784708         -0.006275235160224666
6.650671093284235         -0.006123212459378226
6.66344907523543          -0.006037950842679669
6.6952689520965585        -0.005829261676157086
6.695580020465803         -0.005827246842393889
6.695721244115782         -0.005826332279364693
6.7049496779349305        -0.005766789004139245
6.727776208979398         -0.005621370189717075
6.761081299789089         -0.005413952595886985
6.76140402523352          -0.005411970334146632
6.769699382761147         -0.005361258257904443
6.78530130311382          -0.005266824190803444
6.785359980998125         -0.005266471359742252
6.799308494569184         -0.005183094073762195
6.7993247884983035        -0.005182997253638563
6.827265985318338         -0.005019055837089011
6.829907886017258         -0.005003753288389321
6.829928321011898         -0.005003635035889162
6.852979143105302         -0.004871341073775345
6.878408936210938         -0.004728127141011367
6.893576421625126         -0.004643925865222077
6.906984976884603         -0.004570247105277617
6.928841922701773         -0.004451669934914731
6.931175195838814         -0.004439123230701231
6.977814878841961         -0.004192845903257102
6.979873153512754         -0.004182175610980071
6.983653480488381         -0.004162621695395125
6.983911088846364         -0.0041612878299270555
6.9843015881206885        -0.004159265542341606
6.9854623982916175        -0.004153258619751601
6.986469760218849         -0.004148049753708956
6.9874784415448215        -0.00414283778728401
6.989762674748854         -0.004131048672180181
6.99088780152151          -0.004125248821429246
7.022332312972053         -0.003965031792388577
7.026731165236451         -0.003942907206948961
7.04002504225462          -0.003876474457890441
7.040733914039128         -0.003872950220188669
7.041267689451624         -0.0038702977082790847
7.058194865725256         -0.0037867217683162173
7.066854199913026         -0.0037444166974268584
7.0844293968202745        -0.0036591607679131734
7.098720562779589         -0.0035904354296188742
7.11750448123971          -0.0035009232706148478
7.131741265134622         -0.0034336992294452494
7.142628821622975         -0.0033826501558156096
7.160298897285513         -0.003300464360691584
7.176814096754164         -0.0032243938855825546
7.235963670168568         -0.0029578423207743884
7.2360058390094055        -0.002957655696192415
7.236023235115441         -0.002957578661879177
7.23610839866404          -0.0029572018591998432
7.2361538313320315        -0.0029570003462093286
7.2362499134524505        -0.002956574692994404
7.237194829555386         -0.0029523936376163146
7.299768004268129         -0.0026796032237303515
7.312508564865384         -0.0026250458741086096
7.3219799759955695        -0.0025847037116841828
7.3317366530665105        -0.0025433392088411535
7.3634487457036935        -0.002410243181089492
7.363590642805673         -0.0024096522803343187
7.3888508847991945        -0.002305120429802636
7.426664328352222         -0.0021510909349613276
7.427097174408142         -0.0021493447828992707
7.4271294871392595        -0.0021492144449690954
7.47367419530961          -0.0019626671830419986
7.474216480619989         -0.0019605101331311744
7.483642908189873         -0.0019230748977005381
7.490871619400748         -0.0018944447176595795
7.498939789803094         -0.0018625689475605634
7.525797803803639         -0.0017570600473991167
7.55815979728793          -0.001631122639700275
7.562561716983736         -0.0016140979744291193
7.563385204148469         -0.0016109130864714256
7.5647401459507995        -0.0016056748640245475
7.564788729136586         -0.001605487089303892
7.578077799258663         -0.0015542507114404004
7.620792053963578         -0.0013912662129292393
7.650455473373338         -0.0012793410887171537
7.670971414731118         -0.0012022982059470882
7.692548668640197         -0.0011215938165030867
7.728894618775779         -9.86401793629281E-4
7.728951258547024         -9.861917882575551E-4
7.729081194633194         -9.85710028244915E-4
7.75779269143519          -8.795583292579803E-4
7.782164946077456         -7.899199310386784E-4
7.788385940805451         -7.671166782900374E-4
7.790448325039925         -7.595628704679144E-4
7.797927348138292         -7.321945247098589E-4
7.822651110922638         -6.419978964397762E-4
7.836996013463541         -5.8969761516127E-4
7.847486381396094         -5.514868442389378E-4
7.865207485789692         -4.871204711981312E-4
7.875220304302358         -4.5077996898640197E-4
7.8876829357624665        -4.0557629469567666E-4
7.904397213898632         -3.450264614226269E-4
7.938983685522455         -2.199482383116767E-4
7.94204980335917          -2.0887402008081766E-4
7.946900220276262         -1.9135994027623155E-4
7.966617038649919         -1.2022467273635751E-4
7.994326539651947         -2.0413125069300734E-5
8                         -2.2111443021654435E-18
