0                         0
0.003096082342011593      4.0811975510595004E-5
0.006705177459315635      8.839459984887303E-5
0.009601703096071973      1.2646806279098446E-4
0.0370084522227221        4.8703579332521756E-4
0.06791857863548666       8.943867836467706E-4
0.08146003622922884       0.001073074873808953
0.08307195797927794       0.001094354580291142
0.08897780679456128       0.0011723374063467348
0.10204060195885525       0.001344918130249216
0.15621489499914182       0.002062047304008318
0.166725340555724         0.002201439828772599
0.16920609297908493       0.002234401342834308
0.2005875696490546        0.002651867380145093
0.22389759562851547       0.0029625183468074425
0.2516631772954684        0.0033348736344833937
0.2516994041582412        0.003335360293049327
0.25170276164132194       0.0033354053963718976
0.2517104982963955        0.0033355088351067676
0.2517145045236381        0.003335562398254771
0.29966726979337044       0.003979995084679136
0.3546553846612282        0.0047260220627782295
0.3583303718365297        0.0047761611662799795
0.3640176559128981        0.004853823960962158
0.36434647240319706       0.004858312765098314
0.36444571021209954       0.0048596675436077255
0.36477039652836907       0.004864100250831941
0.36883890810649556       0.004919663156072013
0.37237502533594613       0.004967983026637825
0.38854471644316174       0.005189265622410006
0.4387589500200299        0.0058798916877699165
0.4740637091090662        0.00637119362011117
0.49198993139457964       0.006622386635188497
0.4932496389330266        0.006640082264186262
0.4936315505089684        0.006645448270369406
0.4960754089284194        0.006679797960739186
0.4990488912213395        0.00672162101294941
0.5024603677974756        0.00676964412456765
0.511913171292178         0.006902931186345339
0.5756895122749025        0.007811207364512637
0.5912204664193889        0.008034694234152283
0.6016571230044505        0.008185381721769266
0.6026913118602126        0.00820035645669799
0.6492942496990731        0.008880890123202022
0.6572505656588212        0.0089978750772472
0.7031355354740495        0.009679195857876391
0.7036827553149568        0.0096873896746728
0.704830464110696         0.009704580175808757
0.7372031359202251        0.010192384712705298
0.7426164977338995        0.010274506485033467
0.7486531032496393        0.010366269189826263
0.7776065448408013        0.010809120900848004
0.8112196364763133        0.011328908870811108
0.8174261516732693        0.01142549988953834
0.8313472073400369        0.011643415513490298
0.8331107005961481        0.011671096916278621
0.8417812381509088        0.011807447031927388
0.8863045140432796        0.012513964345933257
0.8899184656201258        0.0125717882795165
0.897689397052706         0.012696366760894516
0.9009839645353293        0.012749511860171297
0.9145931673457448        0.012969785697515454
0.9145998249323354        0.01296989376703368
0.940166572694164         0.013387158261477638
0.9546849994666413        0.013626111507885934
0.9546894658578349        0.013626185241863334
0.9698191788864645        0.013876744431841384
0.9802216582321861        0.014049931683027938
0.9816653105878351        0.014074025433848935
0.9996485907407839        0.014375359276114769
1.0050173267035225        0.014465751295706774
1.019754941487284         0.014714905021836979
1.0261855284172445        0.014824143838358948
1.0286895598411459        0.014866645199546835
1.0392547982694438        0.015046613446706266
1.054147004218509         0.015302051640485986
1.059909993703799         0.015401455160339951
1.09717958293857          0.01605176754925132
1.1021481108431812        0.01613943945225659
1.1112225159034645        0.01629952968342386
1.1444179504393326        0.01689145918399746
1.1486607848694144        0.016967828808320692
1.1530918650906503        0.017047759284488567
1.1666490175986766        0.017292493911144173
1.181130744617685         0.017555369987282014
1.1968439425281518        0.017842295456249803
1.20150690278316          0.017928097374316287
1.220885322399388         0.018286378105626055
1.2352559615678051        0.018553845115075747
1.2440541315958742        0.01871970426699581
1.2528693076176225        0.01888664639369398
1.2557749998464596        0.01894184172847603
1.2641849120754682        0.01910265766165556
1.2753345623493506        0.019316607274884726
1.2942194473361588        0.019680922341458216
1.2956413337440944        0.019708127322479015
1.2957887030424062        0.01971094829169612
1.3253504453930482        0.020284557674367272
1.3269993005948946        0.02031680109934731
1.3594832754461732        0.02095740011559155
1.384899363832021         0.021465749245958704
1.3958742480931818        0.021687194382414766
1.4304668323724274        0.02239230149540455
1.4325226746348543        0.0224345685898379
1.451232006915059         0.022821092243179096
1.5057513653753598        0.023966637050107282
1.515557855366277         0.02417572298072063
1.5180713133807076        0.024229145751056346
1.529138433714336         0.02446533155361187
1.563326370917606         0.02520480122904971
1.570710088645347         0.02536646340870771
1.575575466430758         0.025473367715882697
1.581878868496972         0.0256123174986195
1.5939240405162123        0.025879244793201892
1.5976534871173897        0.025962266102624955
1.6245168499560256        0.026564651457065377
1.6410927079609545        0.026939761461486838
1.6524946613894886        0.027199298219135217
1.6998359867121142        0.028287231329226833
1.7074825064636376        0.028464167779848205
1.7192422079876193        0.028737511826634723
1.7244651159954385        0.02885939213271938
1.7699836778128542        0.029934056395876527
1.7872777808027498        0.030348217447253165
1.813120161533616         0.030973105357680043
1.8212325272905485        0.031170753874936653
1.8315166035548573        0.031422333928641896
1.8420388577256204        0.03168092121845141
1.8670730551418608        0.03230094390783633
1.86715503355732          0.03230296748243228
1.8672402798221763        0.032305107141429604
1.8704347375319352        0.03238427926073109
1.9104770363022623        0.03338134293941585
1.914315174481808         0.033477440603333485
1.9546074541677654        0.03449182562151772
1.9950610176056969        0.03552049256641212
2.008331632115673         0.03586017325207272
2.0144354884136626        0.036016780394208685
2.0421816219413125        0.036731604214088234
2.04938643432085          0.036918009830106215
2.0699868718829117        0.0374527845245287
2.0894779355671345        0.03795639091508907
2.10800446251506          0.038440713183149185
2.1120735629821348        0.03854514942850346
2.115239935559771         0.03862642724311287
2.1207220254509824        0.03876845791325738
2.129911776521088         0.03900584459277689
2.136684774772132         0.039185176352426326
2.1572602927130102        0.03971635375471359
2.165304035022653         0.03992552580426944
2.1809464595119037        0.040332158988004206
2.210301280325944         0.04109476329860507
2.215794475189138         0.04123739914689999
2.2470149581035415        0.04204764249569337
2.24721090473049          0.04205272547803919
2.247448448931295         0.04205888749018346
2.277664817049171         0.04284237345747317
2.2817625315952075        0.042948571724004826
2.3134753499490763        0.04377003456401869
2.3407188872433453        0.04446064315387427
2.361183375452636         0.0449722359331019
2.3619241992201845        0.04499064044502368
2.3676823737299477        0.04513605681460045
2.384397744869523         0.04555537534651685
2.4044388312604172        0.04605261223844366
2.4096903629252817        0.04618191383635842
2.4222905223394986        0.046490178805300625
2.428545591441785         0.04664176276954024
2.433308456794141         0.04675654101847673
2.4369752024575844        0.046844525041693265
2.4723464571977045        0.04767631776097659
2.4772616542547334        0.0477894738712079
2.4944387351863178        0.048180262330840974
2.519118921584223         0.04872907357569417
2.527943689281896         0.048922371934304834
2.531305636036305         0.04899547110934461
2.5366535627757614        0.04911113643029891
2.5610066975566546        0.04963246304473993
2.5703152254102584        0.0498282902481998
2.5739845981506972        0.04990496148511997
2.5977997202349163        0.05039823357879268
2.6353990190816488        0.05112489804940257
2.655568128796009         0.05148840213105841
2.6748723302111945        0.05181912112524006
2.6767089294842346        0.05184970942770792
2.677002914138571         0.051854591564946935
2.6809526534108272        0.051919805719756885
2.7028572096992693        0.05227059399304753
2.732571596788287         0.05271412081295949
2.7432480162986694        0.05286439080786019
2.771922935543004         0.05324420342056957
2.8004398750401474        0.053580373549890765
2.81021148462025          0.05368685834114696
2.824035737992489         0.05382951125101925
2.852675769968129         0.054073668844874495
2.8630548223599286        0.05414680532160378
2.8788429220986522        0.05424240271896556
2.8823991551305133        0.05426132912999032
2.8991868067036353        0.05433773266403204
2.91653976868643          0.05439386083687343
2.9194871498455277        0.05440133446824559
2.92101297402195          0.05440496852449754
2.9436659110710277        0.054440066417069014
2.9580569007220183        0.05444401215328921
2.9688879879691696        0.054437577842874986
2.9836867062416195        0.054412598364906445
2.9871606084905733        0.054403392302017343
3.0045954185170465        0.05434013798194364
3.0355580298119604        0.054174340739054305
3.037723494946727         0.05415940135901898
3.041205975253427         0.05413400401912425
3.048707047665416         0.05407527491766467
3.0529177221508492        0.05403989877523387
3.0593735112120966        0.05398229643163141
3.0613904531729395        0.05396346530395035
3.0933781052698954        0.053611678671522355
3.0951710854252523        0.05358900153058667
3.102809075491781         0.053488879448317046
3.1240443543661414        0.05318198971212887
3.13556659954572          0.052997067169820396
3.152040098067985         0.05271019304126947
3.1609160919703165        0.05254465263811564
3.1676362270049463        0.052404554283684665
3.180505838327136         0.05211998722442451
3.1898226871794586        0.05190063972509519
3.1998186862351017        0.05165284657636671
3.2034957021821637        0.051558452192676865
3.2130281703382           0.05132342354548042
3.2370166688367785        0.05068912938695028
3.2422523772988283        0.050542536537196855
3.2676309075276344        0.04979057583290013
3.2697772754259966        0.04972383167191895
3.2719901775928166        0.04965450456498791
3.289815982265672         0.04907701522179328
3.295197616919902         0.04889601603334156
3.29812385716833          0.04879897574919879
3.3254097064149963        0.047833041174829186
3.3340287992019797        0.047504991386961584
3.339750551383984         0.04728113720028072
3.3444622724256           0.047093156510285186
3.3486911947702547        0.0469250045992144
3.356976745657297         0.046590136760682264
3.38594602051486          0.045362958056228773
3.3946067365010983        0.04496321368531843
3.41208912604709          0.04413518001720922
3.4353159480173714        0.04295392141528323
3.46101834054851          0.041591598948992975
3.4808579841270904        0.040500391786663995
3.5019029980693293        0.039305146786939645
3.518437477995552         0.03833882133022367
3.533874930121397         0.03740880843260146
3.5635136048788425        0.03555610541231744
3.566719061985252         0.035350441609903235
3.6011495730540344        0.03303876091958602
3.605324092018705         0.032748070950337084
3.6308943404568312        0.03091836928489186
3.63357212847489          0.030732978073589146
3.64148562623546          0.030178171269040256
3.6597887420565343        0.028855273758966238
3.6605361185714917        0.02880007794689465
3.6937062816809947        0.026242736499293595
3.731847990011266         0.023209441490220424
3.7324352254090263        0.023162494097293006
3.7343925972662046        0.02300587612525931
3.751284961945668         0.02164573975710182
3.780915226311677         0.019223161908961717
3.7964021351691173        0.01793828821846124
3.811536899104306         0.01667025335845317
3.815005751810395         0.016377899295426386
3.8179111219267425        0.016132540827708954
3.824057233543976         0.015607169747144909
3.846064311330901         0.013706876785758965
3.851529057788121         0.01323036686272481
3.85260289584941          0.013136514609844234
3.8596604491853777        0.012516335843533122
3.8694084734702168        0.011655798873727382
3.8722340711437044        0.011405507231022363
3.8748991442377014        0.01116718259821265
3.932395591947754         0.006022001436281723
3.9539225284466415        0.004093875346822982
3.9547492589837825        0.004019807718309047
3.955837286263099         0.003922328110502998
4.001330104543883         -1.5568461709366578E-4
4.016846232003657         -0.0015475345526162064
4.017022576330198         -0.0015633560854452031
4.032874198735133         -0.0029830284884009286
4.0548786928922755        -0.004961026388470095
4.063796297515814         -0.005765043393740399
4.078300460546707         -0.0070757145284989454
4.114640427225371         -0.010339820883913291
4.117439934127711         -0.010587965210211596
4.122569774444338         -0.01104171186968335
4.128088117674514         -0.011528442790956718
4.130909919882008         -0.01177677981049594
4.136175435112604         -0.012239179620299146
4.142333947685719         -0.01277844244688536
4.148615252259115         -0.01332584362082482
4.1583247070616345        -0.014166806539457616
4.181440495366088         -0.016143547491066217
4.193138171079535         -0.017130248961824353
4.204303824390289         -0.01807223288339778
4.2068143530317155        -0.018283329186761593
4.220755717973339         -0.01945088433042412
4.222507300897276         -0.019597012297283677
4.22612461527799          -0.01989839356608798
4.239395850047196         -0.020999514683999587
4.246397320053861         -0.021577524008733313
4.257520707482535         -0.022489236710841368
4.262804676329639         -0.02292019712101328
4.265364579001704         -0.023127959842528543
4.271452820577308         -0.023619823570115262
4.301210505750121         -0.02594112311957269
4.315270804373025         -0.027031002954380504
4.334253697931703         -0.028471288849165617
4.336957121297938         -0.02867349213084872
4.337546230684848         -0.028717458347747377
4.367786518860926         -0.030928017400116505
4.379248021429031         -0.03174210156174692
4.392623695262712         -0.0326756376744732
4.394527829452347         -0.0328070883307122
4.39767902311042          -0.03302383736595165
4.411160629770857         -0.033940002773309476
4.420302233348826         -0.03455095971348847
4.424450240840395         -0.034827220483981056
4.4310574626261           -0.03526325042366254
4.470926516789344         -0.03778959333071338
4.472392105129722         -0.03787903775202506
4.473055342063366         -0.03791943510120923
4.5029778216151035        -0.039690265965939664
4.5149624783458675        -0.04037052140049699
4.535640918277425         -0.04151820301101698
4.554765860995889         -0.042550317673712534
4.565323745436107         -0.04309975019063156
4.5750066456187595        -0.0435903964605302
4.6057877217318035        -0.04506589964799357
4.648919152309828         -0.04691825714321574
4.65262074371901          -0.04706715593799295
4.654134721586475         -0.04712759782439527
4.679284865255738         -0.04809269109766559
4.7057449489190395        -0.04902870326531909
4.720917420307208         -0.04953751910715116
4.737629297250639         -0.05006863726659904
4.746145676308037         -0.05032747199915432
4.759383821510274         -0.050713965445620054
4.765792272782104         -0.050890078487065074
4.7796255856175645        -0.051253966123659206
4.786261767587591         -0.05142063869470889
4.809563612342411         -0.051965344954358436
4.839805779518715         -0.05258056187783467
4.856595347806904         -0.05290427568288507
4.86143993340973          -0.05298805705952433
4.883241825719939         -0.05333692190767644
4.893297483103551         -0.05348229294147276
4.906239315673694         -0.053654954709471105
4.935901724848387         -0.05398940608896879
4.946992705022333         -0.054091592872458835
4.949432158280466         -0.05411260280909557
4.956965612715001         -0.05417226672725188
4.96101086996761          -0.054202207108463796
4.96474709799676          -0.05422855831521284
4.970121408677835         -0.05426427012706409
4.987305042109574         -0.05436109543445203
5.027839594653318         -0.054490819366009094
5.036817021187835         -0.054511825113639494
5.037465087597901         -0.054512231115065014
5.060851676037979         -0.05450546451544169
5.104460147534189         -0.054381523979253395
5.105087523128347         -0.05437868341952729
5.107927193077366         -0.054365451140928826
5.115480569786429         -0.054327262689434705
5.119336986318267         -0.0543060887594527
5.146892615095374         -0.05412181055229801
5.1478600647495165        -0.05411428926690977
5.170109463534878         -0.05392163174163115
5.1955150739394735        -0.053683064821502154
5.20281314856051          -0.05360933809503929
5.203118353723415         -0.05360620433273908
5.2071992312598425        -0.05356391338378046
5.239221497098983         -0.05318124912163607
5.256356838293709         -0.0529518518840724
5.277037061872101         -0.052652130287602204
5.308663144379774         -0.05214539650027872
5.3314286189007865        -0.05175686193048843
5.345500595522403         -0.05150601678593446
5.370716164294713         -0.05103611511797561
5.371926582875689         -0.05101289943218669
5.379431930373958         -0.05086969354009839
5.396046286157081         -0.050547124288851664
5.401239373511584         -0.050444729093305156
5.404644294518068         -0.050375356105368696
5.429649000209449         -0.04985835497907414
5.454320652181235         -0.049335219446498206
5.463392836247642         -0.04913960134618161
5.469590237947077         -0.049004965103420714
5.479188639945928         -0.0487948326534909
5.504392331855335         -0.048233743619202414
5.504507091215574         -0.048231181669077625
5.531784618572993         -0.04761093973979821
5.537629371494            -0.047475117074126855
5.5448147896020235        -0.047303366802873836
5.568538985391143         -0.04673147855562734
5.584041304995245         -0.04635378900195823
5.598525134536989         -0.0459980598189476
5.607887931398754         -0.045771387691595694
5.6086516981249375        -0.04575232229573301
5.61566203228917          -0.04557722507195816
5.618546883364735         -0.04550511617291268
5.6235504848551985        -0.04537997303601715
5.668570087760454         -0.04425908492716911
5.6838580583756455        -0.043872096273293346
5.699150081783545         -0.04348178321142424
5.7221311304379086        -0.04288915589228118
5.734027175597575         -0.04257960577688355
5.745201416577965         -0.04228742067426705
5.7489482049230025        -0.0421891419520489
5.753331803695221         -0.04207396367693747
5.793117106174217         -0.0410464573939892
5.797176677222369         -0.04094102327244796
5.79754769299587          -0.040931381893854625
5.832220929134836         -0.04002271792033973
5.849955828943381         -0.039558552685983024
5.859618691556747         -0.039305824325552456
5.870709908889342         -0.03901588757664265
5.8854149936877125        -0.038631726956197085
5.904382873250569         -0.03813602592922492
5.922300823222429         -0.037669620187979785
5.970408044207104         -0.03642630840141245
5.991392402253268         -0.0358880491770326
6.0128131843881345        -0.03534545348052644
6.017162243573722         -0.03523457130635832
6.031594543276841         -0.034867448279700265
6.050075754610677         -0.03439921147614784
6.058256146716792         -0.034192628835914736
6.0867902297206085        -0.03347528570321186
6.103423012580653         -0.03305946257380474
6.1141167217045105        -0.03279302110715479
6.120523176783072         -0.03263373839660068
6.156418215867496         -0.0317459804770855
6.158520440547537         -0.03169413156928598
6.1652041925491226        -0.03152952184144518
6.167533399248667         -0.031472172075155076
6.17393937978518          -0.03131469380879287
6.189536061692271         -0.03093806428940259
6.197495991899965         -0.030746405997148524
6.213519141255233         -0.03036174710243721
6.241350368243937         -0.02969725378057794
6.264960236993892         -0.029137166527923055
6.269859210635266         -0.029021216057613736
6.285546719666563         -0.028651762035961145
6.309683365957329         -0.028088809021297317
6.31783989577832          -0.027900072656087606
6.337501855542679         -0.02744823003824873
6.353726664764032         -0.0270786977166547
6.383550352762774         -0.026407277684116142
6.420845330964056         -0.025576900975945956
6.427296139134605         -0.025434735839013633
6.439209543933266         -0.025173318191506346
6.443120605592428         -0.025087817990784557
6.445407829486394         -0.025037890195320305
6.468919805296661         -0.024527791776428255
6.502690858422081         -0.023805147814744184
6.531849107184917         -0.023190721650736372
6.5413169627617656        -0.02299164439325397
6.545098947638885         -0.022912641494333454
6.565035260283654         -0.02249789127399788
6.581567546911723         -0.022161035794947697
6.587457239624504         -0.022040928945917318
6.6097709191896215        -0.021588623843714246
6.625623989852542         -0.021268866355090513
6.636783054165724         -0.021045345531088458
6.651162309802491         -0.020759221255698995
6.682915312629936         -0.02013495958028709
6.682949166011821         -0.020134299588181435
6.686562218561006         -0.020063929064550373
6.71981924578622          -0.01942262557166167
6.723600017557651         -0.019350420019894697
6.744365396295983         -0.018956388773268662
6.745190362394154         -0.01894082375373398
6.7479774884426496        -0.018888198305573544
6.782886096175695         -0.018234040221023335
6.788155133796044         -0.01813610288639712
6.794727268805765         -0.018014326083510786
6.829807270545458         -0.017370514989149956
6.832018455393048         -0.017330283507381406
6.846206016564308         -0.017073133904664743
6.861085606000872         -0.016805275146433114
6.872276839754426         -0.016605050373773293
6.880800187958211         -0.01645326979227505
6.897246767327326         -0.016162529578104268
6.929131294335723         -0.015606638023197119
6.930775831165627         -0.015578113386972476
6.934623875997832         -0.015511442517451408
6.948723590908665         -0.015268035853709571
6.961987696480279         -0.015040321975501075
6.962074721538745         -0.015038832014785881
6.962988105586162         -0.015023197108192035
6.982301029517188         -0.014694980934029496
6.990921893418818         -0.014549268341340602
6.9916565446659344        -0.014536873746660427
7.021447678015429         -0.014037261158854503
7.055555029945819         -0.013472466231159112
7.058737671784345         -0.013420156046843816
7.079907250444694         -0.013073914763557157
7.0968197161514786        -0.012799429739176341
7.122540226883929         -0.012385014793262854
7.132429874279443         -0.012226726552846658
7.140441586724367         -0.012099148396496565
7.143595125826968         -0.012048887472292004
7.192350322028011         -0.011283741750135445
7.19569428411643          -0.01123167588339379
7.19805031739593          -0.011195032340260331
7.1989375007566725        -0.011181255108638072
7.202492121302209         -0.011126104283240875
7.207895381415133         -0.011042423168530735
7.238084042558777         -0.010578256913455123
7.247548571133411         -0.010433912047404991
7.253683526575711         -0.010340647148729096
7.278146875383372         -0.0099710979462537
7.279794285982162         -0.009946346687169347
7.2829092458219185        -0.009899511676824563
7.313036641250554         -0.00944878318236478
7.322516090362166         -0.009307807838540016
7.344120233856955         -0.008988028107140396
7.3822316811639705        -0.008429029040854873
7.389557335806685         -0.008322328668588681
7.402979667475241         -0.00812745463659111
7.408446181731748         -0.008048320482286112
7.430236167480517         -0.007734220737295334
7.433479548050819         -0.007687627239652574
7.457103758213773         -0.007349660272562878
7.470515113359727         -0.007158891567177103
7.472557101984385         -0.007129937359930243
7.475727831008036         -0.00708499865987815
7.477409707029815         -0.007061183885989714
7.478298283046883         -0.0070485937750734634
7.483146569169614         -0.006980018179969296
7.536638032657847         -0.006228349218876794
7.540515433847429         -0.006174214896910805
7.553724465515969         -0.005990153611762462
7.557555458244245         -0.005936873765596691
7.602784586374194         -0.005311351509506242
7.603422912977023         -0.005302569659348878
7.6158201321116294        -0.0051322688281212146
7.635509643391268         -0.004862839073977361
7.636741389902828         -0.004846025094649944
7.637731462171136         -0.0048325136064356075
7.665766433003258         -0.004451220366635654
7.668761884297404         -0.004410465888285232
7.668771431199495         -0.004410336041003526
7.692860486607443         -0.004084316633090022
7.713302695534753         -0.0038083718822067014
7.7201818708805225        -0.0037156598004955553
7.725918085547839         -0.0036384087562118753
7.751200454438711         -0.0032986729704414315
7.755259413217761         -0.0032442508276733094
7.7813076443299085        -0.0028957937008314066
7.791212902379145         -0.002763648362896151
7.808798350863745         -0.0025295323105034625
7.811174959207404         -0.002497940493029158
7.814443116395391         -0.0024543629764757205
7.829333946984698         -0.002256059748165798
7.835994151315424         -0.002167497966645988
7.837012105218829         -0.0021539693201766364
7.865522344498898         -0.0017763902505208587
7.865977816862362         -0.0017703618789978403
7.8837041660785605        -0.0015358373358739647
7.906644783005396         -0.0012323919068898852
7.92141723473018          -0.0010371222435197791
7.969117176435928         -4.073061717167521E-4
7.979207074188013         -2.742201896823347E-4
7.9866709912559815        -1.758019782067501E-4
7.994288602467112         -7.538438089573164E-5
7.997271320310335         -3.601322835324832E-5
8                         -3.605280422346973E-18
