0                         0
0.0027615722763762473     3.5736065200309275E-5
0.043796681297813625      5.676198521668324E-4
0.05425083213898127       7.033836989885006E-4
0.058932960249788544      7.642229129074163E-4
0.07806036535487954       0.001012983374280453
0.10615290631788403       0.001378981491026782
0.10850166427796254       0.0014096164261362472
0.11083174088615337       0.0014400129763896896
0.11149713634631198       0.0014486937383945896
0.15459891299247291       0.0020116970331028458
0.17566187983144543       0.0022870599319601
0.2083871208387155        0.002716038059882016
0.21536572057707778       0.002807652700117915
0.21556052842843748       0.0028102141356906693
0.21589696910969364       0.0028146379842503037
0.2190141129056291        0.0028556342758908563
0.22219511454058674       0.0028974872790041056
0.26399828871898073       0.0034488454007228844
0.2702111992004599        0.0035310081931246313
0.2862803343185902        0.003743776924901306
0.30976331373008104       0.00405539088641433
0.31124049179556934       0.004075019698077889
0.3236433623572866        0.004240215150479845
0.33103304954175206       0.004338848338619982
0.3546927793601499        0.004654820050592239
0.3682019051501838        0.004836020577181905
0.4024784646245903        0.005298350589753565
0.42814465076396374       0.005646957679414662
0.4542661190442705        0.006003872680970038
0.45683257970192165       0.006039055548401192
0.47392387970742894       0.006273882789358481
0.48975195504603436       0.006492172007415191
0.5238549318588728        0.006965168999826642
0.532688730468157         0.0070882807479100245
0.5451483627900934        0.007262039406340412
0.5621356201805321        0.007500318176745582
0.5764484943872881        0.0077020675385260345
0.5820304767889418        0.0077809856295555915
0.5822225630532081        0.007783703706814399
0.5859553749362733        0.007836555280677369
0.5861853381916196        0.007839814117628028
0.5862040478608418        0.00784007926451561
0.5867489267242314        0.007847801751575189
0.6204682733310738        0.008328163131427924
0.6229566417157119        0.008363804100255588
0.6295151578976429        0.008457868349501319
0.6330591550869847        0.008508773740503255
0.6565239883066706        0.008847169277046473
0.6591982608026409        0.008885884970647118
0.662489886358713         0.008933548978859687
0.6901701193869234        0.009336926302825715
0.6959462847930922        0.009421452746190172
0.7006967535618848        0.009491110749754023
0.7106648735674993        0.009637889623350939
0.7124252743197934        0.009663867119776104
0.7190520986091168        0.009761775530551272
0.7302322490193247        0.009927473838640781
0.7446669716783321        0.010142366645339743
0.7589710370108537        0.010356380845910673
0.7956005232788121        0.010909263289504346
0.807790539146123         0.01109480234898743
0.8101691152960809        0.011131095550475787
0.8213850173634707        0.011302627547088075
0.8306595875772076        0.011444962552481567
0.8343463407964764        0.011501666404015086
0.8721489479485075        0.012087155876314502
0.8833934032410288        0.012263258969996332
0.8990177799713721        0.012508530203285783
0.9361132889059554        0.013097976604116697
0.938569520176841         0.013137359806281687
0.948042735835344         0.013289664838690962
0.9547914481956237        0.013398606884916722
0.9559356862741173        0.013417110008791115
0.9773349466060102        0.013764865442786515
0.9817961127600954        0.013837773058215205
1.0292758840650122        0.01462248683644978
1.0430488908962658        0.014853116197850853
1.072699521452131         0.015354192810108122
1.0867851607422854        0.015593581784654042
1.1020739436163132        0.01585477911245681
1.1096056712174023        0.015985101712207773
1.1184587095903271        0.016138804320168957
1.141574365892105         0.01654188948080685
1.1482758463461056        0.016659097061761528
1.1767653467365573        0.0171617926482977
1.1807843472695396        0.01723328365270874
1.1825677178266645        0.017265052319833434
1.1933932235862552        0.01745849782611009
1.2057855334527499        0.017681209624611834
1.2177218432523869        0.017897006482261838
1.2266001762656324        0.018058332777564225
1.2294748715481636        0.018110717198146185
1.2385106008264046        0.01827584610872384
1.2430967916601723        0.01836015528141224
1.286036961885986         0.01915775840574254
1.2941279754455892        0.019309710576835018
1.3092579753169298        0.019595273015300778
1.3137600180840585        0.01968060032635243
1.3213831733858674        0.019825486291517615
1.347773362228897         0.020330643325029953
1.3511221537207019        0.02039514304606664
1.3572268205104323        0.020512953002972373
1.3614806107984063        0.020595220049694128
1.384272525772909         0.021038470298854525
1.4091954683028334        0.021529808297959245
1.4144380959372427        0.02163399036573591
1.4265701438552636        0.02187417385976712
1.453164562917176         0.02240721151027741
1.4614661827492705        0.022575216011718205
1.4886393439458945        0.023130502867381594
1.4934422688403655        0.02322954067298018
1.4986468588767123        0.023337055872113557
1.501303187126447         0.023392007827385177
1.5386742004626215        0.0241707073265094
1.5411695059507717        0.02422307429527854
1.5422273766272998        0.02424528904378047
1.5575855124053106        0.024568745699180418
1.5776293461093465        0.02499345704188445
1.5851894719584223        0.025154407860299304
1.5900399181907992        0.025257889874157946
1.6034968929527755        0.025547847399967693
1.613399856174855         0.025762283849919042
1.6313204908677728        0.026152395314884672
1.6528883710692228        0.02662542557532423
1.671310668276612         0.027032513365526405
1.6873931279424137        0.027390191562122572
1.7022798491856692        0.02772318299253579
1.7193167613918052        0.02810652009052856
1.720520421907117         0.028133818509852197
1.7501204546192795        0.02880841841101042
1.7624702294602672        0.029092485864110444
1.7717677767587485        0.02930497703242193
1.7885970570314835        0.029693312748968876
1.8036121944990302        0.030041744369862858
1.8318441560042902        0.030701874959055766
1.8344084129116418        0.03076215665521661
1.8394174326555905        0.0308800662098652
1.8520659214607027        0.0311787188670777
1.8673010074047869        0.03154018446473658
1.8802197687917999        0.03184818208399984
1.89540520342773          0.032210104924438016
1.9016853264364315        0.0323602244518468
1.9170472788740156        0.032728525068620604
1.933858022470566         0.033133333127811734
1.947025237309613         0.03345169775577558
1.9517708651893324        0.03356671897738396
1.9702685960121458        0.03401646344923704
1.9852598860168957        0.034382599777442964
1.9874962761493304        0.03443734603128376
2.031032513137112         0.03550963412566654
2.035796817842773         0.03562817044078363
2.0387635036919614        0.03570121756234589
2.0407353300707833        0.03574967912738827
2.041709507271471         0.03577444536418476
2.0461332856316337        0.03588435739911376
2.0484776563932012        0.03594258080398053
2.079280828512035         0.03670000142098718
2.0995696566561777        0.03720094211492054
2.1065804162152166        0.03737442099350515
2.10850219021834          0.03742200871957408
2.1189163973674323        0.03768014445252995
2.131680745168224         0.03799712016127599
2.138804671959905         0.038174309143730975
2.1482892610850093        0.038410526111546155
2.1585519662228294        0.038666524632297423
2.161551788392752         0.03874081930133271
2.171350498224636         0.03898354533047289
2.2120810186047426        0.04000303809237258
2.219564925040777         0.04018894504732935
2.2443895510124325        0.04080246212748652
2.247310902536482         0.04087434232606965
2.2521671251202777        0.04099368196783583
2.2819357099880957        0.04172118575419899
2.2941014768036405        0.04201649762075859
2.3232713068483273        0.04271983227533145
2.3452340577416027        0.04324498282845847
2.3818610868150305        0.044110217121154774
2.402589139104217         0.044584111786568674
2.4042659340857275        0.04462218214006283
2.410736185926971         0.044769600369271315
2.4157280699279227        0.04488503917509124
2.4172734672905647        0.04492059198238585
2.439145202363275         0.04541845497696404
2.4401368839128157        0.04544079342558676
2.459351631931191         0.045869596525203525
2.4687424759665224        0.04607638108078728
2.4897171427200355        0.0465316364859207
2.521122410817539         0.047196234809866525
2.5249075847137314        0.047274955789499154
2.5274013819976444        0.04732665743669865
2.530296901749753         0.04738652586078233
2.533055913212589         0.04744341007720161
2.540289083076795         0.04759179147651155
2.5689600162384236        0.04814826520649509
2.5773779992703916        0.048306646337450444
2.582753610092955         0.04840659812487982
2.5867360451018975        0.04848004856757021
2.595638880499724         0.0486424105408737
2.5960110930799924        0.04864914329737141
2.598393861708342         0.04869213873975439
2.6013814730101696        0.048745791034856746
2.602529175826508         0.04876612644722498
2.6121947016920744        0.04893610980014994
2.6324552804891623        0.04928503336958023
2.642930361721568         0.04946150879858587
2.651681181544142         0.04960688463578608
2.667817807854628         0.04988119937941416
2.6839326249024476        0.05014006510540858
2.704272505690062         0.050445289641726225
2.7233115290419105        0.0507092419333015
2.737242608951031         0.0508890535089928
2.761747702156634         0.05117802040901805
2.7912949428545835        0.05148010998014529
2.794941876539678         0.05151388395620301
2.7999803975310438        0.05155927569995517
2.8227313390811632        0.0517515218433183
2.847823647901381         0.05193259478189515
2.856369444984529         0.05199147721085279
2.8593309905872824        0.05201114652382455
2.8830134156732523        0.05213046018683749
2.8908189781919975        0.0521549661624354
2.891418780021247         0.05215788038018114
2.9085581113583334        0.05222903777920383
2.927753019211566         0.05225071960219676
2.9287994612670816        0.05225112231665594
2.934338909608119         0.05225191187417741
2.9555587776522736        0.05223404485280648
2.9770129064556543        0.05218229628730514
2.978671942146769         0.05217688379020917
2.993600347320913         0.052119070248316655
3.0068322099258915        0.05205694564899084
3.0123571175107355        0.052027069586178754
3.0260901978603814        0.051942762105175504
3.035073815697708         0.051887140497482775
3.049456265775636         0.051780521362441684
3.0585368196742193        0.05170206626312444
3.078112920856861         0.05150359957895714
3.0870137502995174        0.051400108506378425
3.096778833740986         0.051277038452901644
3.126678479353995         0.05083820317229389
3.130358944689469         0.0507783468211967
3.13456877568386          0.05070851832317983
3.1638676147133777        0.0501822549125635
3.165651754775342         0.05014793286918836
3.202441621116318         0.04935505799302884
3.205087124834217         0.04929081208945773
3.219229508914995         0.04893811640557683
3.2333528385441377        0.0485684359217899
3.274413175664092         0.04736993719426979
3.3151117963359207        0.0460002844453703
3.38386324552891          0.04327562581053472
3.394980414059481         0.04278727072035903
3.399692169292124         0.04257634665871427
3.4083926282522166        0.04218069226117375
3.4133627854196638        0.041951078896285264
3.416848685980749         0.04178847624266006
3.431792342710318         0.04107684598239085
3.4908615428805754        0.03801454657404893
3.5084323365102037        0.037041301499596724
3.517314340017545         0.03652962999104751
3.517698412562106         0.03650768663256034
3.5493651705584846        0.03465061761797819
3.55740294995515          0.03416018379183608
3.585628652313879         0.0323924650702777
3.6057544265025285        0.03108877414358198
3.616101636651547         0.03040449562907949
3.6372530859292564        0.02897610032823339
3.6453103623900884        0.02842151711839381
3.668172990540529         0.02681645810536453
3.6862729553674125        0.02551280355988871
3.7064087223280984        0.02402829788293011
3.725141001300028         0.022614900952063345
3.7324076990490505        0.022058212867688824
3.7507173287671787        0.02063473106023696
3.7632664206799844        0.01965656997803884
3.797076662204325         0.01697728192055508
3.7987069242014457        0.016847077421340003
3.812361337610447         0.015752872373827505
3.8280888717067354        0.014478957148698518
3.8308941134657077        0.014250214129914056
3.859859129023818         0.011861445087682082
3.8899004418909016        0.009332048462381042
3.892911322733487         0.009075628809265913
3.900312338341318         0.008443071645053382
3.9132984879761623        0.007329853960514293
3.9206396807728754        0.006724833143115726
3.9312667729772266        0.005842418994384963
3.9550036576589354        0.0038620931438023216
3.96118146612637          0.003326414194438383
3.9752762392589633        0.0021063555422638994
3.983821385606378         0.001359478664807427
4.028140190555647         -0.002479834372637053
4.039870025385396         -0.0034863549826052815
4.076690130948194         -0.006619656441618882
4.083792340856099         -0.0072194687340203754
4.146068826713758         -0.012415709935689563
4.163143477154607         -0.013833934663561767
4.166714584089989         -0.014130175722461445
4.174484243602722         -0.014774258239017249
4.177769300039573         -0.015041528609391177
4.180823044115346         -0.015289407056895923
4.222645499248414         -0.018628711923322164
4.2392839457173075        -0.019925663692175247
4.2418212481602176        -0.020122152751043072
4.291773856957757         -0.023920898292732813
4.293942378750346         -0.024082807994884988
4.299224371848863         -0.02447613626190995
4.306066442660261         -0.0249834353896023
4.307083920512391         -0.025058663112436024
4.311152028114361         -0.025358619098222016
4.31680361591224          -0.02577356084660009
4.341710233166397         -0.02757769236616548
4.350727561617822         -0.028214815864704104
4.366158516686308         -0.0292813032311501
4.370901237552174         -0.02960572219062192
4.374765710471078         -0.02986309947046816
4.41889418711947          -0.03279681505428742
4.428081372137217         -0.03338015789665924
4.445067826185188         -0.03443381767528536
4.454039640238554         -0.03497729081274367
4.4658938194256645        -0.035681538678315056
4.491958704676188         -0.03717468073746675
4.524041934670014         -0.03891206826588429
4.53279294182192          -0.03936824606881181
4.560499254620316         -0.04076247306223492
4.563350155506824         -0.04090161726476746
4.600957383147076         -0.04266170447519634
4.607686808689893         -0.04296186601207848
4.607836226864295         -0.04296851118684485
4.60989088442468          -0.04305970404791529
4.6128975821927085        -0.04319252907598582
4.64257465830123          -0.0444638657797659
4.657697088104879         -0.04506040661734904
4.664437552734073         -0.04531993939567032
4.6667279225872145        -0.04540717975800766
4.681318109221976         -0.045962585195438076
4.685594361592212         -0.04612047872454061
4.687963262795145         -0.046206862765883455
4.718309899131903         -0.047252322066413124
4.71874905003531          -0.047266618259195405
4.733957157185583         -0.04774704682749019
4.735563237213224         -0.047796119855390035
4.736605509855204         -0.04782779597535087
4.7382897455720085        -0.04787869937530972
4.775635028300631         -0.04891761571314307
4.789769247715025         -0.04926599679755575
4.813255116852299         -0.04979052797698995
4.813803375243468         -0.04980223429691332
4.814223538959137         -0.04981118893465298
4.830825321728463         -0.050153463121321136
4.844135304780888         -0.05041160314785262
4.857281984264295         -0.05065690622453372
4.878850901906677         -0.05102017309428058
4.910285211396863         -0.051462400321394465
4.921440245445706         -0.05159446973311874
4.931457626393758         -0.05170197042215244
4.93395795274424          -0.05172716451116973
4.94725794182496          -0.05185096745740083
4.977450215149472         -0.05207825976893084
5.012677062809767         -0.05224911900322601
5.026026139341192         -0.05228732166029364
5.034814576847879         -0.05230450859213376
5.035329587032607         -0.05230531962867188
5.068188234182143         -0.05231217590870548
5.0848561066865425        -0.052290746536728196
5.096765045410046         -0.05226305585898986
5.098011164670404         -0.05225956206516747
5.1158947673958455        -0.052196976307813475
5.129266125149289         -0.05213677536175388
5.144943841939634         -0.05205010929649686
5.164394912133274         -0.05192878105090415
5.174594813612474         -0.0518561983239766
5.176830820545226         -0.05183946307338913
5.1943977556629335        -0.05168678212420377
5.209942646041807         -0.051537411578760906
5.210725053968087         -0.05152953942529505
5.227152183972769         -0.05135642447751814
5.23945286310483          -0.05121700287338421
5.2636587124075875        -0.05091815415965718
5.27280170351609          -0.05079682390257552
5.2729016931820505        -0.05079547139788152
5.283225531557935         -0.050652844361444245
5.284809319902253         -0.05063050527376466
5.285572872808464         -0.05061926108973518
5.297821744288216         -0.05043911567869048
5.300522904291502         -0.050398760184385036
5.366911167546439         -0.04933544311670091
5.386270384595482         -0.04899950655025677
5.387220319070716         -0.04898272190794356
5.389493420009519         -0.04894244372768096
5.43192361987157          -0.0481610460940218
5.442258913200898         -0.04796188795012107
5.442856874926018         -0.047950228416223574
5.4786027816112215        -0.04722600551164991
5.496963620545012         -0.04683777930550614
5.519289090368293         -0.046356828062287074
5.521127063731595         -0.046316798176329894
5.540959198840172         -0.04588065802009357
5.558718292786274         -0.04548356929394408
5.563589110048582         -0.045374249560027224
5.59134650905003          -0.04474511403886511
5.6157369932491505        -0.04418364945737658
5.619425662037585         -0.044098033233114585
5.631201044022348         -0.04382348229630244
5.668629227699295         -0.04293830648060523
5.6801330312888965        -0.04266241714967245
5.6866979429286735        -0.04250416857119289
5.689457263572983         -0.042440503160913946
5.692510253196193         -0.042369984165672794
5.696629337720415         -0.04227446829242759
5.743692283337879         -0.04112049153450836
5.757860207815732         -0.040770531897593575
5.765574088106911         -0.04057949366605754
5.768252556341905         -0.040513352481892806
5.771087775998786         -0.04044339123609399
5.77576106737984          -0.040328187957824495
5.776935286208795         -0.04029940948129224
5.778581110111791         -0.040259070718033946
5.780109749722685         -0.04022160212837367
5.782933879283151         -0.04015237466452621
5.792054437695598         -0.039928759192759344
5.816486843783837         -0.0393292624224752
5.838399942328638         -0.03879112733108016
5.844455559803093         -0.03864233956279401
5.855345597184123         -0.03837468652450359
5.868876106705598         -0.03803525584189769
5.870262899014013         -0.03800050754850216
5.87107409763998          -0.037980185225783995
5.881548206841456         -0.03771802111816567
5.916112444829154         -0.036856744867366675
5.920328940019166         -0.03675190758895808
5.954401813241602         -0.035906567364611584
5.970549153696909         -0.03550709567653057
5.981348016196216         -0.03524034998381566
5.999024310901287         -0.03480443061916125
6.036115708503757         -0.03389756383941762
6.038407788332756         -0.033841229372507574
6.0454522193274745        -0.03366814531034127
6.098472613605112         -0.03238466973401853
6.112577698614339         -0.03204681754406489
6.113611632461338         -0.032022111624727886
6.118317591529845         -0.031909764904878
6.1198862993722845        -0.031872352037461665
6.133619951226839         -0.03154560897613668
6.189400788274443         -0.030233216485346714
6.196178671791808         -0.030075357606372685
6.218915557992878         -0.02954835518004551
6.2217876831262044        -0.02948206327564178
6.236565104773748         -0.02914197324410859
6.272660135963172         -0.02831771344384918
6.279246796124968         -0.028168731240713205
6.292598194272559         -0.027863516907555543
6.308519838752504         -0.0275056933662627
6.325636382630729         -0.027121494717553086
6.327919701638912         -0.027070885335954104
6.361124181775917         -0.026339971870816298
6.402970279865863         -0.02543231618497993
6.412966781673345         -0.02521771339769781
6.422707254207882         -0.025009432241928073
6.430985590989425         -0.024833056344797502
6.4357560569853245        -0.024731685360404983
6.44956043141646          -0.024439447200429468
6.480395734392573         -0.02379257355937776
6.500847000202933         -0.023368042282569678
6.51384885855918          -0.023100038441745536
6.524975372615796         -0.02287188154953405
6.53527567586074          -0.02266164577580444
6.575016203857756         -0.021862888236060224
6.581277720777018         -0.021738771764553085
6.586782685084927         -0.021630042091805957
6.595820640048051         -0.02145166607349349
6.606293939972307         -0.021245763138797502
6.614140799690411         -0.021092059339738185
6.649182205835432         -0.020411565202900505
6.672819186597722         -0.019957981963730286
6.675046455882758         -0.019915467600820396
6.678138095104702         -0.019856518548248787
6.711581726585937         -0.01922363311758889
6.75205404165802          -0.01846947113103862
6.760442893334818         -0.01831525669735136
6.76158897200558          -0.018294239431637237
6.769509429221049         -0.01815069586999251
6.802193975486227         -0.017558108365820325
6.80849009953463          -0.01744494666595981
6.809882814068493         -0.01741995732850163
6.820299230921343         -0.01723354187195096
6.824240143950694         -0.017163237270059334
6.838944324817117         -0.01690200104467876
6.863918348016396         -0.0164622187633933
6.875000011019149         -0.016268651480838718
6.87757189582699          -0.016223865999209115
6.890847467857049         -0.0159935219659779
6.912742330290175         -0.015616662740242792
6.919346596498163         -0.015503731155298961
6.939786719220894         -0.015156540342818754
6.972065499595918         -0.014616427060619053
6.980444453064735         -0.014477226449192415
6.993127364702876         -0.01426730968482047
7.030703511059884         -0.013650493684275067
7.037239615472254         -0.013544175123446998
7.046124876149532         -0.013400106400989127
7.08425367863583          -0.012787917216224283
7.090132903063939         -0.012694393886092028
7.0951904426925285        -0.012614127960245218
7.097054931295571         -0.012584531490652287
7.098629380596723         -0.01255955728399187
7.105903190189472         -0.012444395640836069
7.1095648821692485        -0.012386557308640737
7.124130186167397         -0.012157385327008776
7.128662304595549         -0.012086368162203142
7.136271989575415         -0.011967437637878515
7.144210746054839         -0.0118437800432513
7.144670697523223         -0.011836628651999179
7.146900270217043         -0.011801983142797224
7.186673950463266         -0.01119061416226432
7.188254593941268         -0.011166451867482559
7.201829841051297         -0.010959481643264275
7.207392416934138         -0.01087495628342232
7.219066600266509         -0.010698096807854041
7.249100187313498         -0.01024642332288082
7.250132945532919         -0.01023097686740145
7.257843507278382         -0.010115832694382423
7.265398460564062         -0.010003193225622223
7.29558309546775          -0.009557424583496952
7.297374143007689         -0.009531089097203628
7.297950392993982         -0.009522618802662263
7.3229347531282984        -0.009156713013222498
7.326219179227443         -0.00910880599527803
7.343052441841868         -0.00886398421037999
7.350016311395949         -0.008763049689716744
7.376381883605014         -0.008382749043250416
7.3860843174330055        -0.008243533624026581
7.418728739577133         -0.007778033776786112
7.419002397706993         -0.00777416272566816
7.435605920229788         -0.007540024392650061
7.447868716829865         -0.007367940626202781
7.464803687109167         -0.0071304870546491485
7.46556957482025          -0.007119778462973631
7.511133739965359         -0.006487755221942877
7.55266070562239          -0.005916686791830046
7.5583691390157535        -0.005838555237215676
7.565694226874771         -0.005738427259469275
7.589031962514753         -0.00542039977647388
7.626384273490287         -0.0049144987195751215
7.630526149318882         -0.004858645844118199
7.651859204721254         -0.004571733215205983
7.664660113994743         -0.0044001838012577375
7.66644274299401          -0.0043762729323526305
7.669650548652854         -0.0043332863902993
7.706739081749996         -0.003839168652819806
7.720720772935536         -0.00365411970797247
7.732627264781323         -0.003496532276932821
7.732793469241928         -0.003494333778966393
7.749595195928497         -0.003272269065670338
7.764750431178866         -0.0030722765554925245
7.791752382305608         -0.0027166823442991987
7.79222210805045          -0.0027105047133640352
7.801204164108976         -0.00259243749511713
7.801479822909194         -0.002588820235201965
7.8124072323620295        -0.0024454946627373493
7.818676937801255         -0.0023633187966318964
7.824312327359028         -0.0022894932221090617
7.87411569552307          -0.001638550970179421
7.882184917947484         -0.0015333378338091856
7.888371120673879         -0.001452488685680321
7.903784917427062         -0.0012511420863000689
7.908251007487854         -0.001192829450300917
7.921445329511387         -0.0010208106479901889
7.94870049337958          -6.659857531512675E-4
7.95239207703993          -6.179792214479013E-4
7.960855287770126         -5.079684994150633E-4
7.976742619422128         -3.0163277172491035E-4
7.997713908740572         -2.962691415847541E-5
8                         1.9470479504347395E-17
