0                         0
0.0027615722763762473     2.6802048901847095E-5
0.043796681297813625      4.257148891506742E-4
0.05425083213898127       5.275377742730035E-4
0.058932960249788544      5.731671847149097E-4
0.07806036535487954       7.597375307557809E-4
0.10615290631788403       0.001034236118331773
0.10850166427796254       0.0010572123196652275
0.11083174088615337       0.0010800097323566539
0.11149713634631198       0.0010865203038607305
0.15459891299247291       0.001508772774918113
0.17566187983144543       0.0017152949490740967
0.2083871208387155        0.002037028545036139
0.21536572057707778       0.002105739525217554
0.21556052842843748       0.002107660601897247
0.21589696910969364       0.002110978488317194
0.2190141129056291        0.0021417257070496503
0.22219511454058674       0.0021731154593866734
0.26399828871898073       0.0025866340507035485
0.2702111992004599        0.002648256145009021
0.2862803343185902        0.0028078326938523342
0.30976331373008104       0.003041543165002995
0.31124049179556934       0.003056264773751669
0.3236433623572866        0.00318016136306138
0.33103304954175206       0.0032541362541713766
0.3546927793601499        0.0034911150381663715
0.3682019051501838        0.0036270154331175977
0.4024784646245903        0.0039737629425689695
0.42814465076396374       0.004235218259831595
0.4542661190442705        0.004502904511015104
0.45683257970192165       0.004529291661590131
0.47392387970742894       0.004705412092319129
0.48975195504603436       0.00486912900587183
0.5238549318588728        0.005223876750202175
0.532688730468157         0.0053162105612702855
0.5451483627900934        0.005446529555100985
0.5621356201805321        0.005625238632915399
0.5764484943872881        0.005776550654259638
0.5820304767889418        0.0058357392225352606
0.5822225630532081        0.0058377777804794855
0.5859553749362733        0.005877416460879017
0.5861853381916196        0.005879860588592154
0.5862040478608418        0.005880059448757854
0.5867489267242314        0.005885851314052872
0.6204682733310738        0.006246122348963068
0.6229566417157119        0.006272853075585326
0.6295151578976429        0.006343401262523599
0.6330591550869847        0.006381580305777194
0.6565239883066706        0.006635376958198708
0.6591982608026409        0.006664413728400788
0.662489886358713         0.00670016173456219
0.6901701193869234        0.007002694727553204
0.6959462847930922        0.007066089560079979
0.7006967535618848        0.007118333062755687
0.7106648735674993        0.007228417217959256
0.7124252743197934        0.007247900340279166
0.7190520986091168        0.007321331648364468
0.7302322490193247        0.007445605379438163
0.7446669716783321        0.007606774984470746
0.7589710370108537        0.0077672856349071005
0.7956005232788121        0.008181947467622675
0.807790539146123         0.008321101762241566
0.8101691152960809        0.008348321663359106
0.8213850173634707        0.008476970660824278
0.8306595875772076        0.008583721914874264
0.8343463407964764        0.008626249803526323
0.8721489479485075        0.009065366907770087
0.8833934032410288        0.009197444228036786
0.8990177799713721        0.009381397653011358
0.9361132889059554        0.009823482453651541
0.938569520176841         0.009853019855276372
0.948042735835344         0.009967248629587477
0.9547914481956237        0.0100489551642597
0.9559356862741173        0.010062832507165985
0.9773349466060102        0.010323649082671488
0.9817961127600954        0.010378329794244825
1.0292758840650122        0.01096686512793918
1.0430488908962658        0.011139837148995002
1.072699521452131         0.011515644608198252
1.0867851607422854        0.011695186339112252
1.1020739436163132        0.011891084334969118
1.1096056712174023        0.011988826284784534
1.1184587095903271        0.012104103240757943
1.141574365892105         0.012406417111242385
1.1482758463461056        0.012494322796960135
1.1767653467365573        0.012871344486869326
1.1807843472695396        0.012924962740178559
1.1825677178266645        0.012948789240522502
1.1933932235862552        0.0130938733702325
1.2057855334527499        0.013260907219111587
1.2177218432523869        0.013422754862351675
1.2266001762656324        0.013543749583830329
1.2294748715481636        0.013583037899267392
1.2385106008264046        0.013706884582202464
1.2430967916601723        0.013770116461719632
1.286036961885986         0.014368318804974597
1.2941279754455892        0.01448228293329514
1.3092579753169298        0.01469645476214652
1.3137600180840585        0.014760450245435836
1.3213831733858674        0.014869114719310697
1.347773362228897         0.015247982494447854
1.3511221537207019        0.015296357285225687
1.3572268205104323        0.015384714752905536
1.3614806107984063        0.015446415037947213
1.384272525772909         0.015778852724819128
1.4091954683028334        0.016147356224148608
1.4144380959372427        0.016225492774981226
1.4265701438552636        0.016405630395504765
1.453164562917176         0.0168054086333865
1.4614661827492705        0.016931412009466646
1.4886393439458945        0.017347877151212228
1.4934422688403655        0.01742215550541078
1.4986468588767123        0.01750279190476038
1.501303187126447         0.01754400587121386
1.5386742004626215        0.018128030495553314
1.5411695059507717        0.018167305722129875
1.5422273766272998        0.018183966783506204
1.5575855124053106        0.018426559275054325
1.5776293461093465        0.018745092782079864
1.5851894719584223        0.018865805895890004
1.5900399181907992        0.018943417406283313
1.6034968929527755        0.019160885550638645
1.613399856174855         0.019321712888100445
1.6313204908677728        0.019614296486821323
1.6528883710692228        0.019969069182146564
1.671310668276612         0.020274385024794055
1.6873931279424137        0.0205426436722373
1.7022798491856692        0.020792387245043398
1.7193167613918052        0.02107989006853334
1.720520421907117         0.021100363883025778
1.7501204546192795        0.02160631380888659
1.7624702294602672        0.021819364398708255
1.7717677767587485        0.021978732774939017
1.7885970570314835        0.02226998456234403
1.8036121944990302        0.022531308278009574
1.8318441560042902        0.023026406219894203
1.8344084129116418        0.023071617492013877
1.8394174326555905        0.023160049657998415
1.8520659214607027        0.02338403915090284
1.8673010074047869        0.023655138349140795
1.8802197687917999        0.023886136563582742
1.89540520342773          0.024157578693904707
1.9016853264364315        0.024270168339458442
1.9170472788740156        0.02454639380203163
1.933858022470566         0.024849999846416775
1.947025237309613         0.025088773317382986
1.9517708651893324        0.025175039233586806
1.9702685960121458        0.025512347587466747
1.9852598860168957        0.025786949833612856
1.9874962761493304        0.025828009523992182
2.031032513137112         0.026632225594753294
2.035796817842773         0.026721127831088258
2.0387635036919614        0.02677591317225814
2.0407353300707833        0.02681225934603873
2.041709507271471         0.026830834023635574
2.0461332856316337        0.026913268049829648
2.0484776563932012        0.0269569356034783
2.079280828512035         0.027525001066214704
2.0995696566561777        0.027900706586652325
2.1065804162152166        0.028030815745586475
2.10850219021834          0.028066506540136982
2.1189163973674323        0.028260108339847448
2.131680745168224         0.02849784012139903
2.138804671959905         0.028630731858235815
2.1482892610850093        0.02880789458409125
2.1585519662228294        0.02899989347464823
2.161551788392752         0.029055614476422915
2.171350498224636         0.02923765899827223
2.2120810186047426        0.03000227856967564
2.219564925040777         0.030141708785889197
2.2443895510124325        0.030601846595993458
2.247310902536482         0.030655756744929184
2.2521671251202777        0.030745261476251087
2.2819357099880957        0.031290889316006515
2.2941014768036405        0.03151237321591914
2.3232713068483273        0.03203987420683145
2.3452340577416027        0.03243373712166333
2.3818610868150305        0.0330826628411635
2.402589139104217         0.033438083840210145
2.4042659340857275        0.03346663660532962
2.410736185926971         0.033577200277231885
2.4157280699279227        0.03366377938159365
2.4172734672905647        0.033690443987063716
2.439145202363275         0.03406384123298457
2.4401368839128157        0.03408059506945101
2.459351631931191         0.034402197394151936
2.4687424759665224        0.034557285810833935
2.4897171427200355        0.034898727364670666
2.521122410817539         0.0353971761076093
2.5249075847137314        0.0354562168423312
2.5274013819976444        0.03549499307772913
2.530296901749753         0.03553989439578991
2.533055913212589         0.03558255755810246
2.540289083076795         0.03569384360757992
2.5689600162384236        0.03611119890504837
2.5773779992703916        0.036229984753259156
2.582753610092955         0.036304948593827484
2.5867360451018975        0.03636003642584254
2.595638880499724         0.03648180790581397
2.5960110930799924        0.036486857473187
2.598393861708342         0.03651910405497257
2.6013814730101696        0.03655934327629726
2.602529175826508         0.03657459483557264
2.6121947016920744        0.03670208235025969
2.6324552804891623        0.03696377502731828
2.642930361721568         0.03709613159906511
2.651681181544142         0.037205163476959034
2.667817807854628         0.03741089953466866
2.6839326249024476        0.037605048829152984
2.704272505690062         0.03783396723137663
2.7233115290419105        0.03803193145004434
2.737242608951031         0.03816679013180272
2.761747702156634         0.038383515306803756
2.7912949428545835        0.038610082485127414
2.794941876539678         0.038635412967168
2.7999803975310438        0.03866945677497839
2.8227313390811632        0.03881364138248377
2.847823647901381         0.03894944608639743
2.856369444984529         0.03899360790810932
2.8593309905872824        0.03900835989283594
2.8830134156732523        0.039097845140078795
2.8908189781919975        0.039116224621771715
2.891418780021247         0.0391184102850806
2.9085581113583334        0.039171778334335744
2.927753019211566         0.03918803970156731
2.9287994612670816        0.03918834173741098
2.934338909608119         0.039188933905548284
2.9555587776522736        0.039175533639505496
2.9770129064556543        0.039136722215364655
2.978671942146769         0.03913266284254152
2.993600347320913         0.03908930268611177
3.0068322099258915        0.039042709236608325
3.0123571175107355        0.03902030218949546
3.0260901978603814        0.03895707157873352
3.035073815697708         0.03891535537295788
3.049456265775636         0.038835391021667276
3.0585368196742193        0.03877654969717316
3.078112920856861         0.038627699684034296
3.0870137502995174        0.03855008137959415
3.096778833740986         0.03845777883947985
3.126678479353995         0.03812865237900342
3.130358944689469         0.038083760115678045
3.13456877568386          0.03803138874216253
3.1638676147133777        0.037636691184180476
3.165651754775342         0.037610949651647914
3.202441621116318         0.03701629349450308
3.205087124834217         0.03696810906682293
3.219229508914995         0.03670358730390247
3.2333528385441377        0.03642632694105312
3.274413175664092         0.03552745289538607
3.3151117963359207        0.0345002133336841
3.38386324552891          0.03245671935750985
3.394980414059481         0.03209045303987046
3.399692169292124         0.03193225999363364
3.4083926282522166        0.03163551919547226
3.4133627854196638        0.03146330917180244
3.416848685980749         0.03134135718158113
3.431792342710318         0.030807634486368855
3.4908615428805754        0.02851090993007184
3.5084323365102037        0.0277809761242204
3.517314340017545         0.027397222492801826
3.517698412562106         0.027380764973936222
3.5493651705584846        0.025987963212979814
3.55740294995515          0.025620137843368047
3.585628652313879         0.024294348802180912
3.6057544265025285        0.023316580607145924
3.616101636651547         0.02280337172126223
3.6372530859292564        0.021732075245613613
3.6453103623900884        0.021316137838228544
3.668172990540529         0.02011234357844124
3.6862729553674125        0.01913460266932213
3.7064087223280984        0.01802122341158946
3.725141001300028         0.01696117571342653
3.7324076990490505        0.016543659650140628
3.7507173287671787        0.015476048294539045
3.7632664206799844        0.01474242748288178
3.797076662204325         0.012732961439747417
3.7987069242014457        0.012635308065335072
3.812361337610447         0.011814654279692072
3.8280888717067354        0.010859217860835312
3.8308941134657077        0.010687660596745172
3.859859129023818         0.008896083815052634
3.8899004418909016        0.006999036346057479
3.892911322733487         0.006806721606219185
3.900312338341318         0.0063323037330549874
3.9132984879761623        0.005497390469642364
3.9206396807728754        0.005043624856588914
3.9312667729772266        0.0043818142450343465
3.9550036576589354        0.0028965698570828026
3.96118146612637          0.002494810645055949
3.9752762392589633        0.0015797666559162122
3.983821385606378         0.0010196089978185803
4.028140190555647         -0.0018598757802922084
4.039870025385396         -0.0026147662377756565
4.076690130948194         -0.004964742332058743
4.083792340856099         -0.005414601551364286
4.146068826713758         -0.009311782452655057
4.163143477154607         -0.010375450998569952
4.166714584089989         -0.010597631792746962
4.174484243602722         -0.011080693680168724
4.177769300039573         -0.011281146457951172
4.180823044115346         -0.011467055293581599
4.222645499248414         -0.01397153394342683
4.2392839457173075        -0.014944247770076781
4.2418212481602176        -0.015091614564229193
4.291773856957757         -0.017940673720526976
4.293942378750346         -0.01806210599714243
4.299224371848863         -0.018357102197414377
4.306066442660261         -0.01873757654318781
4.307083920512391         -0.018793997335313728
4.311152028114361         -0.019018964324655694
4.31680361591224          -0.019330170635942688
4.341710233166397         -0.020683269275632056
4.350727561617822         -0.02116111189954122
4.366158516686308         -0.02196097742438447
4.370901237552174         -0.022204291643990917
4.374765710471078         -0.02239732460387768
4.41889418711947          -0.024597611291765412
4.428081372137217         -0.02503511842354903
4.445067826185188         -0.025825363257527323
4.454039640238554         -0.026232968110625608
4.4658938194256645        -0.02676115400981011
4.491958704676188         -0.027881010554186812
4.524041934670014         -0.029184051200515943
4.53279294182192          -0.0295261845527159
4.560499254620316         -0.030571854797796755
4.563350155506824         -0.030676212949697534
4.600957383147076         -0.03199627835753722
4.607686808689893         -0.03222139951020199
4.607836226864295         -0.03222638339127684
4.60989088442468          -0.0322947780370807
4.6128975821927085        -0.03239439680813512
4.64257465830123          -0.03334789933598493
4.657697088104879         -0.03379530496418055
4.664437552734073         -0.03398995454792533
4.6667279225872145        -0.03405538481967963
4.681318109221976         -0.03447193889775973
4.685594361592212         -0.034590359044588806
4.687963262795145         -0.03465514707559728
4.718309899131903         -0.03543924155101192
4.71874905003531          -0.035449963695598885
4.733957157185583         -0.03581028512182882
4.735563237213224         -0.03584708989275464
4.736605509855204         -0.03587084698272587
4.7382897455720085        -0.035909024532695996
4.775635028300631         -0.036688211786093196
4.789769247715025         -0.03694949759941124
4.813255116852299         -0.03734289598400098
4.813803375243468         -0.037351675723943836
4.814223538959137         -0.03735839170224883
4.830825321728463         -0.037615097342259686
4.844135304780888         -0.03780870236216598
4.857281984264295         -0.03799267966968524
4.878850901906677         -0.03826512982200904
4.910285211396863         -0.03859680024236392
4.921440245445706         -0.03869585230116391
4.931457626393758         -0.03877647781794522
4.93395795274424          -0.038795373384709696
4.94725794182496          -0.0388882255943907
4.977450215149472         -0.03905869482805553
5.012677062809767         -0.039186839253796873
5.026026139341192         -0.039215491246605096
5.034814576847879         -0.0392283814454901
5.035329587032607         -0.03922898972289397
5.068188234182143         -0.03923413193293742
5.0848561066865425        -0.039218059903964084
5.096765045410046         -0.03919729189566718
5.098011164670404         -0.03919467155030112
5.1158947673958455        -0.039147732232295854
5.129266125149289         -0.039102581522759326
5.144943841939634         -0.03903758197382616
5.164394912133274         -0.03894658578964275
5.174594813612474         -0.03889214874445292
5.176830820545226         -0.03887959730651359
5.1943977556629335        -0.0387650865946359
5.209942646041807         -0.03865305868556367
5.210725053968087         -0.03864715457046476
5.227152183972769         -0.038517318359642436
5.23945286310483          -0.03841275215654967
5.2636587124075875        -0.03818861562126934
5.27280170351609          -0.038097617928463695
5.2729016931820505        -0.038096603549943236
5.283225531557935         -0.037989633272621545
5.284809319902253         -0.03797287895686281
5.285572872808464         -0.03796444581884117
5.297821744288216         -0.037829336760565185
5.300522904291502         -0.03779907013983776
5.366911167546439         -0.03700158233911577
5.386270384595482         -0.036749629914294715
5.387220319070716         -0.0367370414325604
5.389493420009519         -0.036706832797364856
5.43192361987157          -0.036120784572147034
5.442258913200898         -0.035971415964227975
5.442856874926018         -0.035962671313805226
5.4786027816112215        -0.03541950413539737
5.496963620545012         -0.035128334480799814
5.519289090368293         -0.034767621048397535
5.521127063731595         -0.03473759863393061
5.540959198840172         -0.03441049351676357
5.558718292786274         -0.03411267697216025
5.563589110048582         -0.03403068717172496
5.59134650905003          -0.03355883553086637
5.6157369932491505        -0.0331377370947609
5.619425662037585         -0.03307352492656602
5.631201044022348         -0.03286761172396197
5.668629227699295         -0.03220372986220445
5.6801330312888965        -0.03199681286400937
5.6866979429286735        -0.03187812643015222
5.689457263572983         -0.031830377372444124
5.692510253196193         -0.03177748812601448
5.696629337720415         -0.031705851221081736
5.743692283337879         -0.03084036865265799
5.757860207815732         -0.03057789892497631
5.765574088106911         -0.030434620251326625
5.768252556341905         -0.030385014363203747
5.771087775998786         -0.030332543428855344
5.77576106737984          -0.030246140970154364
5.776935286208795         -0.030224557112755457
5.778581110111791         -0.03019430304031215
5.780109749722685         -0.03016620159806732
5.782933879283151         -0.030114281000182416
5.792054437695598         -0.029946569396359462
5.816486843783837         -0.029496946818651167
5.838399942328638         -0.029093345500109
5.844455559803093         -0.028981754673895462
5.855345597184123         -0.028781014895179573
5.868876106705598         -0.02852644188322717
5.870262899014013         -0.028500380663180728
5.87107409763998          -0.028485138921142218
5.881548206841456         -0.028288515840429886
5.916112444829154         -0.0276425586523343
5.920328940019166         -0.027563930693528207
5.954401813241602         -0.02692992552527072
5.970549153696909         -0.026630321759210693
5.981348016196216         -0.02643026248967486
5.999024310901287         -0.026103322966184415
6.036115708503757         -0.02542317288137645
6.038407788332756         -0.025380922031193822
6.0454522193274745        -0.02525110898456879
6.098472613605112         -0.024288502302324076
6.112577698614339         -0.02403511315985777
6.113611632461338         -0.024016583720354933
6.118317591529845         -0.023932323680467125
6.1198862993722845        -0.023904264029904736
6.133619951226839         -0.02365920673390972
6.189400788274443         -0.02267491236581056
6.196178671791808         -0.022556518206579057
6.218915557992878         -0.02216126638683014
6.2217876831262044        -0.02211154745852687
6.236565104773748         -0.021856479934874423
6.272660135963172         -0.021238285084673094
6.279246796124968         -0.021126548432319106
6.292598194272559         -0.02089763768244661
6.308519838752504         -0.020629270026471178
6.325636382630729         -0.02034112103993184
6.327919701638912         -0.020303164003731465
6.361124181775917         -0.019754978904861418
6.402970279865863         -0.019074237140462538
6.412966781673345         -0.018913285049995704
6.422707254207882         -0.018757074183163244
6.430985590989425         -0.018624792260310906
6.4357560569853245        -0.01854876402201397
6.44956043141646          -0.01832958540202491
6.480395734392573         -0.017844430171219287
6.500847000202933         -0.017526031713601876
6.51384885855918          -0.01732502883297663
6.524975372615796         -0.01715391116381185
6.53527567586074          -0.016996234333508883
6.575016203857756         -0.016397166178678025
6.581277720777018         -0.016304078825044026
6.586782685084927         -0.01622253157048048
6.595820640048051         -0.016088749556740518
6.606293939972307         -0.015934322355711978
6.614140799690411         -0.015819044506412538
6.649182205835432         -0.015308673903761807
6.672819186597722         -0.01496848647436862
6.675046455882758         -0.014936600702184727
6.678138095104702         -0.014892388912753962
6.711581726585937         -0.014417724839736494
6.75205404165802          -0.013852103349795728
6.760442893334818         -0.013736442524524231
6.76158897200558          -0.013720679575237808
6.769509429221049         -0.013613021903998246
6.802193975486227         -0.013168581275842191
6.80849009953463          -0.013083710000941313
6.809882814068493         -0.013064967997846457
6.820299230921343         -0.012925156405424281
6.824240143950694         -0.012872427954002064
6.838944324817117         -0.012676500784953472
6.863918348016396         -0.012346664073966595
6.875000011019149         -0.012201488612040371
6.87757189582699          -0.01216789950081577
6.890847467857049         -0.011995141475879866
6.912742330290175         -0.011712497056557605
6.919346596498163         -0.011627798367843337
6.939786719220894         -0.011367405258461747
6.972065499595918         -0.010962320296776833
6.980444453064735         -0.010857919838197632
6.993127364702876         -0.010700482264904625
7.030703511059884         -0.010237870264453478
7.037239615472254         -0.010158131343825108
7.046124876149532         -0.01005007980197176
7.08425367863583          -0.009590937913355465
7.090132903063939         -0.009520795415749697
7.0951904426925285        -0.009460595971358936
7.097054931295571         -0.009438398619162035
7.098629380596723         -0.009419667964164862
7.105903190189472         -0.009333296731789361
7.1095648821692485        -0.009289917982638481
7.124130186167397         -0.009118038996396908
7.128662304595549         -0.009064776122787145
7.136271989575415         -0.008975578229534318
7.144210746054839         -0.008882835033554061
7.144670697523223         -0.008877471490114398
7.146900270217043         -0.00885148735821015
7.186673950463266         -0.008392960622761233
7.188254593941268         -0.008374838901672793
7.201829841051297         -0.00821961123349075
7.207392416934138         -0.008156217213601701
7.219066600266509         -0.008023572606909437
7.249100187313498         -0.007684817493137347
7.250132945532919         -0.007673232651526348
7.257843507278382         -0.007586874521751036
7.265398460564062         -0.007502394920170221
7.29558309546775          -0.007168068438534447
7.297374143007689         -0.007148316823811973
7.297950392993982         -0.007141964102905148
7.3229347531282984        -0.006867534760790463
7.326219179227443         -0.006831604497327502
7.343052441841868         -0.006647988158630211
7.350016311395949         -0.006572287268122893
7.376381883605014         -0.0062870617832354305
7.3860843174330055        -0.006182650218803558
7.418728739577133         -0.005833525333325658
7.419002397706993         -0.005830622044986787
7.435605920229788         -0.0056550182951985275
7.447868716829865         -0.005525955470344359
7.464803687109167         -0.005347865291652968
7.46556957482025          -0.005339833847895144
7.511133739965359         -0.004865816417052065
7.55266070562239          -0.004437515094404632
7.5583691390157535        -0.004378916428435294
7.565694226874771         -0.004303820445114539
7.589031962514753         -0.004065299832833283
7.626384273490287         -0.003685874040104288
7.630526149318882         -0.0036439843835055644
7.651859204721254         -0.003428799911790484
7.664660113994743         -0.0033001378513108715
7.66644274299401          -0.003282204699629431
7.669650548652854         -0.0032499647930849794
7.706739081749996         -0.002879376489925062
7.720720772935536         -0.0027405897812709857
7.732627264781323         -0.0026223992079751194
7.732793469241928         -0.0026207503345000763
7.749595195928497         -0.00245420179950579
7.764750431178866         -0.002304207416852876
7.791752382305608         -0.002037511758424246
7.79222210805045          -0.0020328785352223015
7.801204164108976         -0.0019443281215263607
7.801479822909194         -0.0019416151765896887
7.8124072323620295        -0.0018341209972294438
7.818676937801255         -0.0017724890976436583
7.824312327359028         -0.001717119916745555
7.87411569552307          -0.0012289132277471671
7.882184917947484         -0.001150003375461484
7.888371120673879         -0.0010893665143589918
7.903784917427062         -9.383565648094268E-4
7.908251007487854         -8.94622087805947E-4
7.921445329511387         -7.656079860611537E-4
7.94870049337958          -4.994893149079154E-4
7.95239207703993          -4.6348441612715634E-4
7.960855287770126         -3.809763745951328E-4
7.976742619422128         -2.2622457881371258E-4
7.997713908740572         -2.2220185620815912E-5
8                         1.4602859629547642E-17
