0                         0
6.325830346937259E-4      6.250991858884275E-6
9.513350718606513E-4      9.400884862849971E-6
0.011210969920233968      1.1081582118109425E-4
0.022816510965428142      2.2560426817812268E-4
0.023994876109066907      2.3726340062659902E-4
0.02530158352594081       2.501932822550778E-4
0.04222904676598939       4.177751366433836E-4
0.07540960111082066       7.467174782647001E-4
0.07656088247826684       7.581417608752965E-4
0.07736726140327303       7.661439732515652E-4
0.07983764520753635       7.906613822130967E-4
0.0821705777992786        8.13808467942086E-4
0.08492701957823941       8.411616316136267E-4
0.10583571059180269       0.0010487896180241785
0.13297789974523672       0.0013186959299096247
0.14609110330679326       0.001449248857398502
0.1532817217642437        0.0015208798355908467
0.15609807909139592       0.0015489504235888804
0.2021884974527705        0.002008982609406236
0.20491623348725696       0.002036261684506828
0.21084009500778197       0.0020955395904279036
0.22910861664735022       0.002278652682978325
0.23443880189582966       0.002332166668215071
0.24748038510224205       0.0024632678081981537
0.2635925893845784        0.0026255624951971412
0.3005502780115705        0.002998497412050474
0.3080726129870345        0.0030747645214636394
0.3103093312952838        0.003097465563092972
0.3155647867002451        0.0031508469567081017
0.321267175896581         0.003208835285055413
0.3252405458918197        0.0032492823905385594
0.3322689953271302        0.0033209120793211747
0.3702765299909913        0.0037101048501632984
0.37894176240858346       0.003799271295454758
0.4044394449899779        0.004062583909412164
0.4242487886586005        0.00426773474061075
0.43497937987714835       0.004379137313486944
0.4427402712816654        0.004459822834763997
0.4454958000840695        0.004488629221284191
0.44999043065465294       0.0045356689632757765
0.46107197603318073       0.0046518520367287465
0.47366795157835234       0.0047841995878593726
0.5034619607929647        0.0050981057769806225
0.5120772231282116        0.005189371820816834
0.5246711290304951        0.005323186640452634
0.5313488170086782        0.005394332645658398
0.5378886725984906        0.005464139882193717
0.5724612419273609        0.005835305103202119
0.5758213203084761        0.005871569629877371
0.5991533971669609        0.006124321907412614
0.600906893435861         0.006143383243359801
0.6021093936186289        0.006156460325571496
0.6165782499856337        0.006314148166882586
0.6393453237803528        0.0065635115585117795
0.6415349129863989        0.0065876232380227134
0.6491428041519338        0.006671713498883403
0.6771450130076396        0.006983209671791714
0.7192810558477213        0.0074565084482014965
0.72072203176317          0.00747282424915851
0.7460930395801089        0.007761500289670918
0.7491086684806265        0.00779598968748147
0.787028932824715         0.008232889212196445
0.7900780554071184        0.00826827302369843
0.7902779193759413        0.00827059369519151
0.8214503510100744        0.008634551486133802
0.8220781136629548        0.008641921974586853
0.8558574239159232        0.00904090585012621
0.8599133633902574        0.009089154225960268
0.8887810534944365        0.009436143761637645
0.9072283971733727        0.009659699309961823
0.9427680454804023        0.010095252896916616
0.9664344762314285        0.010388847001507467
0.9855073253387884        0.010627521729180335
0.991450015819523         0.010702264487793801
1.0039637284108367        0.010860238147690661
1.0251864610695378        0.011129969788906357
1.063786253504204         0.011626409655480157
1.0759977137794725        0.011786087675707105
1.1112220633342949        0.012252516247236323
1.1118229973511167        0.012260548751030172
1.112178893335072         0.012265269438197429
1.1352774064122697        0.012573477000147187
1.1583356713773492        0.012884729819165773
1.1995562011919116        0.013450064891221525
1.2016540158737836        0.013479062342689606
1.2059381498661579        0.013538653958924346
1.2154413585395378        0.01367121058877306
1.215878365607693         0.013677318451458653
1.2182676009207127        0.013710730773874491
1.2601443016802334        0.014301066895776938
1.2656638212370963        0.014380441281238757
1.2685462102706957        0.014421626432930003
1.2947899882072593        0.014799412706504424
1.2982495534057543        0.0148495906138497
1.3444590686725915        0.015528228340898101
1.3445161577778912        0.015529076435631513
1.3446510848708442        0.015531080957788525
1.3455139321454943        0.015543902860936288
1.401991688998003         0.01639501048646841
1.4030419657163977        0.016411056387511648
1.4090097352110693        0.01650238211176213
1.4231435170081046        0.01671970085705433
1.4287500745521693        0.01680630654031809
1.473988664607618         0.017513433155140354
1.4993918140728004        0.01791722844274828
1.5072384710648818        0.018042861397598763
1.5099899316026613        0.01808717959632955
1.5194783840105843        0.018240361517153934
1.533883023752957         0.018474133772487963
1.5655551407889772        0.018993172531914973
1.5761302309182608        0.019168101782012906
1.6220377074009364        0.019936923264344743
1.6247786212815043        0.019983311168043954
1.626930219065961         0.0200197636516064
1.6294398430029955        0.020062324406739225
1.6321219895566883        0.02010786165502253
1.6579980026180676        0.02054987175079717
1.659557232705592         0.020576661966865584
1.6883052973429444        0.021073773383865624
1.6919706788205604        0.021136691443619543
1.7095146344044565        0.02144001028065371
1.7366426645680102        0.021916090748101424
1.7425119627940011        0.022020221937050652
1.7475705486697393        0.022110291857214925
1.750609733756232         0.022164710583746836
1.7515260991088824        0.02218113340482911
1.7810381528759605        0.022713671621114467
1.7982071245429025        0.023026723453297565
1.8193792580467376        0.02341605060275203
1.8523960755977908        0.024023911703704874
1.8596385514538312        0.024157735801962774
1.8877675592777154        0.024679150772480972
1.8925281448817923        0.02476765629786649
1.8928223119741452        0.024773127725027166
1.8931282052477143        0.024778908854240528
1.9204710671300051        0.02529676201642464
1.9276375364572997        0.02543284798832746
1.9482758364789046        0.025825585830847052
1.954824061859272         0.025950453730632626
1.9567639201530698        0.02598746869170414
1.9624527609404536        0.026096081904327075
1.9673755740695726        0.026190145581721686
1.9689202798844272        0.02621959238785873
1.9917533512611418        0.026659652227118708
2.005722930381843         0.026930216858742303
2.0222232939863956        0.027251098807084245
2.03268696533844          0.027455315388054343
2.040178023084639         0.027601864268887603
2.045216139714534         0.02769960515036078
2.0617483248387476        0.028020137995272584
2.0685337585582584        0.028151609739349107
2.076676596479281         0.028311389833554714
2.089875787549472         0.028570678223854753
2.1102481695256716        0.028971586909381886
2.1202874886021834        0.029170117655860722
2.1279227261538027        0.02932139573515308
2.128484264951407         0.029332531436319417
2.1410310830242305        0.029571546645397385
2.1464519867305634        0.029677581046952207
2.1786223483648204        0.03030745429965493
2.1861043808174347        0.03045409740174532
2.18745883157724          0.030480649835863943
2.1965687453788774        0.030659287353432856
2.214721554606269         0.031015498637419852
2.221989918094709         0.03115821871242202
2.2401190154539616        0.031514430883802395
2.2402754490767878        0.031517506039715516
2.240531498592999         0.03152253948795914
2.2604803877680153        0.03191490079847185
2.2846645387132822        0.032392290462453045
2.303810003379124         0.032769720102774944
2.330649355074584         0.03329228005100941
2.332581696132138         0.03332956132734519
2.335163414748283         0.033379299722846006
2.3715150731327563        0.03407094992338115
2.381723483586196         0.03426226441385978
2.4011784314333102        0.03462332491769432
2.4200934922953046        0.034969911102969195
2.439220142886388         0.03531590835478529
2.4684417475802047        0.035835849672588155
2.473760540481263         0.03592727650260804
2.483677812231851         0.036097256731765864
2.504958442693411         0.03646380734561285
2.515574281943864         0.03664321939827557
2.52246836425646          0.036758738251870114
2.540180439339238         0.03705193729460339
2.5511091264498895        0.037230778134751924
2.553611791474258         0.03727142266164159
2.562031319155556         0.037407312029867766
2.5662118885997267        0.03747429980361139
2.579116648998665         0.03767904747096527
2.594946553540824         0.0379260113353078
2.599814556132337         0.038001028432367405
2.602977640722012         0.03804726050509317
2.6074879720245967        0.03811291923299916
2.611223916697728         0.03816706911320459
2.62254169324531          0.038324395529561454
2.6519303676517754        0.038719659100607685
2.666257959675926         0.038913889309185906
2.6723010048580096        0.03899926479292422
2.6765086103611124        0.039057624182502367
2.7266975554612665        0.039685052057837934
2.7335477287473156        0.03975963588346553
2.7350249727466593        0.03977548237449517
2.7587365200882217        0.040018303911632344
2.7881986285636398        0.04028976223634075
2.794806861430596         0.04034604627257566
2.8045725199296108        0.040426135069224184
2.8441666039306917        0.04071310831064211
2.8448341704357314        0.04071742772738745
2.8531535305589406        0.04076048453007832
2.8588107806302063        0.04078777148638149
2.880023837102008         0.04087572879138411
2.882777690942579         0.04088548443131395
2.8856381297426013        0.04089722651582541
2.906460790895041         0.040971836169726085
2.9192060355270844        0.04100060857526133
2.9199178039686586        0.041001894779491024
2.9207524406953755        0.041003366194663715
2.944323093101727         0.04102851005329248
2.969556121336918         0.04102029791184976
2.975048428421833         0.04101369650366733
2.989103918934909         0.040988964930488946
2.9949259998109503        0.040975419256747386
3.004674864995472         0.04094840722289943
3.0111753295521204        0.040927382618284554
3.0191944387051772        0.040898124774480016
3.0336355695644395        0.04083373153532674
3.034431637190107         0.040829757809114874
3.0465843814469036        0.04076359374417573
3.0683336468234996        0.040619405810477974
3.0709245694946405        0.04060002450695446
3.0862696950329784        0.04047561403972716
3.116386786595232         0.04018357442614313
3.1223881599672234        0.04012070272999698
3.1334909475935793        0.03999637749633314
3.1478185982346494        0.03982057296689277
3.1624716115600813        0.039622864536226536
3.180328093417196         0.03933820289737676
3.187998694461616         0.039200204828826406
3.1973282767168163        0.03902533867271671
3.1978269366278886        0.039015775206259706
3.1980235986634553        0.039011997501740725
3.2079232586779294        0.03883105555969688
3.2418244498241147        0.03815088512946308
3.2561635144398906        0.037834994980647144
3.259256389947088         0.03776466074646444
3.2621479423894044        0.03769819926205028
3.3176426617386054        0.03629057175068945
3.32048918123072          0.03621159905247879
3.325672892165396         0.03606608717276934
3.3268299257018192        0.03603330899822791
3.3279323892756416        0.03600187420404714
3.3315698414598627        0.03589892743534226
3.3331153271324365        0.035854786569953626
3.3558805957530495        0.03517689866510388
3.3720239022899134        0.034664774005468246
3.377180028172839         0.03449570907755827
3.382545904435776         0.03431694226469756
3.3843259548160636        0.034257002696343505
3.386738804262643         0.034175248823292655
3.3938919585971075        0.033927763699884886
3.401482490343481         0.033661279111313586
3.435542674907686         0.03241649129090766
3.4557555163773497        0.03162769358781004
3.459581655369834         0.031474687043725455
3.495118740585616         0.02999739880472858
3.511708850714351         0.029273018969072667
3.529589424532295         0.0284675450704926
3.5326003641681822        0.028329384274652616
3.546936599993164         0.027661562252372294
3.5543785884684316        0.027308385968804312
3.5863584392544734        0.02572831098320882
3.5964597504224765        0.02521319633633275
3.6032228914912494        0.024864011396875364
3.607641118075007         0.024631803321832818
3.6108483177849964        0.024462058095446174
3.642093440988624         0.0227562142076572
3.6491083788529988        0.022371665700264828
3.6600472735365623        0.021759829507238496
3.6642398935046225        0.021521284037602815
3.707283758318078         0.01902028918858682
3.7320198750228593        0.017540199588679868
3.749521152821737         0.016474121134063914
3.773696915092            0.01498114301474307
3.776184183590952         0.014825829308954914
3.791016341670811         0.013893026107759948
3.8248632188521197        0.011721841464801822
3.8362515421543497        0.010978012715531182
3.8458691204590654        0.010350498737117603
3.86557348388129          0.009103129560294389
3.8853922329264314        0.0077809533808015354
3.902236271486096         0.00664850329363212
3.9246675445337784        0.005120496387909543
3.937257460132876         0.004262640264624094
3.9427710239559333        0.0038869013413419394
3.9673777265338668        0.002209602010024742
3.9737102418034365        0.001777844840303962
3.9862049107913444        9.258192188037997E-4
4.007676835462882         -5.387684504933943E-4
4.021395677887111         -0.0014747828522171955
4.027532268554507         -0.0018935381219477695
4.049626691755709         -0.0034015770748463156
4.056560773976088         -0.0038749662799275053
4.070173550096593         -0.004804459999300868
4.090686126391986         -0.006205455873354391
4.125142933367485         -0.0084687237460223
4.128259803186516         -0.008676383807217655
4.1398157132553175        -0.00944432112288347
4.1450501409394365        -0.009791365477363952
4.154895532171527         -0.010441087004188573
4.156866819560747         -0.010570701493339796
4.1807330032304995        -0.012127341253152646
4.203703570911843         -0.013603599324630384
4.21863483323016          -0.014551637723072055
4.22965298654879          -0.015245381441291284
4.232927325569701         -0.015450590446244684
4.237467402847724         -0.015734401288620997
4.262357000884251         -0.017275352682193535
4.290516673272142         -0.01896377886214937
4.296097033182194         -0.01929136410028599
4.298103942446392         -0.019408698545612883
4.318300771340259         -0.020575444224109955
4.341699235739358         -0.021895146886237702
4.3581584271758285        -0.022802887569598102
4.366280883433623         -0.023244585988098462
4.373478057494602         -0.02363250905235177
4.376808690987434         -0.023810928158459872
4.391332565847013         -0.02457303487171025
4.3984974931887155        -0.024943078853300688
4.406717279695977         -0.025362785990453742
4.407770201449494         -0.025416962573929017
4.409399226564966         -0.025500617058664053
4.420267317340062         -0.026053601224925928
4.4414122739099415        -0.02710397310303016
4.462225690169964         -0.028098696286071548
4.479425194316089         -0.028893303270120994
4.481695973857894         -0.028996359147199002
4.493261418343985         -0.029514533285707037
4.532531533036296         -0.031190318959426807
4.537698390945534         -0.03140288485077995
4.538336715837722         -0.031428984141850164
4.545868790280899         -0.0317342661373362
4.548165078122805         -0.03182635283310907
4.54966582196108          -0.031886287843239935
4.566751321217444         -0.032554783884121544
4.570999234760439         -0.03271653918431605
4.599074502222078         -0.033750905717646294
4.641743887079061         -0.03515934360733229
4.642815745024494         -0.035192841830028326
4.645895776820961         -0.03528753533167441
4.646239117495802         -0.03529804065477108
4.64644454070657          -0.035304321226611736
4.646644903061998         -0.03531044357871735
4.646772710640661         -0.03531434711767447
4.647080743709096         -0.03532374939682554
4.647726226845648         -0.0353434254478918
4.648206109614427         -0.035358030375240004
4.70564378956257          -0.03697960560256667
4.711446142548697         -0.03712730491742237
4.729924584577233         -0.0375779740912011
4.740218387492122         -0.03781602387305184
4.741321176849667         -0.03784097462011071
4.765553617553132         -0.03836227910108591
4.776855880891901         -0.03860265395813531
4.783662035528266         -0.0387319616599645
4.798956039438119         -0.039009590270373595
4.817718981181199         -0.039325732127375224
4.8294844167294455        -0.03951022376949922
4.830890779081138         -0.039531567674851914
4.841871576211874         -0.03969301356816774
4.849428035236704         -0.03979875159370272
4.875218893723626         -0.04012672672660894
4.875306797930625         -0.04012775751145296
4.885511954941182         -0.04024327548213198
4.900129278566608         -0.040395496725366874
4.910534238142247         -0.04049435063490109
4.913047467163086         -0.04051704320180876
4.925890634817306         -0.04062581029348685
4.942133201804876         -0.04074612683169995
4.9478844576876755        -0.0407841132621975
4.9735491899981845        -0.040926329120721215
4.975315170554461         -0.04093336891245787
4.978457596413179         -0.04094540295269707
4.982796986124199         -0.040960983678593715
4.988439213552892         -0.040979443207751355
5.016301763307214         -0.041040779093563406
5.019061855526367         -0.04104415507941843
5.029195629834123         -0.041052376120203106
5.047119946099272         -0.04105611683484062
5.049237377812123         -0.04105543464558564
5.059618619506014         -0.04104865313252362
5.073314075905706         -0.04103097231738317
5.079933663255063         -0.04101886436120461
5.088543581787511         -0.040999642590955884
5.124925565626063         -0.040875060650507875
5.127682316202625         -0.040862762797832235
5.130671696676007         -0.04084897218408076
5.137715778269729         -0.04081460431411271
5.1423568904692365        -0.04079052393863933
5.17306105201212          -0.040615004519004044
5.192775019983677         -0.04048050013427764
5.209304725072776         -0.04034619949091669
5.222021593790865         -0.040237371302949
5.240852780652363         -0.040049180264699405
5.263522897786168         -0.03980791201309448
5.28243589396706          -0.03959648532923406
5.306628787842447         -0.03930904415498607
5.318828263377499         -0.03915686600835275
5.322018321652003         -0.03911627285957745
5.364550774072246         -0.038543367629260465
5.394700444647597         -0.03810155348665229
5.396258117734542         -0.038077924166950265
5.412719415514996         -0.03782554812308627
5.42545104069502          -0.03762701498783343
5.44971840473796          -0.03724053207150394
5.4573970032779435        -0.03711603906861006
5.4637371885285795        -0.037012447376508543
5.468063078916513         -0.0369413526125037
5.504736364828325         -0.03632513212111579
5.506567511979911         -0.036293730073062226
5.5422796963522885        -0.03566618332507206
5.579241755725489         -0.034988958452224876
5.583308114361392         -0.0349132763561197
5.600561871387669         -0.034594474816820604
5.603300092040289         -0.034543931092113074
5.605353241876227         -0.03450599201959252
5.661759835341305         -0.03345000903352021
5.6731430003264665        -0.03323370557836564
5.700352641916533         -0.032712311731250866
5.712636157019624         -0.03247492195181552
5.72756517876933          -0.0321847206105795
5.735749515406538         -0.03202484292857059
5.742985908612646         -0.03188302015230772
5.754607542056545         -0.03165613399377011
5.771277602159727         -0.03132914581357703
5.793662501692294         -0.03088719933806622
5.794434712442591         -0.03087189503245801
5.813375468168961         -0.030496676646653037
5.8319232291644525        -0.030129744799567697
5.855865398111263         -0.02965682833221379
5.862263995198527         -0.029530580327494855
5.8730060888877915        -0.029318765373468753
5.889416827050093         -0.028995496084841733
5.901227180586806         -0.028763088416360456
5.918347287527546         -0.028426980924523147
5.9352728359016345        -0.028095629018946227
5.980532283578836         -0.027214154953799863
5.982928934769704         -0.02716746062421796
5.983651562273007         -0.027153378715170918
6.01614883214347          -0.026523754514094618
6.022173282120229         -0.026409148764282606
6.054592581673019         -0.02579465317902436
6.055213205776397         -0.025782858499984653
6.058566971258504         -0.02571915473512056
6.089385295203017         -0.025136379154881962
6.1236895958648025        -0.024493218496767666
6.130803338270699         -0.024360575139451755
6.131295372049425         -0.024351409913712933
6.140024833535438         -0.024189003679296626
6.160075440881387         -0.023817404227768346
6.173851534828188         -0.0235632453652405
6.201379160179633         -0.023058197784933003
6.206393470765001         -0.02296660482846666
6.212909049578787         -0.022848181801128985
6.224746496169334         -0.022633955006462356
6.229355488921587         -0.022550866390087545
6.235051367286124         -0.022448433344504245
6.238666607016313         -0.02238316793831853
6.251222297537467         -0.02215747743848014
6.261459034060782         -0.02197459159420409
6.282079741256368         -0.021609246884247625
6.288055932071934         -0.021504128237574558
6.291019460807534         -0.021451916329170456
6.297168373160938         -0.021343903995438524
6.3022372481958095        -0.021255188591019682
6.303822969031986         -0.02122742102343333
6.315613060605623         -0.0210215678002331
6.339660900330116         -0.020606066946537764
6.348229619497569         -0.020458861598432233
6.364008734690234         -0.02018894872375383
6.382042384282338         -0.019882315783685565
6.402101221472159         -0.019544644847857614
6.434957072406833         -0.018997655784075012
6.444770880853985         -0.01883574501720635
6.4490365796870615        -0.01876557937876903
6.450921696064491         -0.018734612201676375
6.459660434513619         -0.018591385348027213
6.461202603503554         -0.018566242575395103
6.4638326443803225        -0.018523408309232374
6.479912694215065         -0.01826274387597049
6.507484769387535         -0.017820685187091477
6.519973755577051         -0.01762248665052571
6.521580583341741         -0.017597078651253838
6.560816364267818         -0.016983181195096023
6.565011963904062         -0.016917771809464376
6.592261025554831         -0.016498698016435706
6.612900617085471         -0.016184540659838258
6.614712214646839         -0.016157099019613503
6.617094998837111         -0.016121037833472046
6.619118240007273         -0.016090447113777048
6.619530710664556         -0.01608421397958891
6.620004887676569         -0.016077049730778312
6.62120154061888          -0.016058976264676065
6.624950301288101         -0.016002417992695424
6.666572899944529         -0.015380619333861721
6.675280298131193         -0.015251971495728468
6.697740834078006         -0.014922414314944876
6.7266488523684576        -0.014505018462690896
6.738338946853117         -0.014337200277150318
6.7494261201153485        -0.014179852759469737
6.751032327422484         -0.014157068764263868
6.769391872497383         -0.013897641119193128
6.781951035186852         -0.013721236491645004
6.7846982342597455        -0.01368278861152605
6.786256335173066         -0.013661004037902323
6.815996858142625         -0.01324817322218042
6.818174079805973         -0.013218173940126761
6.850291854902717         -0.012779166217379822
6.855324502435926         -0.012710976312854453
6.863010231262398         -0.012607152030873033
6.866465923655845         -0.012560565798856236
6.877190698174512         -0.012416272596069658
6.8876453305606855        -0.012276450024079892
6.9204042900088725        -0.011843669818953507
6.931732860821793         -0.01169589342215027
6.9373602578461195        -0.011622618915124207
6.957502197538996         -0.011361709509903005
6.960317513096431         -0.011325410483469304
6.963065148480913         -0.011290024117481333
7.004151844748631         -0.010768056851393877
7.0490217525542755        -0.01020633475213505
7.052476960975241         -0.010163440285063054
7.063131683458731         -0.010031514032122369
7.078947247647324         -0.009836650346014608
7.082547838787779         -0.009792448390920264
7.101612101369508         -0.009559404502723816
7.125441427709072         -0.009270898579232354
7.1259597637611405        -0.00926466179124285
7.127895744162004         -0.009241382053224537
7.145069617921813         -0.009035878983197356
7.155460124617328         -0.008912426405223753
7.171378700661867         -0.008724580814732395
7.183020752407007         -0.008588186379820622
7.190851643999062         -0.008496409262412203
7.203176216059292         -0.008352530512695076
7.2039207917155865        -0.008343860318768891
7.204898823788008         -0.008332475470654854
7.227821407561512         -0.00806688698554885
7.2406000771049435        -0.007919864570541339
7.246664029529406         -0.007850356302369106
7.248565186286301         -0.00782859859340285
7.275442434907762         -0.007523135271718181
7.28154853918173          -0.007454045602415894
7.290824932170322         -0.0073493226305543875
7.313776670130974         -0.007091450054215592
7.350087233615811         -0.006687075147319369
7.372178827013493         -0.006443203053876748
7.376332029211871         -0.006397537129016277
7.3779642156522875        -0.006379606415527553
7.383213235603348         -0.006322083024284536
7.426403009567947         -0.005852295659231016
7.4406599524526875        -0.005698598576053466
7.457921644449478         -0.0055134253021673334
7.4988487335152385        -0.005078395438799734
7.503845737716252         -0.005025731113103226
7.505223156265654         -0.005011230267326852
7.5351980312517695        -0.004695776588583782
7.537767651062632         -0.004668826206306812
7.559213798361254         -0.004444463348941293
7.561030749171837         -0.004425501436787125
7.60272289004651          -0.003992391105388391
7.611873084599629         -0.003897847488441042
7.616383324013882         -0.0038513135358202036
7.618009834857577         -0.003834531468063852
7.618132567852568         -0.0038332653568374626
7.618319421455137         -0.003831337839911488
7.620655272094003         -0.003807248255601006
7.669641234123369         -0.003304719320768652
7.686681756741695         -0.003131449134911241
7.687532004013651         -0.003122813446165474
7.707451184273693         -0.002920765428878741
7.7195464132745855        -0.0027983265594431306
7.742481015701998         -0.002566675768412919
7.751897050915635         -0.0024717640736118826
7.762215244300438         -0.0023678890943419806
7.770755985705897         -0.002281934044620798
7.771306555738271         -0.002276396418152268
7.7772465785002325        -0.002216677752356642
7.80372255798795          -0.0019510775769957277
7.814029211992358         -0.0018480269885478456
7.833199348907112         -0.001656772729609702
7.83844883363988          -0.0016043602038954543
7.845334791565273         -0.0015356240043264938
7.868971260259347         -0.0012999529128590983
7.882397553584116         -0.0011662460203369332
7.8920838596970775        -0.0010698554176249192
7.9089810462418635        -9.018507982596103E-4
7.92756098414103          -7.173249411889235E-4
7.94604192984854          -5.340003748844114E-4
7.996735183150754         -3.225780739120365E-5
7.997778937268801         -2.194432533466433E-5
7.999086140553161         -9.028643645513085E-6
8                         -1.3494501502050474E-18
