0                         0
0.004516502932128855      8.694222831233881E-5
0.01039788650787154       2.0017675922671504E-4
0.03231192130299541       6.223298618202547E-4
0.04146724084239911       7.988249655305755E-4
0.10108983464659885       0.0019500462960860016
0.11934810405666034       0.002303218267438954
0.1412754216502759        0.002727753127277078
0.155687714929962         0.0030070225931207416
0.17230910071290004       0.0033293275138041663
0.1896438835577859        0.0036651242105309838
0.20289766166419934       0.003922783860563304
0.20976297141746178       0.004056305003843024
0.22768780249051285       0.004405261558636644
0.2448120350939483        0.004739094760605205
0.24649337725412207       0.004771896527416264
0.25384838616471456       0.004915438637200493
0.2737073660784279        0.005302902249951582
0.3105390892812534        0.006024160763918189
0.31630416960024565       0.006137366607818505
0.35644540958453674       0.006927932331463732
0.3680265755121181        0.007156777264757555
0.37082048812346224       0.007212126054351082
0.3771475026696564        0.0073375591395947425
0.38148050931147165       0.007423534488588018
0.3818198550966672        0.007430270296665054
0.4071538257560241        0.007933973903623477
0.43601451356246423       0.0085101501161295
0.44284547779046957       0.008646890534019538
0.45245154561031375       0.008839419721418879
0.47139713126308036       0.009219034792315712
0.4743642438064529        0.009278626740745907
0.4895804951863065        0.00958494845256136
0.5097833700543222        0.009993120590308097
0.5167718196225569        0.01013470156558307
0.5232894761889993        0.010266924663401948
0.5349849013946848        0.010504624362076076
0.5668306254174589        0.011154698090341454
0.6074815368147313        0.011990541880161427
0.6216087248367663        0.012283183668157543
0.6292018114546627        0.012440837546949288
0.632173888501949         0.012502373028747694
0.6560529736479137        0.012998646249342901
0.6586448265543099        0.0130527119594305
0.6876118294197148        0.013659622838741014
0.6957416381799977        0.013830835522964657
0.6976472884150372        0.013871023971352718
0.6993750685442902        0.013907479586793305
0.7249235316630687        0.014448574106581385
0.7314941347993763        0.014588348617692006
0.7452475426274224        0.014881779563980489
0.7469862471674849        0.014918952566464357
0.7681423222039443        0.015372656767020928
0.8062226685725299        0.016192621780175238
0.8098629711576213        0.016271290634117974
0.8172299183920929        0.016430644351564876
0.821289524056574         0.01651882491921146
0.8257640013264341        0.01661614501698657
0.8409458445319475        0.01694729887759834
0.8434788725171545        0.017002695099980727
0.8771615842529811        0.01774325136140207
0.9047444494271266        0.018355139213337975
0.908450178863546         0.018437719261238175
0.9179220117701887        0.018649195725907505
0.9366849249122321        0.019069819762224716
0.9685430543223068        0.019789205914269078
0.971272157906594         0.019851155501179277
0.9882825443703407        0.020238163440829293
0.9921065071073997        0.02032527109150737
0.9961360882847214        0.020417138463847902
1.0154820871950059        0.020862720180480805
1.0243001808343517        0.021065097657687132
1.0652556101544133        0.02201262596956706
1.0802431182460626        0.022362493083172744
1.0848538942460841        0.022470463136594055
1.099017987069268         0.022803132453054813
1.1282476550175682        0.023494367183090368
1.1556680353053759        0.02414859951840532
1.1630240184207963        0.024325061053276864
1.177911608131271         0.024683430260780976
1.182553886943531         0.024795515290564788
1.209993792703834         0.025461313452562192
1.2437452025867326        0.026287465768567494
1.2473353043475948        0.02637570923948045
1.2546080664620416        0.026554074371351825
1.2601139190264474        0.026689248382789483
1.2717097031024802        0.026973810615913783
1.2763606628651076        0.027089085236356697
1.2957927473229212        0.027572094662690838
1.3160698559434982        0.028078944481568065
1.3293629359333816        0.028412792311061575
1.3466144491503997        0.028847909966357842
1.3781548158127706        0.02964884181734497
1.3783929668216957        0.02965491605038851
1.3856501351112722        0.029840207567857047
1.388483472301252         0.029912649623421415
1.416868235435692         0.03064150544290902
1.4407160776998935        0.03125825119135232
1.4427371979697248        0.031310600577627364
1.4456330571439155        0.031385709435308225
1.50247382660147          0.03287178563559791
1.5051364835973127        0.03294200346153294
1.5124283079541356        0.033134479986854676
1.552580581608802         0.03419910765443968
1.5628464242582458        0.03447259719263739
1.570841442272968         0.03468595509309154
1.590998533015952         0.03522529227603475
1.5921713774348847        0.03525673622661711
1.599898095181103         0.035464061290444784
1.6365464009486237        0.036451480460020155
1.6477019747464405        0.03675300027333823
1.6633419828790017        0.03717624467178659
1.6842563261451724        0.03774316348417717
1.6984402340426064        0.03812933696529744
1.7118290357321673        0.03849505483019593
1.719596436536535         0.0387077536139373
1.753075731155084         0.03961965635829213
1.7588097221895094        0.03977655046016849
1.7653849852453547        0.039956581813832076
1.7817705638195507        0.04040577035953329
1.8147133837555938        0.041311227998078875
1.8195101705193133        0.04144333574896076
1.8224955361533526        0.04152557007491463
1.8425036268109671        0.042076738975082885
1.8594125261193306        0.04254257389736158
1.8667103090478567        0.042743636977009454
1.8802106188491168        0.043115605620301506
1.8956916490331097        0.04354217728396945
1.9023261398819473        0.04372553789352147
1.9053450441816908        0.04380834956440758
1.9386147224776349        0.04472305634506119
1.9653160087549364        0.045452843431671025
1.9655982124630582        0.045460535899531695
2.0095019456539625        0.04665204266073929
2.009754342340121         0.04665886233564537
2.019890660594302         0.046932457537485976
2.028692586923763         0.047169584626379726
2.0394863406746566        0.04745980029959488
2.040265610521777         0.04748072843002182
2.0432613778333186        0.047560879025078995
2.044117218263853         0.047583775609436336
2.111636252014495         0.049388601052815395
2.1178798658879683        0.04955243168525499
2.1202019398409044        0.049613245980841214
2.131858205576158         0.04991756710852389
2.133372740620418         0.04995699191085153
2.1354537664250643        0.05001111927731415
2.1528553681855715        0.05046175237034308
2.162628406682798         0.05071328336027747
2.1812470493172826        0.05118938601452686
2.181925536690013         0.05120665928265857
2.1924602639411366        0.051475681576149
2.218248171294601         0.052125306909969776
2.2248760918054           0.05229006407738411
2.2376410802851154        0.05260483348022645
2.2687881289892387        0.053358830715342746
2.2725363798068936        0.053448223322387425
2.2816618311151626        0.05366465065074676
2.28851847756873          0.0538261431369501
2.29660456221548          0.054015350831519385
2.3194390128303533        0.05453551052178003
2.337178375267518         0.05493217074796864
2.341309594594681         0.05502361331493949
2.3627175962498743        0.055502244497427446
2.3763923755586047        0.05580047436180169
2.391891565869829         0.05613079674608075
2.3996956222527595        0.05629414113410294
2.4126489617778613        0.05656086144950285
2.4227554969303986        0.05676514794073845
2.4312344540493758        0.05693395563350732
2.458651253996533         0.057463684229959934
2.4589973269196412        0.05747021350719989
2.4596785590014405        0.057483054696232924
2.479581812108241         0.05785152220304541
2.4882543384641918        0.05799931829412795
2.5021049026261792        0.05823026801012823
2.510568005341833         0.05836830396746295
2.5330633710666692        0.05874364846852075
2.56238841770987          0.05919450438811101
2.5659094349315783        0.05924571220549354
2.573721565351994         0.05935708787389933
2.5890374169301893        0.05956648090974789
2.5908957981448473        0.05959108061975427
2.62511196769491          0.060014590899948254
2.6300197453844465        0.06007062862658922
2.6392282342634235        0.06017258508539522
2.6434079721939017        0.0602183968284046
2.6782296045967673        0.060569400218839116
2.705105700712389         0.060773275018918806
2.7242480535077194        0.06090736227531864
2.7563501755259194        0.06108260430042365
2.768392677461394         0.06112819817079991
2.7805975720466023        0.06116319266378354
2.8048937391512037        0.061199250181456256
2.8120825409819528        0.061201342077983556
2.829050821546289         0.06119074686816597
2.8513746797956854        0.0611435688377873
2.864707395880479         0.06109733858689538
2.8671159462514515        0.061087570390099925
2.8869137171637567        0.0609908500295151
2.9123040053494265        0.06082393532303325
2.952045099312051         0.060465958564025236
2.972155292501217         0.06025865901057008
2.974156900818542         0.06023399360853343
2.983240516155016         0.06011865304887795
3.0126574614540624        0.0596632872311064
3.0134912691397675        0.05965012514215073
3.014224977902379         0.0596384937376663
3.020041351943967         0.05954961144582784
3.0256075434769363        0.05946120636224278
3.0460683432100795        0.05910601776927846
3.0511062208432427        0.05901184296584567
3.056818707957503         0.05890184491718873
3.1064748626067207        0.05780185427725615
3.1263493583421895        0.057289302508312843
3.1280126589119415        0.05724453293910624
3.1320736149930197        0.057134011790479555
3.1357381638093593        0.057032798111260045
3.158287792707335         0.05637906196023857
3.198028314990123         0.05509744991029913
3.2180788867759595        0.05438811521859179
3.2290971260610863        0.05399202920204792
3.2439499987506566        0.053441660893506715
3.2527132011861917        0.053108092355299855
3.2593143090215753        0.05284426804149163
3.282949630927211         0.05186516779081958
3.304529036708875         0.050911670863059984
3.315414289820075         0.050415820900127695
3.3407136084418867        0.0492248294706761
3.3494214638511806        0.04881137027556434
3.3720757344674346        0.04769568540878672
3.404214915792634         0.046013657197460894
3.4201120843221413        0.04513863827035753
3.4288381814762356        0.04464622567831778
3.4506565480704663        0.043377466814392626
3.4988726269457677        0.04038338517109504
3.509839476029563         0.03967256841199303
3.5110164721500823        0.03959567028962902
3.553513148782943         0.036731123895492254
3.5544336889677153        0.03666764337843721
3.573784771194145         0.03531915348430398
3.601061559942874         0.03337284258654763
3.6610829646728127        0.02890256115883379
3.6622562343270038        0.02881261861786087
3.6791826758016515        0.027501244882900643
3.690558770687464         0.026605383334197787
3.6937622826119147        0.026351005016985597
3.7176473686413036        0.02442524550033856
3.7324574717909362        0.02321498709165233
3.7339416496146143        0.023094612654378874
3.750060005096911         0.021779496172738597
3.768107658682545         0.02026457116306612
3.79896277781768          0.01764809757220471
3.8067642056757975        0.016981253032709365
3.8227121107850386        0.015611421681574998
3.8429151275865934        0.013863280947741068
3.877152834594376         0.010868018446322385
3.8829260571464053        0.010358897295887095
3.895364216473166         0.009258041570180894
3.9177225964906413        0.00726552713105009
3.923233357321744         0.0067746634803361626
3.935189722439109         0.0057066801330732265
3.948894796773356         0.004499033188496175
3.9524911667017086        0.004180568661511591
3.9567685203126084        0.0038028743312250746
3.9860838017017284        0.0011518444171045898
3.993338377015796         4.988699480479935E-4
3.997034218572809         1.6527700257226198E-4
3.997616040215737         1.1278450549868783E-4
3.9994475877983056        -5.241732743380698E-5
3.9997090640647683        -7.574436526458983E-5
3.9997992609536386        -8.37911697992549E-5
3.9998404219647257        -8.746331324306026E-5
4.042853130838959         -0.003929753927011912
4.056885873264055         -0.0051854270487439345
4.0573664237028595        -0.005228446141710891
4.058539933653762         -0.00533350447207463
4.0705428071148875        -0.00640848291322486
4.086463124353078         -0.007835496139033279
4.08862630326281          -0.008029496633836574
4.093037462061603         -0.00842653893854206
4.168347825308853         -0.015068636983530065
4.173472713260019         -0.015511262425248452
4.1761469994496965        -0.015741760575079436
4.183987920729566         -0.016415699469760604
4.187614873569307         -0.016726495953858334
4.239217535229641         -0.021055324789608417
4.24476729944467          -0.021513246571422673
4.247536076075376         -0.021741149258248504
4.252824254759535         -0.022175402564576133
4.270567153257181         -0.023628458709276625
4.312962310685312         -0.027027050613560463
4.336222701727482         -0.028855644320638318
4.3385023551398705        -0.029033411840885138
4.3407803302891           -0.0292107907687445
4.348258724318799         -0.02977860271536252
4.348771049700631         -0.029817271060850394
4.349230549240697         -0.029851927120457655
4.3493610951254045        -0.029861768716778023
4.37529963935094          -0.03180936505068936
4.394554138455305         -0.03322717004086228
4.411500776709234         -0.034445403907488084
4.413163835200544         -0.03456386199070135
4.41428809694723          -0.03464383139086601
4.434720770017545         -0.03608165952342061
4.439744768555963         -0.036430675605816316
4.462997024950138         -0.03802277834626907
4.476221208228741         -0.03891951340807012
4.509456793106114         -0.041089990825855204
4.516805677681996         -0.04155383863400739
4.529839502522954         -0.04236218855977327
4.545043882444755         -0.043282011198671914
4.559203711239782         -0.044116228137103766
4.56459250011358          -0.04442802653382828
4.577287182145035         -0.04515017343715141
4.618264989930246         -0.0473314900404289
4.64824158527611          -0.04886998820942459
4.649523217541634         -0.04893359954257188
4.6506699545248935        -0.04899038960066521
4.65579416488665          -0.04924270271013485
4.71176838364894          -0.05184408640279946
4.718312970937221         -0.05212972927860517
4.7216127573251985        -0.05227228072230467
4.754640828769155         -0.053562162760788505
4.757028386151736         -0.05365212949523085
4.757671391038058         -0.053676283356213494
4.759406318082386         -0.05374129432927528
4.761181848253731         -0.05380758520598141
4.766330728572132         -0.05399844106474844
4.76688737463898          -0.05401895142262188
4.767100397601276         -0.05402679417983607
4.771415084514265         -0.05418488864574454
4.773974537147689         -0.05427817882400549
4.774424088307127         -0.05429448839071079
4.807406803679273         -0.055428937753575845
4.809184856932319         -0.05548661066997946
4.814910101414667         -0.055669893313261
4.828915120692697         -0.056115905437970834
4.83938980483725          -0.05643281007597771
4.847814561148996         -0.05667733902302661
4.857769132373136         -0.05695437061488366
4.8598931929033204        -0.05701181359204473
4.866557857792152         -0.05718824255620775
4.86838229141888          -0.05723663358811867
4.870430690172228         -0.057290385571112
4.875570717473064         -0.05742431269879865
4.892632335802791         -0.057853040660745134
4.930299274592624         -0.058713422643879076
4.9445736713034485        -0.059008501516108626
4.947207339065208         -0.05906108410238806
4.978669396014598         -0.059644426157609585
4.994632361997152         -0.0599087707820719
4.998099066146929         -0.05996267981505769
5.010413139176109         -0.06014710052922689
5.019827467022378         -0.06027908355301378
5.021034711799941         -0.06029541216824617
5.067953418526763         -0.060825024651044446
5.069852243076898         -0.060842148388376226
5.083621802717609         -0.06095629199174443
5.084877141916119         -0.06096582123224766
5.087877638848387         -0.06098518488205878
5.089524372750641         -0.060995559133509264
5.089654343432866         -0.06099637030360461
5.16746707017564          -0.06128157444725911
5.218504796117795         -0.0612513043948045
5.223431946132634         -0.061239269019290776
5.239773918769655         -0.0611878639702333
5.250056998435157         -0.06114646932408232
5.261123093606564         -0.06109411479132668
5.273971519459409         -0.06102584319756606
5.276277351751606         -0.061012520098376224
5.28430309158324          -0.06096401364028502
5.319961292943378         -0.06068522448398064
5.353439139117871         -0.06035251092714334
5.36141587547467          -0.06026421496337509
5.370154141486515         -0.06016350502733492
5.390505309479607         -0.05991639733203285
5.4169014644317235        -0.05956674779641727
5.424381847390079         -0.0594616760934958
5.430195742916423         -0.05937818696041136
5.445532068125118         -0.05915029248404613
5.455833879712608         -0.05899097202523019
5.459643915110128         -0.058930778920273236
5.479522052390411         -0.05860561200181878
5.487601386924511         -0.05846811549765446
5.496259193306233         -0.05831971580573344
5.512512092455723         -0.05803458087005555
5.5177218428940575        -0.057941373672335
5.519806148882901         -0.05790383753829461
5.544098817102199         -0.05745598441734058
5.556661885054087         -0.05721688309846073
5.564663043549146         -0.057061942087374355
5.5814330997333075        -0.056730471268881394
5.588141079323526         -0.056595335501558354
5.600596247279887         -0.056340557618069075
5.607883317811542         -0.05618916845472645
5.614135166818726         -0.056057916477277425
5.67021850152632          -0.05485113699904029
5.670606729750229         -0.054842184186573543
5.70250538877257          -0.05412759707331673
5.704222114068931         -0.05408683213980274
5.720212653311849         -0.053705154829974344
5.735311672459426         -0.05334149129492901
5.746787997874259         -0.05306295935333119
5.759345240166681         -0.05275609375984297
5.762310320511157         -0.05268331487925317
5.768982643760332         -0.052519093115833373
5.791070606975948         -0.05197103612967785
5.795643580305584         -0.051856721131168695
5.806322324444231         -0.05158887605917165
5.8312620684147145        -0.05094988198870409
5.853029992865087         -0.05038361234064392
5.874626323950531         -0.049819146038354904
5.8876652414072765        -0.04947632504140219
5.896271333310327         -0.04924921887387218
5.899861948663326         -0.049154270138857245
5.9151636540023524        -0.04874834452858799
5.920231829154906         -0.048613433319938046
5.947557455965722         -0.04788394734493924
5.961507862677634         -0.04750934687472863
5.987004153259702         -0.046819627042704925
5.9985213210416894        -0.046505897073581076
6.00346410733423          -0.046370840399027585
6.010122337703886         -0.04619104906765278
6.012592118105983         -0.046124069867701706
6.01817100348969          -0.04597265378268972
6.020194974908512         -0.04591768037449
6.020283396180773         -0.045915278253128175
6.055304914467015         -0.04496058328671153
6.068838258487571         -0.04458875448355945
6.071196320252795         -0.044523950581439514
6.09973278408559          -0.04373933637664433
6.1052908276141755        -0.04358643562466061
6.130379676808266         -0.04289591516029968
6.130764617305562         -0.04288531622251915
6.130867978216498         -0.04288247026520471
6.130961589332964         -0.0428798927524943
6.1563274974516125        -0.042181183386441036
6.19197263004252          -0.041194181410336816
6.193880282535589         -0.041141642877311174
6.1939790968064505        -0.041138922225195274
6.194207723284174         -0.041132627751674235
6.1960909531432105        -0.04108103826962545
6.226507406068983         -0.040247761851339325
6.233975168580176         -0.04004316561847979
6.234267872350432         -0.04003514623646613
6.2344830170593335        -0.040029251782067926
6.2373231928728705        -0.03995143732116577
6.2396215654359315        -0.03988846653345002
6.270922108181698         -0.03902822472118905
6.287440551390338         -0.038575572253985495
6.31881446478302          -0.037718364945895214
6.322604801216863         -0.037615028449686436
6.336502890993674         -0.03723653630768501
6.344036728631681         -0.037031635939903704
6.355860025984466         -0.03671099589676301
6.373654612432167         -0.03622926129350521
6.393521608577767         -0.03569261906800569
6.3993040163479975        -0.03553677494830589
6.410896005853319         -0.03522521274236238
6.430820939189304         -0.034692359415599706
6.437240795008307         -0.03452139379649662
6.449215992641512         -0.03420342410255492
6.452125299523694         -0.03412657079916536
6.458771222781027         -0.03395110474865906
6.46786309359402          -0.033711274846100696
6.472277111670678         -0.03359455663770477
6.472353991534369         -0.03359252456002371
6.506987033560424         -0.03267998983736478
6.511644933122585         -0.03255769896641891
6.541527475120935         -0.031775621104274565
6.542729931818956         -0.031744240310554186
6.546517330212035         -0.03164544498056131
6.5468013517528725        -0.03163803897178688
6.556425844245537         -0.031387303893219504
6.55941515132533          -0.031309517514862176
6.571397315519105         -0.030998153054253356
6.577442949508489         -0.03084116055755744
6.609120679262002         -0.030021369111604367
6.627933358747706         -0.029539275442625766
6.6488295039944685        -0.02900708307832904
6.657115005866854         -0.02879702352793742
6.657426781492922         -0.028789129819985534
6.65778198132424          -0.028780137613929477
6.657864740436101         -0.0287780426357203
6.6727284249498275        -0.028402662249470762
6.673471039448335         -0.028383953601331675
6.7026689520527905        -0.02765400940732709
6.707489455243877         -0.0275342795714593
6.715923215007502         -0.027325338195644033
6.718986327597652         -0.027249293839143596
6.762991340215751         -0.026162283996693934
6.7686072475411345        -0.026024293592596642
6.780292282992755         -0.02573770865586661
6.7901460688103725        -0.025496132535423415
6.7992038531600905        -0.025274877214587023
6.800369532972569         -0.02524645912006704
6.806308913406086         -0.02510218897493509
6.821583574921649         -0.02473241134293591
6.837209152681371         -0.024356001950626878
6.847239550058267         -0.02411536975482963
6.865952157593853         -0.023668524541275486
6.869277983304262         -0.023589388803954087
6.882151927409496         -0.02328386703400769
6.909449581313828         -0.022640276885429637
6.910253692071623         -0.022621405770733613
6.932517429282538         -0.02210089570942661
6.951638232684215         -0.021655261503989935
6.961019035757874         -0.02143746525154509
6.9727972773535285        -0.02116478550645238
6.984543501999645         -0.020893710041937442
6.98951203739853          -0.020779336305423727
6.992520907117318         -0.020710158470056732
7.018868139006685         -0.020107431993174947
7.031701706615427         -0.01981539258128551
7.050290062281134         -0.01939419218495895
7.069130822080526         -0.018969438957661722
7.0760446287606165        -0.01881411852106068
7.096315023962862         -0.018361093343970125
7.110321141882931         -0.01804997774575129
7.127720606691614         -0.017665686615279976
7.132293480741614         -0.01756494704559715
7.14367485193669          -0.01731468497097391
7.157707370204771         -0.017007045515083204
7.163361601784936         -0.01688337250377643
7.184400009287666         -0.016424652444098194
7.225505747137707         -0.015534961397804697
7.228670376919895         -0.015466826914724882
7.2364757183665605        -0.015298998318945371
7.258478876692399         -0.014827580016458348
7.280495056936274         -0.014358377482920162
7.296345331838323         -0.014021893646117636
7.306268431284398         -0.013811871427681708
7.309887314634276         -0.013735518953920122
7.317580322102023         -0.013573477922629282
7.3195744424513505        -0.013531547424644944
7.320659569724602         -0.013508675137519405
7.348978502115054         -0.012916241546575806
7.370915745126348         -0.012459363235481987
7.371508960676726         -0.012447035188396521
7.373515836297367         -0.012405339227974576
7.40064434909269          -0.011843276410586495
7.432450910388344         -0.011188024720875765
7.434708127969863         -0.011141676583534698
7.451521477662598         -0.010797081548453978
7.482096789930161         -0.01017331639781986
7.493986075650337         -0.009931769311938699
7.502757158720099         -0.009753618631314425
7.52269904892473          -0.009350893785767731
7.546380380911196         -0.008875298076737021
7.562379121193292         -0.008554305111867886
7.572083938762926         -0.008360012951804458
7.579447312491091         -0.008212809428718729
7.583153927810315         -0.008138778698107137
7.5943748471049375        -0.007915336362060653
7.613330434911591         -0.007538516595260537
7.644230542516931         -0.006925982794008465
7.65405070940286          -0.006731766921202155
7.7129238841121825        -0.00557196463467568
7.71454591586966          -0.005540120915079305
7.724443181078237         -0.005345946038588579
7.724947490995404         -0.005336057858279992
7.728785457826831         -0.005260824242795588
7.738470850808782         -0.005071125869293471
7.741765756301803         -0.0050066530150611925
7.752952164730863         -0.004787935058756374
7.8088523198144255        -0.0036990568942632624
7.8109039108893565        -0.0036591363280442536
7.813584420264689         -0.0036070568760551906
7.850611829501897         -0.0028883058259967123
7.861093290429582         -0.0026849164176704294
7.8761357177520175        -0.0023932176283853104
7.885163445313966         -0.002218264517314055
7.89501399525143          -0.00202745980733957
7.905349116107331         -0.0018273747840112954
7.912900879509411         -0.0016812432809404526
7.93806785887601          -0.001194663571472862
7.93888119408363          -0.0011789492221383091
7.944199972937125         -0.0010762022923184057
7.990449732709368         -1.8397635614237953E-4
8                         2.6306738696158503E-18
